1.000000000000000021e-03 2.839578382523074319e-10 1.820282686392860435e-26 1.834497387695501908e-38 2.080138408740040123e-51 1.831093070541537052e-65 1.270862422828397683e-81 1.319122508663040929e-101 4.116237900843133386e-126 1.496337642780452977e-162 6.428661680894439853e-228
1.437458193979933296e-02 3.473503262493900841e-10 4.104715861623720883e-25 1.739514000816078632e-36 7.971613517896772116e-49 2.884538019438666157e-62 9.345658717758554899e-78 6.020924797383820748e-97 1.609883817442126612e-120 1.268503119336991604e-155 1.079641983937711638e-218
2.774916387959866504e-02 4.064328594922307694e-10 7.460371598146175590e-24 1.244777557647276201e-34 2.165614556749838135e-46 3.026312656698598459e-59 4.279236111359987812e-74 1.581179060363262813e-92 3.303762180486655882e-115 4.950566710902830005e-149 6.680641448619584594e-210
4.112374581939799711e-02 4.586912264404018842e-10 1.108501526919354931e-22 6.842507875462067769e-33 4.259631090176653114e-44 2.167003741574708158e-56 1.254803219471748475e-70 2.467662219063690525e-88 3.692571335351113125e-110 9.296763463624746133e-143 1.610969316091554808e-201
5.449832775919732919e-02 5.028883031120860918e-10 1.363857067887526653e-21 2.936263204965679568e-31 6.184246075755274501e-42 1.083049010477825038e-53 2.417917239621941395e-67 2.357762996927474081e-84 2.326365995799077665e-105 8.751371130971537812e-137 1.594584355473980569e-193
6.787290969899666127e-02 5.389387575654880949e-10 1.406019396481336867e-20 9.984044034063516609e-30 6.746578867566738580e-40 3.857582440608115709e-51 3.135988055797285070e-64 1.417896036017236989e-80 8.529988809198664660e-101 4.289732764162947424e-131 6.800487527494120075e-186
8.124749163879599334e-02 5.675303153719339670e-10 1.227921474887700107e-19 2.727537026921442060e-28 5.623195282852139756e-38 9.983388842579042571e-49 2.799489157891195174e-61 5.507189188000367712e-77 1.875450346319600957e-96 1.134599443332948572e-125 1.307457883432967475e-178
9.462207357859532542e-02 5.897210851944873063e-10 9.177941889688681414e-19 6.064536645344330906e-27 3.636795800855705958e-36 1.911572041190969482e-46 1.756366695671542677e-58 1.415241100053162548e-73 2.542535824879284261e-92 1.674013683912913011e-120 1.182245308943170665e-171
1.079966555183946575e-01 6.066331059822659969e-10 5.927281490480367696e-18 1.110765579961841768e-25 1.851732471684015900e-34 2.754174225071928447e-44 7.896836024481829733e-56 2.461164097015667591e-70 2.181577144899149136e-88 1.421352761831808405e-115 5.231297957976786975e-165
1.213712374581939896e-01 6.192785515362361203e-10 3.337093922673243189e-17 1.694866686176136448e-24 7.523815881547573914e-33 3.033493091401531439e-42 2.591297006695858426e-53 2.958211583589422447e-67 1.214041048665177803e-84 7.150562267954440891e-111 1.175665230784800283e-158
1.347458193979933216e-01 6.284973070198325121e-10 1.651583273902439935e-16 2.177259502576879282e-23 2.470569670332174501e-31 2.592205117539526637e-40 6.312894861232816801e-51 2.506607919351957937e-64 4.483389730193819830e-81 2.190549688958942577e-106 1.389572091864907944e-152
1.481204013377926398e-01 6.349617014243910267e-10 7.241655992730755176e-16 2.378080928788160723e-22 6.634429863457751300e-30 1.742562511739322475e-38 1.160225364711723404e-48 1.525337916432480711e-61 1.122596476398625388e-77 4.192641036616159456e-102 8.925357913643459972e-147
1.614949832775919858e-01 6.392075428123896910e-10 2.833706666078615293e-15 2.228919293229109553e-21 1.473269876054131979e-28 9.335591733489855854e-37 1.632983757938928096e-46 6.783052666705497096e-59 1.944670710661371405e-74 5.135841281874395200e-98 3.212779301557982965e-141
1.748695652173913317e-01 6.416655234566893627e-10 9.963926464688636621e-15 1.808307356522316138e-20 2.733743198365637530e-27 4.034808289180567905e-35 1.785129232607337591e-44 2.240574794460926637e-56 2.375216352463852034e-71 4.118712277319792209e-94 6.671306242070747516e-136
1.882441471571906499e-01 6.426817667403639190e-10 3.168575360992698415e-14 1.280227495586872166e-19 4.280316783585913606e-26 1.422986836318995518e-33 1.535876097439940928e-42 5.582592081925162780e-54 2.082237720173195636e-68 2.208956170640535759e-90 8.211755767387176402e-131
2.016187290969899681e-01 6.425253284203585511e-10 9.168309056777173703e-14 7.969859757921263832e-19 5.707218226265554828e-25 4.139466260300531251e-32 1.053042556315213441e-40 1.064444464501673352e-51 1.332303320991496556e-65 8.083367299568016246e-87 6.147302032268086164e-126
2.149933110367893141e-01 6.413837496428005276e-10 2.427658131018799595e-13 4.394149900946973789e-18 6.536583086274482311e-24 1.003326178389138863e-30 5.821320762353539516e-39 1.574411567822911492e-49 6.320758614333492925e-63 2.056706410317860183e-83 2.867079666296748256e-121
2.283678929765886600e-01 6.393479906758327304e-10 5.914255093467987835e-13 2.160162820060230470e-17 6.483041817476794640e-23 2.045609799119848883e-29 2.623408749768493338e-37 1.829673540922727328e-47 2.256718587708474787e-60 3.703805801476305634e-80 8.522825906597242729e-117
2.417424749163879782e-01 6.363884052638407747e-10 1.332413033954050300e-12 9.528845032459665119e-17 5.610798943809900986e-22 3.539748184119355082e-28 9.738294770977688046e-36 1.690903373079316099e-45 6.149001795633209010e-58 4.800637898215794836e-77 1.649821463555340066e-112
2.551170568561872964e-01 6.323258693670017257e-10 2.789311801821404640e-12 3.794294979507223601e-16 4.267868029728027689e-21 5.242650991615916675e-27 3.006877010126963339e-34 1.256848884227290322e-43 1.295629072257629420e-55 4.549782243146257101e-74 2.122250079340424090e-108
2.684916387959866424e-01 6.268067920579133844e-10 5.450769006210392911e-12 1.371529939841310802e-15 2.872630907810738972e-20 6.698967280535120786e-26 7.794072781658156002e-33 7.594778296610631774e-42 2.137525534696164987e-53 3.200395151561472220e-71 1.849138826101764096e-104
2.818662207357859883e-01 6.192954576886631486e-10 9.986242148063228990e-12 4.524504576598724466e-15 1.721889469321498863e-19 7.440390249920729615e-25 1.710813218158681128e-31 3.768785795276663820e-40 2.793825651834744955e-51 1.694563237373164163e-68 1.111232394194565948e-100
2.952408026755852788e-01 6.090986786145327639e-10 1.722326685640407449e-11 1.369014067671423607e-14 9.247076694471327144e-19 7.234082339591118646e-24 3.206205236268276083e-30 1.550542350999051817e-38 2.925257972649998464e-49 6.844404861038026032e-66 4.685145860099894136e-97
3.086153846153846247e-01 5.954332577932267018e-10 2.807327292733685759e-11 3.817471471754288106e-14 4.474537327104909111e-18 6.198239187594918528e-23 5.170035934041301954e-29 5.336713749652049378e-37 2.479478512329592121e-47 2.135522376244191092e-63 1.408455701792541174e-93
3.219899665551839707e-01 5.775358361656666509e-10 4.340525994159924493e-11 9.854235397578888183e-14 1.961418616403210267e-17 4.709634000813440035e-22 7.225813254507257577e-28 1.549779715705482281e-35 1.718280322873019929e-45 5.208756766928394056e-61 3.065546725056106267e-90
3.353645484949833167e-01 5.548002319663408490e-10 6.388303271724335476e-11 2.364793771712832332e-13 7.828474563228041750e-17 3.192468262624092932e-21 8.814030578724306153e-27 3.827969985660807926e-34 9.827402796754407690e-44 1.004429114755756878e-58 4.901256267194139036e-87
3.487391304347826626e-01 5.269147815174466902e-10 8.979637516046030544e-11 5.297039060814813250e-13 2.858613297185510264e-16 1.941479290538658635e-20 9.444914704283992155e-26 8.103598045148354328e-33 4.680045409095387948e-42 1.547723832163489405e-56 5.835803268716240897e-84
3.621137123745819530e-01 4.939669924633338690e-10 1.209236051696395841e-10 1.111724879949406134e-12 9.593564010974411346e-16 1.064927945949840420e-19 8.946346781086463255e-25 1.480913697169945199e-31 1.871452674098877381e-40 1.925068805663052154e-54 5.242469168840622334e-81
3.754882943143812990e-01 4.564879353506421675e-10 1.564592529072000776e-10 2.194087616588988663e-12 2.971809633048073867e-15 5.295173746690597979e-19 7.534651299186146513e-24 2.352285458404355463e-30 6.334085946856956954e-39 1.951363259806095040e-52 3.597239930135030202e-78
3.888628762541806450e-01 4.154229982498065131e-10 1.950272133732419202e-10 4.085915908095836453e-12 8.531989948842953287e-15 2.398216470935213152e-18 5.673639173496298828e-23 3.268654527731217826e-29 1.828284769399671824e-37 1.626725253675066910e-50 1.907581073882796105e-75
4.022374581939799354e-01 3.720340495039921628e-10 2.347812522378863018e-10 7.202975492801688817e-12 2.279017557441131797e-14 9.938296262006385571e-18 3.839961272367610980e-22 3.997890343488290587e-28 4.532809479336987590e-36 1.124908520231471371e-48 7.904971874325076768e-73
4.156120401337792813e-01 3.277544102477752626e-10 2.735770423484637259e-10 1.205743251270235116e-11 5.684677855418532974e-14 3.784568145289508868e-17 2.347608875594789914e-21 4.329147185516506807e-27 9.718615040325796465e-35 6.505780131920860376e-47 2.587033644195342141e-70
4.289866220735786273e-01 3.151162603550784765e-10 3.430305240348461940e-10 2.132504233635745063e-11 1.474167063100333336e-13 1.475306113460141506e-16 1.445190904925489716e-20 4.630114836976192365e-26 2.012171184419870878e-33 3.518394339442491338e-45 7.492917021817130329e-68
4.423612040133779733e-01 2.686646594252220819e-10 3.766927599017455842e-10 3.246283904779059987e-11 3.239533825360712056e-13 4.801400131837762962e-16 7.310640554038919552e-20 3.994419722725595522e-25 3.288410954604113125e-32 1.456248176763198198e-43 1.575294704293223626e-65
4.557357859531773192e-01 2.254495269455364631e-10 4.025817623349229906e-10 4.731270731620786569e-11 6.714050819891845813e-13 1.452712929271881737e-15 3.385949904560762682e-19 3.099278320436605465e-24 4.733737136837635008e-31 5.153805467538685760e-42 2.691403130254946206e-63
4.691103678929766096e-01 1.863042132007360434e-10 4.193305135165386397e-10 6.617887783493110336e-11 1.316267192420210028e-12 4.100470461701250392e-15 1.441655599930788810e-18 2.173033352439118174e-23 6.035585133929229739e-30 1.570065476859128606e-40 3.769150019552393924e-61
4.824849498327759556e-01 1.517075357049640994e-10 4.262371954650924672e-10 8.904337378160535085e-11 2.447854452463957847e-12 1.083353810390755787e-14 5.664641868727159171e-18 1.383004744838374303e-22 6.851947967297065650e-29 4.143416851490690480e-39 4.362312018317241398e-59
4.958595317725753016e-01 1.218142944224413208e-10 4.232930428850382559e-10 1.154918068117288550e-10 4.329828407884238712e-12 2.687568453780229552e-14 2.061605090765570214e-17 8.023970638255273944e-22 6.960798667241230866e-28 9.529524541452280164e-38 4.205221720829392232e-57
5.092341137123745920e-01 9.651411458789548001e-11 4.111358764526944027e-10 1.446882764125475999e-10 7.302980442606231459e-12 6.279197225359631570e-14 6.973897641660089008e-17 4.261182636874515354e-21 6.357996521639335575e-27 1.921101354380951966e-36 3.401645038450952022e-55
5.226086956521739380e-01 7.550279693234253574e-11 3.909414037180691938e-10 1.754099901444824217e-10 1.177379626472930712e-11 1.385617299835737413e-13 2.200011630372292777e-16 2.079351347336843686e-20 5.245228303115817506e-26 3.413277011712230416e-35 2.325378973042499524e-53
5.359832775919732839e-01 5.835317190701475951e-11 3.642712772490381360e-10 2.061409734725819950e-10 1.818471179360624101e-11 2.895715610146970845e-13 6.492729788192712106e-16 9.358021867937356598e-20 3.925224169932980627e-25 5.372771895284983079e-34 1.352495652972566481e-51
5.493578595317726299e-01 4.457678970873660505e-11 3.329006739522481784e-10 2.352128636261881439e-10 2.696513794767532317e-11 5.745970226459588797e-13 1.798007375895986917e-15 3.897844450957615605e-19 2.675500851486431365e-24 7.529879834681288687e-33 6.736152967941222764e-50
5.627324414715719758e-01 3.511035715693450369e-11 3.114041513869549910e-10 2.721185839428461589e-10 4.010981543342971060e-11 1.131609811334777323e-12 4.885729211320653298e-15 1.572055697033779493e-18 1.738808114845613324e-23 9.843771830755840046e-32 3.014074361429590440e-48
5.761070234113713218e-01 2.623325928361266071e-11 2.744712368820027825e-10 2.939897136364656113e-10 5.515098594956511659e-11 2.039113792691620943e-12 1.201439921740726258e-14 5.664640989100643886e-18 9.947120456872811830e-23 1.109051675994365882e-30 1.120930931314248005e-46
5.894816053511705567e-01 1.939223400174752319e-11 2.378816538869253361e-10 3.096797791761478712e-10 7.322494984939642273e-11 3.513388828680265450e-12 2.795172903644571904e-14 1.907327460052190987e-17 5.241478854319439984e-22 1.127703232537660296e-29 3.633131297420336216e-45
6.028561872909699026e-01 1.418530128414059061e-11 2.028959669616035136e-10 3.184424501079590060e-10 9.403883695444956754e-11 5.800522682977929953e-12 6.167824846103432781e-14 6.018513247160200491e-17 2.552686835116438835e-21 1.039147380263985040e-28 1.031766228833702876e-43
6.162307692307692486e-01 1.026930999653610969e-11 1.704436277847836915e-10 3.200268772719188815e-10 1.170022882448373049e-10 9.194630348314433882e-12 1.293914056033123740e-13 1.784719210495053489e-16 1.152757756183006768e-20 8.711732336071891351e-28 2.580455370816318552e-42
6.296053511705685946e-01 7.358353510986393625e-12 1.411290189846020238e-10 3.146681052616642619e-10 1.412462475384657714e-10 1.402017641469725837e-11 2.586515408157209642e-13 4.986765391942586363e-16 4.841964540300235534e-20 6.669699254349868709e-27 5.711427510734191796e-41
6.429799331103679405e-01 5.219107229220159139e-12 1.152648138480751988e-10 3.030261077058382260e-10 1.656815093781434218e-10 2.060194010731850048e-11 4.937444075547825950e-13 1.316245370052918452e-15 1.897293121742151115e-19 4.679927514409691295e-26 1.123961279535886415e-39
6.563545150501672865e-01 3.664613000986779404e-12 9.292205876047820223e-11 2.860872303758624512e-10 1.890906788003339297e-10 2.922408306640661062e-11 9.019138089165439492e-13 3.289847227389782434e-15 6.955141410268072776e-19 3.019890449877472616e-25 1.975390177762856298e-38
6.697290969899666324e-01 2.547543641878530270e-12 7.398720186439178577e-11 2.650452563189560168e-10 2.102410714440009232e-10 4.008257169985010612e-11 1.579649196767564344e-12 7.804438781685681849e-15 2.391728142009244439e-18 1.797981640282393963e-24 3.113878556829929340e-37
6.831036789297659784e-01 1.814774139484144884e-12 6.024926274053859957e-11 2.495930531760824402e-10 2.359563620954042577e-10 5.509485756394800508e-11 2.750418196899738452e-12 1.822591798559389602e-14 8.005138248710621563e-18 1.025355508203697878e-23 4.574697896449778649e-36
6.964782608695653243e-01 1.237115583214606216e-12 4.687524540126007313e-11 2.232704522797965281e-10 2.498759210508389195e-10 7.096664203933590372e-11 4.453220571955776841e-12 3.920626343580982485e-14 2.441006158492222801e-17 5.245374900299260582e-23 5.871475648249724437e-35
7.098528428093645593e-01 8.353178266633935442e-13 3.607634875594053362e-11 1.965047325308542585e-10 2.586782882346962388e-10 8.877186244354146582e-11 6.950595342477901056e-12 8.055889717378166753e-14 7.034523321871849449e-17 2.498216366589678109e-22 6.838689529824875029e-34
7.232274247491639052e-01 5.587696609814580127e-13 2.747658370693844323e-11 1.702968514182591147e-10 2.620525037222806108e-10 1.079793541100404963e-10 1.047488923122606686e-11 1.584190382956126410e-13 1.920230378851460357e-16 1.110780871431424722e-21 7.254293933869976889e-33
7.366020066889632512e-01 3.703818597527687975e-13 2.071646415470574320e-11 1.454335737663180557e-10 2.600393889499479124e-10 1.278754841332425691e-10 1.526615526041945269e-11 2.987065867251044779e-13 4.975890462350606901e-16 4.622901008475078513e-21 7.032417802830136431e-32
7.499765886287625971e-01 2.433369376280410867e-13 1.546725592550285245e-11 1.224793170697300718e-10 2.530018142101743207e-10 1.476128746788238176e-10 2.154780031447062261e-11 5.410022377491803807e-13 1.226574764332279199e-15 1.805443249108870097e-20 6.250719059927716538e-31
7.633511705685619431e-01 1.584971855464683614e-13 1.143855547073455623e-11 1.017884488706385758e-10 2.415659956546193315e-10 1.662780986423249200e-10 2.949699225909044553e-11 9.427799156075758921e-13 2.881992801649375631e-15 6.632631174297421950e-20 5.110231302700241968e-30
7.767257525083612890e-01 1.023789718993479848e-13 8.380921172372984708e-12 8.353159750160761522e-11 2.265444655599148467e-10 1.829697748020284813e-10 3.921317590698387378e-11 1.583386369963506781e-12 6.466990320885454296e-15 2.297349609819089904e-19 3.854336370369686017e-29
7.901003344481606350e-01 6.764722602867933648e-14 6.275032179339696268e-12 6.984375746352204809e-11 2.153711069793789054e-10 2.030220269500194736e-10 5.227125351856636677e-11 2.647005720355817476e-12 1.431765525590865662e-14 7.753921264521969417e-19 2.773736709508329997e-28
8.034749163879598699e-01 4.301028017682773273e-14 4.515778041233779838e-12 5.598502263916918100e-11 1.953386870890738770e-10 2.138192328999887534e-10 6.578004962346986125e-11 4.148254201350895215e-12 2.946285945674798183e-14 2.403245395007860308e-18 1.795970243697772266e-27
8.168494983277592159e-01 2.714305793005773368e-14 3.221600129787602232e-12 4.438663250205311973e-11 1.744363574417701053e-10 2.206159968939016457e-10 8.068044239231225736e-11 6.293411510603015962e-12 5.821023855781112563e-14 7.067972061174353846e-18 1.081831785324152028e-26
8.302240802675585618e-01 1.700763424327496379e-14 2.278834204973735540e-12 3.482327236693907512e-11 1.534799172723748012e-10 2.232003295682398819e-10 9.655032905110363956e-11 9.255689330981366565e-12 1.106003453697268738e-13 1.976356217120241335e-17 6.077999286938200339e-26
8.435986622073579078e-01 1.058431544164971170e-14 1.598583656661240364e-12 2.704622118343754286e-11 1.331480819112800889e-10 2.216078167126938564e-10 1.128483800468629469e-10 1.321289464070330671e-11 2.024091173747595625e-13 5.264163802303555995e-17 3.192796670614328469e-25
8.569732441471572537e-01 6.544105706618950578e-15 1.112295614498521581e-12 2.080312857427287514e-11 1.139659241809172288e-10 2.161013365187061481e-10 1.289481501625209147e-10 1.833126249202967679e-11 3.573370038344546529e-13 1.338059428396513497e-16 1.571877974380403211e-24
8.703478260869565997e-01 4.021059762832749763e-15 7.678034307485853488e-13 1.585205126738097309e-11 9.630403810747753925e-11 2.071321378437781457e-10 1.441830251395792786e-10 2.474602153743045189e-11 6.094431674983846421e-13 3.251328618930747234e-16 7.269262645921406425e-24
8.837224080267559456e-01 2.456212533057312941e-15 5.259085099345075871e-13 1.197051304219540289e-11 8.038971847974278182e-11 1.952887477838703264e-10 1.578969274633114435e-10 3.254063347439079081e-11 1.005552717798286746e-12 7.565095946256131366e-16 3.164714161242032751e-23
8.970969899665552916e-01 1.491959445514229030e-15 3.575105617358231759e-13 8.960538328262206816e-12 6.632612300943559414e-11 1.812407148955083397e-10 1.694949288678395146e-10 4.172724090009685883e-11 1.607233779236187167e-12 1.688251812153051321e-15 1.299760137318693077e-22
9.104715719063546375e-01 9.291195916304160166e-16 2.486605962507632978e-13 6.854765375271173512e-12 5.577668166503051385e-11 1.707692103490761040e-10 1.839666087634730414e-10 5.383429080325282806e-11 2.568323370135399725e-12 3.730215871792425345e-15 5.200958622349207122e-22
9.238461538461538725e-01 5.585669926559095539e-16 1.666090047248698834e-13 5.045838279122184758e-12 4.502519897649610179e-11 1.538733059283437117e-10 1.901914574965618974e-10 6.584234250436271267e-11 3.867226978132353389e-12 7.692985932651871442e-15 1.912401012064825335e-21
9.372207357859532184e-01 3.342104317739526201e-16 1.108636714751957445e-13 3.684547608085069612e-12 3.597650944194313263e-11 1.367473911166320196e-10 1.931781904282112673e-10 7.875688288893858058e-11 5.662138266260912517e-12 1.528538116570306566e-14 6.672544553172804540e-21
9.505953177257525644e-01 1.990786805265639774e-16 7.327862555144083957e-14 2.669549263770526851e-12 2.846584260918717567e-11 1.199325838130110777e-10 1.929044365000621931e-10 9.221234365375515253e-11 8.070369717024163294e-12 2.930095151225412852e-14 2.213105916514245276e-20
9.639698996655519103e-01 1.180878111810789598e-16 4.812404692324983365e-14 1.919479972306187584e-12 2.231198473152302303e-11 1.038642570993073484e-10 1.895102484588579602e-10 1.057714359696105366e-10 1.121036770336159891e-11 5.426172970394737312e-14 6.989775849933113986e-20
9.773444816053512563e-01 6.977069027462798029e-17 3.140829028450626435e-14 1.369958339898844578e-12 1.733070272398732173e-11 8.886737849644618134e-11 1.832766265298405539e-10 1.189515907808687738e-10 1.519222530184777275e-11 9.720173107213252224e-14 2.105711862916307398e-19
9.907190635451506022e-01 4.107117303759413710e-17 2.037628231204140737e-14 9.707194942061642970e-13 1.334445308173180293e-11 7.516066816514737178e-11 1.745950051232513091e-10 1.312567341191074515e-10 2.010667517014386148e-11 1.686418994603256514e-13 6.060479794860655859e-19
1.004093645484949837e+00 2.409363188292481331e-17 1.314333119019233643e-14 6.830086575882782329e-13 1.018882492098865407e-11 6.286715848419258780e-11 1.639316760465458483e-10 1.422111646353535179e-10 2.601354228369291814e-11 2.837215922215408621e-13 1.669013116123039411e-18
1.017468227424749072e+00 1.408866581602500515e-17 8.431152272781816348e-15 4.772958914275437635e-13 7.716290941666495989e-12 5.202873201792486668e-11 1.517910897655233729e-10 1.513920790627582431e-10 3.293086310509763651e-11 4.634058979143163876e-13 4.404586916266883681e-18
1.030842809364548529e+00 8.471546318462892280e-18 5.548747073798268053e-15 3.417323254884164042e-13 5.979890704375471086e-12 4.396060673162261130e-11 1.430353689821843779e-10 1.634323009854863940e-10 4.210768112567409607e-11 7.587317376521276554e-13 1.150517143949928073e-17
1.044217391304347764e+00 4.925213071851069416e-18 3.522727713319644989e-15 2.356971346357241657e-13 4.458971641136654800e-12 3.566266404739291507e-11 1.290124305152260102e-10 1.682899326633925254e-10 5.116709492272897426e-11 1.171917355500735729e-12 2.800116331658354736e-17
1.057591973244147221e+00 2.856095117568628319e-18 2.225680324113659010e-15 1.615476505786470786e-13 3.300337435781746934e-12 2.866067036559187501e-11 1.149353978720730145e-10 1.705875194258817432e-10 6.099085131404628725e-11 1.763080990664652832e-12 6.557834758914327850e-17
1.070966555183946456e+00 1.652315646182692689e-18 1.399725975845024353e-15 1.100547020815678462e-13 2.425265200656031249e-12 2.282646991883819321e-11 1.011857974113417438e-10 1.703148993978645126e-10 7.136962325279507120e-11 2.586183302574657898e-12 1.479814669690257342e-16
1.084341137123745691e+00 9.538281334265752340e-19 8.764256406395818182e-16 7.453528423557501467e-14 1.769815844472389844e-12 1.802264409088661270e-11 8.807031640592379038e-11 1.675758665164620119e-10 8.204451450326091432e-11 3.702454205502305917e-12 3.221501142420750124e-16
1.097715719063545148e+00 5.495216477050334591e-19 5.464776268864942858e-16 5.019314953185761402e-14 1.282779433954401367e-12 1.411119452383080682e-11 7.581864556672934470e-11 1.625741108741029189e-10 9.271898575181368567e-11 5.178237693704317696e-12 6.773863358227417097e-16
1.111090301003344383e+00 3.160200773107173395e-19 3.393957526850905115e-16 3.361553906999886060e-14 9.236664626217965077e-13 1.095983600781958470e-11 6.458665488775289113e-11 1.555933759258235217e-10 1.030741529525574945e-10 7.081775826765531951e-12 1.377358797272245977e-15
1.124464882943143840e+00 1.814405175728583792e-19 2.099937922489113118e-16 2.239404355960401142e-14 6.608448743287744634e-13 8.446189054385063189e-12 5.446348702215308112e-11 1.469741518030148762e-10 1.127862073822405038e-10 9.479036579156821290e-12 2.711306544951665806e-15
1.137839464882943075e+00 1.040195934110066603e-19 1.294671748968190666e-16 1.484243453251907746e-14 4.698779633575436020e-13 6.460232201101047963e-12 4.548114948828229721e-11 1.370892464227388005e-10 1.215445136368366492e-10 1.242882985919724107e-11 5.172531987322222007e-15
1.151214046822742532e+00 6.166115765634140034e-20 8.236384843252512861e-17 1.013506547801817794e-14 3.438239520665383483e-13 5.078778315030690148e-12 3.895524926985038591e-11 1.307853285634718007e-10 1.336310474752824688e-10 1.654233293823040849e-11 9.912042455049352308e-15
1.164588628762541767e+00 3.526291407736696293e-20 5.044851541462827589e-17 6.652846463546696411e-15 2.415786709511319574e-13 3.829342640038060151e-12 3.193665041924942370e-11 1.191033953969608832e-10 1.399010422662095689e-10 2.086659968906055881e-11 1.781676644943062549e-14
1.177963210702341001e+00 2.014575571573119370e-20 3.080781179346298059e-17 4.347254488941735767e-15 1.687775188342921432e-13 2.867642320683651421e-12 2.595562374716621389e-11 1.072420990205901922e-10 1.444673721193063032e-10 2.584811771614216693e-11 3.113248507146975323e-14
1.191337792642140458e+00 1.149921624669607913e-20 1.876081982570891351e-17 2.828327031085617058e-15 1.172680603692429797e-13 2.133305424524183042e-12 2.091843458160519791e-11 9.551172747222790890e-11 1.472144031288798222e-10 3.146772505885448946e-11 5.293366925940112863e-14
1.204712374581939693e+00 6.558887262691780185e-21 1.139453723003327994e-17 1.832442798649348390e-15 8.104549306597549484e-14 1.576869711287151839e-12 1.672292981024965919e-11 8.417169122245319639e-11 1.480977526547323046e-10 3.767787420192393818e-11 8.765662417791213220e-14
1.218086956521739150e+00 3.738736197128977572e-21 6.903487525175992189e-18 1.182484531123451338e-15 5.572321207814323967e-14 1.158342885970166758e-12 1.326490687224331164e-11 7.342683543599049996e-11 1.471433380256506347e-10 4.440233436260816637e-11 1.415014520561883979e-13
1.231461538461538385e+00 2.130126192669720397e-21 4.172900955890293836e-18 7.601536505063334978e-16 3.812194529252770696e-14 8.457806361041368778e-13 1.044290983671273397e-11 6.342760142439789822e-11 1.444422833881314452e-10 5.153773131899148152e-11 2.228627936130164810e-13
1.244836120401337842e+00 1.213172454078959520e-21 2.516944695010641173e-18 4.868815994343805611e-16 2.595484278596491949e-14 6.139537465640166083e-13 8.161597758161859557e-12 5.427324719948450249e-11 1.401423756584119874e-10 5.895683338031604508e-11 3.427524958406657820e-13
1.258210702341137077e+00 6.907566885272451780e-22 1.515100448643437409e-18 3.107671083699125641e-16 1.758888319840885786e-14 4.431457525557803437e-13 6.333888742497777059e-12 4.601726738589784281e-11 1.344369674921496042e-10 6.651333542697441588e-11 5.151636409503796319e-13
1.271585284280936534e+00 3.932416833536652686e-22 9.103432604967401255e-19 1.977008295580801567e-16 1.186604366593328474e-14 3.181004144356250128e-13 4.882107025235407185e-12 3.867417659104624925e-11 1.275523300489000510e-10 7.404777302101812233e-11 7.573144053570128382e-13
1.284959866220735769e+00 2.238568513404167388e-22 5.460426560780320279e-19 1.253759091163248424e-16 7.970616306978368496e-15 2.271226815405635767e-13 3.738358920995725305e-12 3.222691186166583229e-11 1.197344634474604128e-10 8.139412685729253943e-11 1.089704722015964714e-12
1.298334448160535004e+00 1.274383627003169893e-22 3.270130358311649895e-19 7.927213648685884116e-17 5.331700212531185842e-15 1.613265238200390171e-13 2.844345219463744544e-12 2.663424267377820591e-11 1.112362906014248504e-10 8.838665732092614175e-11 1.535921164546252224e-12
1.311709030100334461e+00 7.255871667395287523e-23 1.955590972008056154e-19 4.997984189079042362e-17 3.552188570370964309e-15 1.140168468317509346e-13 2.150789649032290940e-12 2.183772733839837567e-11 1.023060103459276986e-10 9.486653490386784896e-11 2.122137516325965051e-12
1.325083612040133696e+00 4.326351077919430847e-23 1.222826997581659811e-19 3.290383784977671753e-17 2.468281247582496824e-15 8.395803588489744707e-14 1.692603281549491235e-12 1.860289237084873499e-11 9.755598046155882311e-11 1.054196418752313686e-10 3.011448999598072501e-12
1.338458193979933153e+00 2.464593196243443978e-23 7.294420205370543221e-20 2.063718817094649052e-17 1.632072948218303188e-15 5.877106133988755249e-14 1.264867741130506359e-12 1.502388262326431486e-11 8.801136227466632997e-11 1.106913932151631746e-10 4.006700941656034104e-12
1.351832775919732388e+00 1.404558325840112777e-23 4.346612338545940858e-20 1.291257279489303485e-17 1.075326694023648419e-15 4.095270578800284279e-14 9.399151070768214472e-13 1.204656853445992868e-11 7.867175773972699186e-11 1.150295847766801712e-10 5.236547125547773596e-12
1.365207357859531845e+00 8.008279086896688507e-24 2.587586261656379025e-20 8.061081258994285150e-18 7.060921823900730247e-16 2.841083205800189485e-14 6.946396446713836333e-13 9.592370300902204462e-12 6.969629318504851162e-11 1.183502725061970136e-10 6.727217916298344804e-12
1.378581939799331080e+00 4.568522896095635599e-24 1.539111705042928465e-20 5.021694533217207478e-18 4.621313569925218644e-16 1.962596745019623640e-14 5.106569952836903446e-13 7.586954864017210074e-12 6.121014579500138760e-11 1.205978096479541203e-10 8.500357589564505244e-12
1.391956521739130537e+00 2.607836796784723521e-24 9.147925248376813090e-21 3.122052808979587411e-18 3.015186632003888342e-16 1.350163845524416202e-14 3.734796168960851094e-13 5.961855986733052019e-12 5.330514384738048156e-11 1.217454985128580207e-10 1.057115386566212453e-11
1.405331103678929772e+00 1.489643671672044845e-24 5.433707817230559070e-21 1.937393908168093846e-18 1.961408480300891747e-16 9.251490168123607511e-15 2.717937758639558228e-13 4.655404087758396270e-12 4.604185873713195062e-11 1.217951214496947786e-10 1.294664217094295607e-11
1.418705685618729007e+00 8.515492756957627830e-25 3.225770948635384918e-21 1.200152472738882123e-18 1.272289710994732465e-16 6.314911823617636795e-15 1.968395359981155994e-13 3.613108559805945566e-12 3.945278957717932578e-11 1.207754717315325534e-10 1.562433649119451298e-11
1.432080267558528464e+00 4.871798014976955776e-25 1.914146045582917012e-21 7.422447583594918941e-19 8.230491529226448888e-17 4.294502439700706392e-15 1.418890695014034235e-13 2.787627144050183031e-12 3.354624950095821086e-11 1.187400268263395740e-10 1.859131957594319001e-11
1.445454849498327698e+00 2.789628071010380918e-25 1.135429213502840863e-21 4.583527571244224461e-19 5.310600417476794154e-17 2.910093658007857659e-15 1.018149027090069627e-13 2.138441963564411252e-12 2.831059845864373212e-11 1.157639199983399234e-10 2.182389124238827202e-11
1.458829431438127155e+00 1.598840347702244331e-25 6.733271523601356142e-22 2.826459169057814114e-19 3.418176624181703269e-17 1.965202023600676415e-15 7.273780001855456972e-14 1.631343352536672243e-12 2.371852119712355624e-11 1.119403742270611939e-10 2.528782834464453782e-11
1.472204013377926390e+00 9.172521061222747327e-26 3.992173482736276399e-22 1.740693604219534392e-19 2.194986925367650839e-17 1.322726660458885229e-15 5.174336307701135566e-14 1.237803173295862184e-12 1.973111260413261232e-11 1.073767666951529862e-10 2.893925879469688788e-11
1.485578595317725847e+00 5.267676534420069604e-26 2.366707629096250708e-22 1.070739317215344712e-19 1.406397532185806265e-17 8.874648859740940605e-16 3.665665782277728021e-14 9.343006480240968878e-13 1.630159826538300811e-11 1.021904930235088398e-10 3.272610068555887495e-11
1.498953177257525082e+00 3.028426993083660565e-26 1.403023923670564885e-22 6.579160917604537937e-20 8.992361332834676055e-18 5.936149810816301496e-16 2.586495188122661048e-14 7.016469493180273497e-13 1.337858016896396637e-11 9.650479753655932470e-11 3.658997173239821497e-11
1.512327759197324317e+00 1.743020839873055475e-26 8.317691369594899580e-23 4.038542731993044208e-20 5.738234609341692149e-18 3.958990761205246566e-16 1.817970537704182582e-14 5.243404715052583796e-13 1.090875202132096589e-11 9.044472819211200148e-11 4.046843862802443363e-11
1.525702341137123774e+00 1.004371440580480770e-26 4.931607414072657076e-23 2.476777024460333007e-20 3.654851924585555392e-18 2.632948429855441835e-16 1.273013632930666274e-14 3.899730300888078409e-13 8.839073336853914312e-12 8.413336155139734854e-11 4.429745371297108881e-11
1.539076923076923009e+00 5.794424734031379078e-27 2.924500015742077123e-23 1.517736693897639718e-20 2.323779379795990583e-18 1.746343261031333277e-16 8.881861017868729897e-15 2.886981285747456838e-13 7.118425500918244210e-12 7.768842393099965662e-11 4.801381899590175154e-11
1.552451505016722466e+00 3.347090621822888748e-27 1.734684350595800958e-23 9.293753197804332729e-21 1.475023617976094466e-18 1.155304122972723128e-16 6.175217300935387757e-15 2.127656427158916256e-13 5.698796678638437542e-12 7.121941004184109210e-11 5.155752462724522916e-11
1.565826086956521701e+00 1.935895415437330584e-27 1.029252902243597494e-23 5.687318787698382180e-21 9.348158401185394360e-19 7.624149855704549398e-17 4.278874314247719424e-15 1.561224679734473763e-13 4.536056820234073435e-12 6.482527113692987702e-11 5.487382846192670221e-11
1.579200668896321158e+00 1.121163232531555013e-27 6.109174561027598670e-24 3.478411963729928241e-21 5.915873737281964605e-19 5.019526298013573140e-17 2.955197539569948166e-15 1.140754945348801777e-13 3.590390622221213525e-12 5.859271276476546981e-11 5.791497223728199755e-11
1.592575250836120393e+00 7.242634009303784109e-28 4.040921571084721291e-24 2.368640975723725711e-21 4.164594157522990374e-19 3.672913499626953491e-17 2.266348433091642645e-15 9.246796495245943299e-14 3.148444989381123332e-12 5.858671078023631835e-11 6.754970083738854803e-11
1.605949832775919628e+00 4.206018185652322766e-28 2.400668137594537074e-24 1.447396591042260543e-21 2.628573583218318413e-19 2.407539392089952153e-17 1.555576210937794509e-15 6.702063525095737306e-14 2.465480719040348799e-12 5.223392455152069627e-11 7.020242353177021773e-11
1.619324414715719085e+00 2.446016306201249264e-28 1.426968111428530299e-24 8.841609226072736737e-22 1.657120097370367626e-19 1.574885730593295673e-17 1.064588887539660389e-15 4.838941179702220273e-14 1.920778459803937818e-12 4.626020181281159684e-11 7.244741014621807719e-11
1.632698996655518320e+00 1.424535780621353627e-28 8.486893152350309524e-25 5.399593124766140965e-22 1.043546954750211675e-19 1.028208023311468903e-17 7.265164733340809408e-16 3.480711216783662756e-14 1.488971687177993926e-12 4.070180132936062887e-11 7.427170606929312196e-11
1.646073578595317777e+00 8.308540088423558668e-29 5.050757163529947350e-25 3.296902310221942245e-22 6.564940052640170844e-20 6.700565673069669537e-18 4.944562191298205933e-16 2.494661398344995160e-14 1.148657419784834247e-12 3.558125998515414222e-11 7.567224969852993064e-11
1.659448160535117012e+00 4.853156467679804409e-29 3.007859801463916249e-25 2.012772759668855915e-22 4.126156855328327019e-20 4.358947493248805007e-18 3.356402692934506340e-16 1.781681996682613162e-14 8.819604735382589500e-13 3.090874575500454076e-11 7.665500892649844124e-11
1.672822742474916469e+00 2.839110682744917243e-29 1.792549798625539182e-25 1.228723871385439602e-22 2.591142005595163162e-20 2.830945859555250402e-18 2.272627099849966290e-16 1.268153102792249044e-14 6.740934286000069201e-13 2.668363525624417164e-11 7.723386150531922118e-11
1.686197324414715704e+00 1.663444996900164241e-29 1.069093681986299030e-25 7.500858551555866550e-23 1.625924670942706046e-20 1.835693803314683329e-18 1.535088203824087983e-16 8.996695393547205827e-15 5.129318052676662237e-13 2.289621543147456736e-11 7.742930982400323694e-11
1.699571906354515161e+00 9.761391004742607471e-30 6.381293758333516952e-26 4.579204684778852965e-23 1.019542866640563059e-20 1.188572313729857949e-18 1.034502919193147607e-16 6.362240854457843177e-15 3.886174858831410736e-13 1.952941881411069950e-11 7.726711600693576500e-11
1.712946488294314396e+00 5.737208189189599467e-30 3.812123158723174181e-26 2.795862830553998736e-23 6.389068066598142226e-21 7.685012215938788325e-19 6.956080708210402220e-17 4.485366453508492402e-15 2.931982140196719783e-13 1.656051531753525874e-11 7.677693365311245868e-11
1.726321070234113630e+00 3.377404698976863212e-30 2.279325449520647770e-26 1.707307678762785168e-23 4.001534501454954726e-21 4.962413702810920648e-19 4.667371395993905868e-17 3.152757244905396724e-15 2.203069727524939250e-13 1.396269904934449019e-11 7.599099966326969704e-11
1.739695652173913087e+00 1.991437279882469535e-30 1.364087674766988740e-26 1.042798442659855182e-23 2.504965334560916653e-21 3.200410475725520344e-19 3.125319329117898612e-17 2.209688449030262462e-15 1.648820597656835552e-13 1.170652488001777339e-11 7.494293505410491097e-11
1.753070234113712322e+00 1.176137636112009046e-30 8.171266218925969769e-27 6.370936260604074321e-24 1.567440587172120539e-21 2.061657770876320380e-19 2.088667202624435437e-17 1.544406836724970155e-15 1.229265810233809947e-13 9.761165201863819829e-12 7.366668883903220137e-11
1.766444816053511779e+00 6.957674741297760506e-31 4.899609803980856983e-27 3.893509866821785310e-24 9.804418444299357266e-22 1.326656638388762243e-19 1.393267562038483204e-17 1.076524496745817979e-15 9.130471324766739032e-14 8.095471586327251908e-12 7.219564508101043088e-11
1.779819397993311014e+00 4.122783966185804084e-31 2.940843902104816478e-27 2.380315120816271964e-24 6.130843407074970946e-22 8.528320167922277721e-20 9.277414383656149281e-18 7.484420296589159888e-16 6.757128261172100783e-14 6.678838267813322014e-12 7.056190089353031850e-11
1.793193979933110471e+00 2.447051447354178732e-31 1.766987406545656887e-27 1.455801064369145651e-24 3.832759836472472292e-22 5.477248674846340244e-20 6.167119552751373538e-18 5.190439633800413197e-16 4.983083294168495548e-14 5.481874214160125594e-12 6.879571296663454353e-11
1.806568561872909706e+00 1.454878929342187303e-31 1.062815789932875469e-27 8.907636851376011665e-25 2.395634097713921076e-22 3.514677688100360010e-20 4.092943193313568609e-18 3.590878347826867955e-16 3.662229155207316300e-14 4.476897897319839937e-12 6.692510233362564332e-11
1.819943143812709163e+00 8.664561835401270100e-32 6.399662702898208813e-28 5.452976576303110409e-25 1.497167936588480818e-22 2.253522073613015617e-20 2.712196110611696960e-18 2.478482392782643003e-16 2.682548622246665709e-14 3.638273857606698192e-12 6.497560155236584683e-11
1.833317725752508398e+00 5.169002405034641791e-32 3.857817139141456906e-28 3.339892432194391452e-25 9.355877847138148296e-23 1.443842100590138577e-20 1.794616721683954880e-18 1.706855671632280596e-16 1.958604494736441783e-14 2.942613006057499600e-12 6.297012506738220170e-11
1.846692307692307633e+00 3.088952652379148962e-32 2.328209429086939079e-28 2.046800084085330431e-25 5.846347280671133921e-23 9.244567691702814370e-21 1.185823250222392227e-18 1.172924333460824196e-16 1.425556172155725062e-14 2.368859663599185984e-12 6.092894195132624981e-11
1.860066889632107090e+00 1.849114541834285610e-32 1.406721644839068393e-28 1.255099606698814075e-25 3.653356013061208487e-23 5.915468469414582186e-21 7.825234992191566087e-19 8.043425765362424444e-17 1.034429347724895022e-14 1.898287963815855752e-12 5.886973014658303352e-11
1.873441471571906325e+00 1.108837076457962651e-32 8.509604701067563035e-29 7.701155058515489098e-26 2.283112081959254296e-23 3.783146019770371026e-21 5.157446305248264028e-19 5.504841699892147917e-17 7.484035222698850236e-15 1.514428820529241430e-12 5.680769237646702300e-11
1.886816053511705782e+00 6.660794248277320093e-33 5.153883314578559324e-29 4.728494846717172272e-26 1.426954502624136018e-23 2.418262726666088763e-21 3.395172595133685804e-19 3.760238618686091560e-17 5.399182724170832845e-15 1.202946528036271706e-12 5.475571572560627292e-11
1.900190635451505017e+00 4.008125686806755533e-33 3.125303390389774328e-29 2.905315005215577506e-26 8.919895784351468222e-24 1.545128105324338790e-21 2.232584638407934524e-19 2.563811477417585739e-17 3.884322971111174714e-15 9.514815219879263811e-13 5.272455919589722455e-11
1.913565217391304474e+00 2.416106416909661550e-33 1.897536640121766376e-29 1.786405681077034680e-26 5.576922582140854270e-24 9.868691909327829102e-22 1.466564874076737898e-19 1.744975947926691262e-17 2.786986279696450891e-15 7.494731297953952455e-13 5.072305607456535648e-11
1.926939799331103709e+00 1.458989925707770847e-33 1.153549128075261932e-29 1.099249455825991201e-26 3.487645957896388438e-24 6.301029228114192624e-22 9.624306969780944385e-20 1.185652168422457571e-17 1.994448463463607970e-15 5.879734717834055523e-13 4.875832050692013936e-11
1.940314381270902944e+00 8.825754706378501656e-34 7.021616314451911254e-30 6.769458682571799526e-27 2.181675862387295390e-24 4.022001211308036292e-22 6.310144592436855010e-20 8.043049448074176143e-18 1.423688029177428531e-15 4.594611747444016096e-13 4.683595010457007093e-11
1.953688963210702401e+00 5.348306565324733023e-34 4.279567757297210508e-30 4.172197233667351442e-27 1.365163336845743864e-24 2.566687483585631977e-22 4.133680338509221880e-20 5.447661628155561835e-18 1.013784544095399245e-15 3.576613167064590477e-13 4.496021864448695196e-11
1.967063545150501636e+00 3.246735545706194346e-34 2.611745694817414930e-30 2.573594482799650129e-27 8.545381448568964455e-25 1.637662825780894075e-22 2.705749294666522601e-20 3.684301006193041136e-18 7.201938000842591011e-16 2.773760840018273792e-13 4.313425486955382214e-11
1.980438127090301093e+00 1.974443821031566541e-34 1.596011519572239671e-30 1.588877835292254194e-27 5.351136718873210719e-25 1.044760237449701264e-22 1.769766410170950284e-20 2.488196203749838435e-18 5.104571846280997400e-16 2.143290057329702012e-13 4.136020506235098299e-11
1.993812709030100327e+00 1.202847910502931447e-34 9.766094864041347023e-31 9.818072597826641626e-28 3.352302023511755199e-25 6.664517661347820020e-23 1.156767343301829082e-20 1.678135127559255582e-18 3.610007839778074551e-16 1.650243295635059724e-13 3.963937842859537019e-11
2.007187290969899784e+00 7.340832809264478351e-35 5.983990901306862996e-31 6.072354265800049446e-28 2.101052589444761334e-25 4.251081400186959518e-23 7.556158104643257657e-21 1.130341270852448679e-18 2.547579927508516923e-16 1.266220933832495196e-13 3.797237540725069081e-11
2.020561872909699019e+00 4.487960436303700609e-35 3.671562586381310462e-31 3.759174114932123589e-28 1.317470985610192058e-25 2.711607227565287959e-23 4.932914652902758032e-21 7.604304221746975856e-19 1.794112353952659450e-16 9.682869695371407582e-14 3.635919984185793796e-11
2.033936454849498254e+00 2.748665991149927589e-35 2.255826064206786908e-31 2.329384544758056056e-28 8.265491717066861454e-26 1.729689969924279817e-23 3.218664180652770855e-21 5.109787636216717522e-19 1.260968495519322252e-16 7.380224847727139718e-14 3.479935652704974838e-11
2.047311036789297489e+00 1.686413912845615750e-35 1.387903529419798872e-31 1.444813747680029808e-28 5.188388351312519125e-26 1.103419749022169317e-23 2.099126198754165216e-21 3.429772108438249491e-19 8.845484072878304973e-17 5.607161448519731303e-14 3.329193601152459223e-11
2.060685618729097168e+00 1.036514665663346559e-35 8.550981809788831024e-32 8.970416239154766991e-29 3.258701376714598308e-26 7.039803803501063297e-24 1.368399613738015594e-21 2.299702496964552998e-19 6.193428005934346288e-17 4.246790050071273621e-14 3.183568871946998913e-11
2.074060200668896403e+00 6.381979787739665915e-36 5.275692458029243501e-32 5.575080282251225800e-29 2.047937292583448398e-26 4.492038240059509006e-24 8.917003499472150310e-22 1.540445482023417698e-19 4.328739253645242225e-17 3.206700096840466889e-14 3.042909047118699244e-11
2.087434782608695638e+00 3.936439272184556056e-36 3.259516807864551421e-32 3.468445182928071641e-29 1.287834297280346682e-26 2.866847928577517660e-24 5.808660948320390342e-22 1.030891544518457350e-19 3.020234821813107469e-17 2.414185063316357353e-14 2.907040136458828994e-11
2.100809364548494873e+00 2.432311217960752794e-36 2.016696115212047874e-32 2.160084532949881400e-29 8.103737445362424762e-27 1.830032957668001476e-24 3.782710732930522147e-22 6.892783987765361833e-20 2.103761224079745244e-17 1.812306126109963469e-14 2.775771974667181300e-11
2.114183946488294552e+00 1.505571294797973307e-36 1.249522684971652685e-32 1.346683511915465524e-29 5.102736631615272978e-27 1.168477695422267368e-24 2.462740221330123832e-22 4.604833020616112340e-20 1.463037763094143756e-17 1.356671730723250415e-14 2.648903268331714455e-11
2.127558528428093787e+00 9.335747498149076830e-37 7.752950212225663179e-33 8.404764938285116627e-30 3.215313503680322721e-27 7.462819431399095155e-25 1.603024814856044083e-22 3.073919768679866528e-20 1.015884408902076714e-17 1.012821613137696562e-14 2.526226395358816581e-11
2.140933110367893022e+00 5.799109442824758619e-37 4.817386562116619599e-33 5.251179495146704324e-30 2.027474669826623209e-27 4.767818217207549566e-25 1.043242626361997432e-22 2.050462896026244110e-20 7.043499030400362004e-18 7.541160732419680470e-15 2.407532017934541861e-11
2.154307692307692257e+00 3.608582702042376791e-37 2.997643001907711297e-33 3.284468787525683948e-30 1.279406837251841737e-27 3.047077418059230491e-25 6.788449343521940518e-23 1.366824666023675513e-20 4.876555756122862891e-18 5.600437044068556908e-15 2.292613528144252648e-11
2.167682274247491492e+00 2.249436582280071109e-37 1.867988840433101439e-33 2.056628363023725867e-30 8.079636387950350230e-28 1.948079533216095452e-25 4.416845938067620843e-23 9.105324222667325397e-21 3.371654808536860019e-18 4.148727614246071733e-15 2.181271305886550290e-11
2.181056856187291171e+00 1.404659419607285786e-37 1.165725862500454668e-33 1.289240806555331577e-30 5.106382265752108586e-28 1.245951651654616588e-25 2.873598362828670173e-23 6.062048488651862857e-21 2.328103291352178700e-18 3.065825104385564580e-15 2.073316734383542061e-11
2.194431438127090406e+00 8.786721260781467043e-38 7.285309481052061649e-34 8.091045846865649537e-31 3.229841978932841449e-28 7.972205840830818747e-26 1.869507800368697504e-23 4.033703032231949391e-21 1.605514097886899113e-18 2.260210261158958600e-15 1.968575891746687798e-11
2.207806020066889641e+00 5.506040757252714650e-38 4.559638762747293096e-34 5.083610462404373580e-31 2.044576755279233618e-28 5.103283681343642155e-26 1.216271895549798720e-23 2.682672056306570733e-21 1.105863989117598789e-18 1.662448816760337826e-15 1.866892819505776737e-11
2.221180602006688876e+00 3.456263713744617461e-38 2.857886515399854637e-34 3.197725494127918313e-31 1.295350132374201446e-28 3.268326994185065100e-26 7.913171102229870954e-24 1.783316857541508364e-21 7.608297262231481299e-19 1.220040018530599241e-15 1.768132261865909912e-11
2.234555183946488555e+00 2.173337712101467577e-38 1.793877181544151937e-34 2.013796042499516552e-31 8.213715174047944730e-29 2.094190472147862889e-26 5.148738163949955422e-24 1.184961750603101737e-21 5.228695190393237595e-19 8.934166158962921727e-16 1.672181773061730905e-11
2.247929765886287790e+00 1.368984001483133064e-38 1.127650501540072194e-34 1.269693836030578271e-31 5.212758496990937177e-29 1.342553733638725032e-26 3.350386091053424089e-24 7.870678529888334350e-22 3.589555712199103800e-19 6.528529528318303059e-16 1.578953104055708088e-11
2.261304347826087024e+00 8.638098807275855749e-39 7.098901505619386513e-35 8.014849390392154688e-32 3.311140156050047611e-29 8.611554628014675092e-27 2.180447918937752181e-24 5.225991591046746084e-22 2.461787239989414848e-19 4.760853421677035473e-16 1.488382802729894502e-11
2.274678929765886259e+00 5.459895571510710731e-39 4.475516697544391394e-35 5.065332085089415765e-32 2.105114486691575345e-29 5.526816531483666488e-27 1.419273145990709249e-24 3.468886816744742350e-22 1.686720847219105849e-19 3.464882335785052958e-16 1.400431991734550346e-11
2.288053511705685494e+00 3.456961407463487713e-39 2.825732422389864462e-35 3.205087142417392524e-32 1.339577964767240485e-29 3.549122684010901247e-27 9.239912419824802951e-25 2.301930426222192337e-22 1.154619102012155755e-19 2.516819310483071270e-16 1.315085322869480102e-11
2.301428093645485173e+00 2.192533935136585320e-39 1.786713776791718319e-35 2.030458281762205805e-32 8.532180642795106911e-30 2.280489073952813822e-27 6.016766093365934562e-25 1.527179916399450903e-22 7.896898749261189029e-20 1.824738160598410981e-16 1.232349143582528768e-11
2.314802675585284408e+00 1.392955394603884259e-39 1.131397386776529781e-35 1.287873940165919605e-32 5.439478315910786938e-30 1.466237154171232760e-27 3.918891393248297285e-25 1.012975724002553495e-22 5.396543953657156455e-20 1.320561518438696730e-16 1.152248947109840494e-11
2.328177257525083643e+00 8.864711600756298118e-40 7.174829577670629979e-36 8.178624059961799024e-33 3.471081055285053515e-30 9.433168542598739685e-28 2.553166892690137864e-25 6.717894009718560065e-23 3.684976642924802183e-20 9.540044113182899534e-17 1.074826210353291918e-11
2.341551839464882878e+00 5.651007482425573214e-40 4.556633626518591656e-36 5.200164748018670409e-33 2.217111059433628806e-30 6.072894313218235881e-28 1.663879028233835518e-25 4.454578083918095550e-23 2.514384773501147544e-20 6.880173592679477471e-17 1.000134750555704637e-11
2.354926421404682113e+00 3.608430226834118451e-40 2.898094068716066039e-36 3.310442929855230654e-33 1.417522566395107849e-30 3.912243877537792352e-28 1.084678914689376210e-25 2.953472715725849794e-23 1.714448248363070894e-20 4.953689730153654683e-17 9.282367514788558678e-12
2.368301003344481792e+00 2.308017659222651049e-40 1.845934620599945975e-36 2.110033039756630057e-33 9.071869136203628097e-31 2.522058815636427022e-28 7.073389153118575389e-26 1.958058021593883458e-23 1.168234156824829940e-20 3.560912082121188040e-17 8.591986210237869698e-12
2.381675585284281027e+00 1.478718466800716451e-40 1.177484312863904821e-36 1.346568301760797904e-33 5.811550740371135650e-31 1.627010462925662526e-28 4.614349398319302111e-26 1.298067336062986767e-23 7.955456545911833493e-21 2.555753316560487096e-17 7.930868446360856887e-12
2.395050167224080262e+00 9.489744781972270112e-41 7.521913235482196011e-37 8.604094427495735364e-34 3.726659698969115770e-31 1.050359113956507309e-28 3.011336670777710640e-26 8.605189709513853595e-24 5.414350906539255541e-21 1.831570242706473242e-17 7.299639926410050262e-12
2.408424749163879497e+00 6.100189078197442825e-41 4.812105882613587255e-37 5.504540985817429895e-34 2.392123848051951541e-31 6.785843186183001900e-29 1.965998085455753617e-26 5.704628483613834869e-24 3.682898602033762785e-21 1.310679398789247047e-17 6.698850256683862919e-12
2.421799331103679176e+00 3.927794874889306932e-41 3.083009648536008956e-37 3.525961537915523158e-34 1.537047819389346159e-31 4.387269861925805300e-29 1.284075419158689796e-26 3.781897406935048063e-24 2.503864284944470101e-21 9.366092880158208157e-18 6.128940218409878377e-12
2.435173913043478411e+00 2.533191403694844913e-41 1.978092232788081050e-37 2.261391533257218782e-34 9.886311043468444111e-32 2.838671392904942165e-29 8.390542940815144672e-27 2.507373349185292312e-24 1.701471455806625971e-21 6.683900128465823081e-18 5.590214240333357635e-12
2.448548494983277646e+00 1.636431522409825306e-41 1.271010483226047956e-37 1.452167633568473848e-34 6.365426720598557717e-32 1.838110532147204416e-29 5.485166607078429688e-27 1.662517548806415062e-24 1.155702955130752160e-21 4.763552281940535502e-18 5.082818770671524247e-12
2.461923076923076881e+00 1.058851782277117416e-41 8.178649097732246366e-38 9.336873527936606317e-35 4.102703610697073891e-32 1.191157289231558513e-29 3.587547548594418959e-27 1.102458366924164785e-24 7.846751399020411488e-22 3.390634548619351487e-18 4.606726950361019866e-12
2.475297658862876116e+00 6.862413010559845721e-42 5.270389181635959820e-38 6.010778611381451581e-35 2.647067169565320815e-32 7.725251413358478516e-30 2.347584182552132019e-27 7.311682402365755431e-25 5.325614779980728909e-22 2.410456245607842594e-18 4.161729697910875500e-12
2.488672240802675795e+00 4.454712515218311395e-42 3.401192417493559675e-38 3.874406590708216602e-35 1.709679228521555569e-32 5.014261376694509754e-30 1.536978058250408242e-27 4.849999810900498592e-25 3.613262414393236187e-22 1.711608768446008666e-18 3.747433045040736038e-12
2.502046822742475030e+00 2.896412624810301717e-42 2.198091577257996714e-38 2.500491681854377414e-35 1.105405591637173420e-32 3.257292493448134564e-30 1.006802311773564411e-27 3.217697565507215460e-25 2.450713350286013624e-22 1.213989959064191786e-18 3.363261324099332293e-12
2.515421404682274265e+00 1.886235177504008566e-42 1.422607218832422220e-38 1.615815696918539279e-35 7.154649443113314570e-33 2.117709548023536422e-30 6.598687973520520714e-28 2.135193981319821531e-25 1.661735141153983490e-22 8.601001062668402423e-19 3.008465612107383948e-12
2.528795986622073499e+00 1.230332837893907252e-42 9.220349640111911827e-39 1.045453543804965526e-35 4.635717047765080745e-33 1.377971015226896052e-30 4.327274029458551740e-28 1.417187432422362109e-25 1.126471073768567661e-22 6.087287489903615690e-19 2.682136687682455753e-12
2.542170568561873178e+00 8.037804518491885748e-43 5.984548184074377407e-39 6.772739499465327383e-36 3.006833401828435347e-33 8.973912602073395209e-31 2.839363193094146673e-28 9.408578935259779613e-26 7.634482161012830531e-23 4.303846217138349745e-19 2.383221658156547474e-12
2.555545150501672413e+00 5.259409280029910588e-43 3.889872046547077151e-39 4.393097307300903991e-36 1.952394522552845389e-33 5.849186669757017112e-31 1.864160665107504997e-28 6.247931016516956879e-26 5.173118784304037475e-23 3.039937418680121424e-19 2.110543363858383576e-12
2.568919732441471648e+00 3.446813878503368462e-43 2.531964100970673947e-39 2.853146645082124335e-36 1.269092583300992095e-33 3.815791780397386667e-31 1.224637196452483505e-28 4.150231002132033821e-26 3.504695988140924886e-23 2.145181245730577612e-19 1.862821661156349385e-12
2.582294314381270883e+00 2.262437776073159555e-43 1.650426929570739704e-39 1.855342473697430798e-36 8.258252346861085110e-34 2.491453971964662459e-31 8.050056399763486001e-29 2.757657354560116327e-26 2.374021713847073670e-23 1.512414797367444988e-19 1.638695719803285493e-12
2.595668896321070118e+00 1.487339082961381753e-43 1.077332545318092249e-39 1.208010222539810610e-36 5.379644614586339083e-34 1.628183635563184965e-31 5.294966467930614318e-29 1.832939819713578762e-26 1.607927841047527584e-23 1.065371808406223130e-19 1.436746536395118268e-12
2.609043478260869797e+00 9.792970440644343278e-44 7.042325834138785502e-40 7.875232391786055009e-37 3.508253496647344539e-34 1.064974867839688522e-31 3.485022270679943403e-29 1.218719086323544705e-26 1.088947039029462482e-23 7.498428836089189488e-20 1.255518956639024788e-12
2.622418060200669032e+00 6.457829262831250400e-44 4.609920020046994144e-40 5.140460453586297971e-37 2.290348218676637867e-34 6.972102595776502510e-32 2.295255265891342612e-29 8.106136517974194038e-27 7.374215253245391609e-24 5.273430621885289890e-20 1.093542606767381776e-12
2.635792642140468267e+00 4.265037697665375275e-44 3.021896871123664522e-40 3.359588500057746171e-37 1.496877786929813338e-34 4.568561143737819423e-32 1.512670587532562394e-29 5.393693501288713187e-27 4.993487221102864323e-24 3.705824555892486664e-20 9.493512513192734119e-13
2.649167224080267502e+00 2.821109318608860641e-44 1.983685618798139357e-40 2.198442099933263649e-37 9.793692008626692602e-35 2.996325930408341928e-32 9.975859493733102788e-30 3.590273956594477635e-27 3.381279804358986743e-24 2.602313230302475114e-20 8.215002138534123850e-13
2.662541806020067181e+00 1.868848926943956715e-44 1.303980049639235869e-40 1.440417024334549063e-37 6.414793713893631857e-35 1.966958211639467488e-32 6.583447066956669839e-30 2.390807390105082096e-27 2.289586203057747489e-24 1.826129212596663521e-20 7.085816131546308758e-13
2.675916387959866416e+00 1.239887312923485707e-44 8.583646831073998530e-41 9.449417464348493112e-38 4.206257711081459508e-35 1.292409299096061150e-32 4.347681585991211555e-30 1.592735828464722209e-27 1.550390259779123888e-24 1.280602857326297954e-20 6.092372754948579532e-13
2.689290969899665651e+00 8.238354378874874861e-45 5.658135966130144689e-41 6.206755537082273749e-38 2.761128782144101263e-35 8.499749555149094963e-33 2.873211460846028454e-30 1.061527720417589107e-27 1.049886546884467697e-24 8.974741717396492820e-21 5.221692800517278829e-13
2.702665551839464886e+00 5.482080890881719868e-45 3.734851837108622780e-41 4.081936327145877641e-38 1.814494364131809506e-35 5.595197504848226740e-33 1.900145605293223998e-30 7.078046704004928859e-28 7.110005401296551613e-25 6.285895850296602858e-21 4.461481773876852411e-13
2.716040133779264121e+00 3.653369532643641125e-45 2.468707365167318887e-41 2.687873920470151789e-38 1.193722102894743807e-35 3.686633319858223516e-33 1.257533008808098249e-30 4.721672548448080398e-28 4.815400106117237648e-25 4.400104960317945887e-21 3.800189887406887778e-13
2.729414715719063800e+00 2.438267947267054568e-45 1.634029245757199174e-41 1.772114091134300171e-38 7.861942821794738364e-36 2.431372875820135753e-33 8.328537717581487953e-31 3.151260673959715907e-28 3.261655885003019128e-25 3.078379355062529496e-21 3.227051465043712562e-13
2.742789297658863035e+00 1.629691446136150638e-45 1.083033082811317402e-41 1.169805224197446532e-38 5.183652183260816381e-36 1.605025888009961736e-33 5.519991992337906236e-31 2.104186807081945558e-28 2.209507133570371713e-25 2.152567671188938108e-21 2.732105741816210383e-13
2.756163879598662270e+00 1.090842208316900409e-45 7.188081317103140949e-42 7.731672346208483621e-39 3.421537920971827640e-36 1.060530102027992285e-33 3.661270299814732547e-31 1.405727191016748759e-28 1.496966723397067091e-25 1.504454686205243433e-21 2.306201283766922732e-13
2.769538461538461505e+00 7.312191089036708758e-46 4.777176049311384614e-42 5.116467155412416467e-39 2.260926873042783330e-36 7.014164757361341678e-34 2.430255712017016764e-31 9.395928315326362261e-29 1.014369293837871737e-25 1.050995376890256360e-21 1.940986375621809922e-13
2.782913043478261184e+00 4.908611251068592019e-46 3.179172798993240315e-42 3.390022711153187503e-39 1.495654796715916257e-36 4.643466764370284826e-34 1.614366091661246705e-31 6.283551418610097839e-29 6.874716167020203506e-26 7.338941078682740320e-22 1.628887741905566664e-13
2.796287625418060419e+00 3.299831083036471420e-46 2.118552517633064058e-42 2.248896367874178734e-39 9.905031853947412073e-37 3.076971266152172708e-34 1.073210364338991239e-31 4.204382712055586271e-29 4.660102710112651728e-26 5.122572789185632753e-22 1.363079901033919954e-13
2.809662207357859653e+00 2.221484056379445723e-46 1.413657207678218545e-42 1.493720689343790780e-39 6.566892808649109023e-37 2.040894066439140737e-34 7.140082578762574618e-32 2.814721906958492007e-29 3.159550801961342369e-26 3.574176538414289474e-22 1.137447320097699444e-13
2.823036789297658888e+00 1.497647378728750645e-46 9.445529454919459810e-43 9.933473084287136869e-40 4.358563061042417342e-37 1.354985074870742077e-34 4.754006767468705673e-32 1.885425422825127464e-29 2.142649974987705877e-26 2.492916395361867342e-22 9.465413584919351691e-14
2.836411371237458123e+00 1.011084094742389996e-46 6.319509000033705433e-43 6.613985173523874614e-40 2.896048554478856039e-37 9.004644933425875220e-35 3.167794892716448614e-32 1.263653808108214414e-29 1.453382238500653002e-26 1.738176045715149939e-22 7.855337775246366594e-14
2.849785953177257802e+00 6.835539326879583152e-47 4.233628036297955186e-43 4.409143667115017590e-40 1.926402872177032617e-37 5.989873073007093873e-35 2.112503326767947291e-32 8.474144524309249287e-30 9.860926034198431383e-27 1.211558462853358939e-22 6.501683649081603899e-14
2.863160535117057037e+00 4.627671888692696843e-47 2.839957683995764168e-43 2.942881240147317605e-40 1.282823117520784064e-37 3.988305482800741371e-35 1.409883115752699470e-32 5.686127515182804090e-30 6.692233763463179940e-27 8.442470580774691438e-23 5.367119895581969226e-14
2.876535117056856272e+00 3.137278449293311563e-47 1.907560436176528780e-43 1.966605066209468681e-40 8.551934509664294612e-38 2.658151413384585173e-35 9.417081636582084927e-33 3.817632482531735372e-30 4.543036044331069261e-27 5.881377616943721187e-23 4.419061730360087698e-14
2.889909698996655507e+00 2.129809609245539564e-47 1.282949174124026203e-43 1.315788055332316641e-40 5.707413892682762588e-38 1.773340653400060879e-35 6.295049124511071536e-33 2.564673671125260282e-30 3.084955401404635845e-27 4.096212080700225707e-23 3.629200466456066167e-14
2.903284280936454742e+00 1.447845385976853611e-47 8.639780903192897936e-44 8.814090293318498976e-41 3.813214259882494834e-38 1.184203521400807419e-35 4.211467080909791176e-33 1.723987546836346159e-30 2.095487131615196980e-27 2.852259091665688297e-23 2.973053629287446990e-14
2.916658862876254421e+00 9.855842732835912629e-48 5.825799710446515340e-44 5.911397799605932464e-41 2.550464345687962354e-38 7.915579922805207982e-36 2.819817660811934559e-33 1.159587584188888418e-30 1.423836457318211785e-27 1.985673177221166657e-23 2.429540505279005291e-14
2.930033444816053656e+00 6.718185793636154683e-48 3.933374594897074594e-44 3.969376934464966465e-41 1.707744231799436165e-38 5.296167996358996707e-36 1.889573106157449856e-33 7.804474850290664448e-31 9.677867142215998863e-28 1.382126183404447812e-23 1.980586439718368723e-14
2.943408026755852891e+00 4.585571000181191773e-48 2.659067665105771889e-44 2.668531059227435378e-41 1.144725036211528515e-38 3.547020747607212230e-36 1.267252210055459415e-33 5.256027856360710408e-31 6.580348721372689023e-28 9.618722791739595203e-24 1.610757854472969522e-14
2.956782608695652126e+00 3.134111973653129359e-48 1.799886678570127657e-44 1.796131847461948451e-41 7.681632573293599237e-39 2.377874514724548269e-36 8.505907048196671322e-34 3.541999523568074239e-31 4.475823788649394187e-28 6.693069967140988812e-24 1.306928836043404874e-14
2.970157190635451805e+00 2.144923393095395509e-48 1.219859998659881951e-44 1.210370788681686278e-41 5.160348538139978336e-39 1.595649714283357459e-36 5.713968770475579912e-34 2.388466246863224847e-31 3.045487512767588990e-28 4.656716653086534084e-24 1.057979236948166026e-14
2.983531772575251040e+00 1.469879655292275665e-48 8.277919957246517980e-45 8.166033028355325853e-42 3.470378244211618485e-39 1.071790088394070388e-36 3.841634950232225114e-34 1.611655715392967446e-31 2.073028348271870748e-28 3.239580711385392190e-24 8.545235213084443049e-15
2.996906354515050275e+00 1.008604780958121984e-48 5.624400031613406177e-45 5.515875953015936402e-42 2.336393176170500751e-39 7.206187006892586558e-37 2.584976414307769271e-34 1.088204861041687903e-31 1.411636530044519367e-28 2.253513660201839823e-24 6.886690481287426325e-15
3.010280936454849510e+00 6.929885534938312781e-49 3.826240481684820901e-45 3.730153175719691840e-42 1.574654984850753819e-39 4.849812334281399093e-37 1.740846617171508871e-34 7.352530484441014832e-32 9.616438867096035326e-29 1.567478708076302261e-24 5.538021009265299744e-15
3.023655518394648745e+00 4.767530168289876850e-49 2.606193938290870170e-45 2.525490798186346312e-42 1.062415126143708274e-39 3.267141102214686120e-37 1.173353712737960028e-34 4.971108470629001492e-32 6.553657931332533152e-29 1.090236327877245170e-24 4.443997175097627205e-15
3.037030100334448424e+00 3.284125570632646552e-49 1.777366240753451804e-45 1.711866813373958489e-42 7.175817274255813510e-40 2.203100354780596327e-37 7.915218805436423152e-35 3.363273797210013858e-32 4.468230850500694367e-29 7.582710707901708244e-25 3.558652269696162272e-15
3.050404682274247659e+00 2.265173912288937118e-49 1.213612852737117457e-45 1.161708854866296114e-42 4.851943046863416369e-40 1.487044356519837167e-37 5.343961939418241582e-35 2.277015716715194931e-32 3.047711620924382246e-29 5.273759025257916147e-25 2.843853418666190460e-15
3.063779264214046893e+00 1.564355413040260477e-49 8.296859991964712888e-46 7.892704394274002162e-43 3.284173417951788267e-40 1.004700425659844293e-37 3.611030027027479842e-35 1.542647839423743135e-32 2.079708848177012704e-29 3.667878773918372695e-25 2.268066635156686716e-15
3.077153846153846128e+00 1.081727794155692702e-49 5.679041159910792314e-46 5.368508341399037576e-43 2.225365566542707606e-40 6.794726544077220603e-38 2.442119629305447509e-35 1.045843182209297272e-32 1.419794356869043404e-29 2.551028629683726639e-25 1.805295207140389911e-15
3.090528428093645807e+00 7.489379580185328584e-50 3.891896074597148105e-46 3.655768710935677477e-43 1.509525095859669460e-40 4.599702839100585284e-38 1.652995106697741336e-35 7.095243453935153708e-33 9.697198865075562962e-30 1.774303710549845375e-25 1.434171629282537805e-15
3.103903010033445042e+00 5.191772039933807831e-50 2.670359406229353362e-46 2.492292926795748081e-43 1.025042249006924410e-40 3.116804587172997080e-38 1.119813343958059592e-35 4.816935707477639943e-33 6.626263456679367913e-30 1.234125412219543564e-25 1.137184557941536531e-15
3.117277591973244277e+00 3.603495183260457680e-50 1.834415717579762003e-46 1.701033026212102169e-43 6.967939651088057532e-41 2.114029015227062540e-38 7.592585934203517143e-36 3.272494931388206086e-33 4.529978172294426207e-30 8.584511993339195359e-26 9.000236982792075198e-16
3.130652173913043512e+00 2.504191203683781069e-50 1.261660970621339503e-46 1.162298483093547915e-43 4.741621487130241483e-41 1.435269314856722057e-38 5.152337529678706836e-36 2.224812325188263959e-33 3.098360081400060576e-30 5.971769401427791380e-26 7.110270447341345266e-16
3.144026755852842747e+00 1.742380089505301373e-50 8.687638289050122934e-47 7.950818203592276021e-44 3.230040312716515936e-41 9.753857686679279538e-39 3.499369879069448266e-36 1.513615771713796496e-33 2.120211961186859580e-30 4.154583689407333040e-26 5.607164273938418247e-16
3.157401337792642426e+00 1.213799255083598550e-50 5.989247307577742051e-47 5.444940662992037867e-44 2.202653609220556789e-41 6.634976911458730521e-39 2.378738632067024473e-36 1.030498312227967830e-33 1.451581475029235475e-30 2.890645755056547975e-26 4.414088194487012268e-16
3.170775919732441661e+00 8.465957410954875681e-51 4.133819524953680327e-47 3.733013756674957991e-44 1.503627591140967119e-41 4.517745786525763891e-39 1.618360445644458826e-36 7.020850694839337198e-34 9.943088953763097488e-31 2.011457113976668714e-26 3.468923002416873411e-16
3.184150501672240896e+00 5.911902255479758151e-51 2.856517087890122113e-47 2.562176618989782267e-44 1.027516434905186631e-41 3.079093527854812694e-39 1.101985041941270003e-36 4.786789818341062029e-34 6.814310579471736756e-31 1.399847567426332983e-26 2.721569205853591292e-16
3.197525083612040131e+00 4.133301495889637114e-51 1.976175398425634455e-47 1.760514001204750613e-44 7.028946592446380601e-42 2.100593397201683263e-39 7.510143997700523884e-37 3.265971787097686829e-34 4.672464737385004368e-31 9.743391660262552044e-27 2.131719669679148099e-16
3.210899665551839366e+00 2.893225847264188917e-51 1.368720588101359525e-47 1.211012846946303954e-44 4.813303292719065068e-42 1.434426841671900578e-39 5.122631315249435661e-37 2.229950150658260852e-34 3.205504342686007938e-31 6.782725774405874665e-27 1.667022610046515027e-16
3.224274247491639045e+00 2.027588174046568359e-51 9.490783464438143763e-48 8.339399057010077696e-45 3.299485701341580749e-42 9.804632830356614070e-40 3.497118152143707065e-37 1.523679664694890162e-34 2.200267867502037469e-31 4.722458472359503358e-27 1.301571574429335782e-16
3.237648829431438280e+00 1.422610766796749102e-51 6.588470270761847268e-48 5.749040698570977616e-45 2.264111495054093406e-42 6.708107076526939564e-40 2.389460893381927020e-37 1.041859231097996960e-34 1.511075344562246973e-31 3.288567793820838660e-27 1.014668197107956229e-16
3.251023411371237515e+00 9.993051904537381061e-52 4.578884485792568751e-48 3.967605694539477658e-45 1.555236294413015761e-42 4.593920984868058737e-40 1.634037286229421300e-37 7.129224155356856212e-35 1.038318262728000938e-31 2.290472368628059976e-27 7.898116086427151293e-17
3.264397993311036750e+00 7.027691721398427571e-52 3.185845201934280193e-48 2.741144863735858902e-45 1.069400611473945524e-42 3.149060966561548326e-40 1.118397943372097932e-37 4.881960716103664602e-35 7.138566673194438205e-32 1.595613260164818941e-27 6.138754628903910721e-17
3.277772575250836429e+00 4.947964574196208280e-52 2.219099914011339441e-48 1.895848767055475603e-45 7.360857069645752391e-43 2.160686346413412003e-40 7.661309760484697814e-38 3.345537812582837783e-35 4.910547963257287374e-32 1.111780700058710183e-27 4.764397034762000974e-17
3.291147157190635664e+00 3.487679826020232113e-52 1.547439116606837331e-48 1.312627400743354370e-45 5.071759770029163476e-43 1.483933931266367065e-40 5.252690427147256744e-38 2.294341506070342615e-35 3.379788115067962698e-32 7.748256849816416418e-28 3.692495069002479368e-17
3.304521739130434899e+00 2.461158762591342613e-52 1.080269566245872079e-48 9.097941928837991350e-46 3.498079709783268690e-43 1.020113795420198755e-40 3.604396214031642452e-38 1.574604113741155078e-35 2.327510548181937868e-32 5.401154781008639650e-28 2.857783972509772201e-17
3.317896321070234134e+00 1.738731425197498439e-52 7.549703592999792640e-49 6.312575943741763959e-46 2.415126336403811225e-43 7.019285447807578244e-41 2.475454506877698008e-38 1.081450355279280604e-35 1.603756806024509292e-32 3.765921026820627824e-28 2.208764121779066262e-17
3.331270903010033368e+00 1.229736622661774264e-52 5.282070466421366040e-49 4.384596867153419979e-46 1.669119783089499702e-43 4.834442486176573222e-41 1.701566039868454119e-38 7.433002989848777018e-36 1.105686389126030207e-32 2.626406148827833808e-28 1.704874920932334449e-17
3.344645484949833047e+00 8.707136097774297530e-53 3.699579422637553192e-49 3.048668145693800063e-46 1.154704908543189570e-43 3.332790846700995502e-41 1.170614216663221214e-38 5.112638821768942398e-36 7.627353219326848117e-33 1.832156920932887435e-28 1.314230401161433068e-17
3.358020066889632282e+00 6.171902975928532307e-53 2.594010602530269229e-49 2.122002526377266233e-46 7.996293389536633169e-44 2.299729845137560433e-41 8.060269357408689469e-39 3.519245171731890253e-36 5.264607166452430820e-33 1.278431470073086285e-28 1.011809285288143061e-17
3.371394648829431517e+00 4.379659070386869436e-53 1.820789433756830327e-49 1.478545610361447025e-46 5.542924471751846871e-44 1.588369686562281852e-41 5.554637303331743756e-39 2.424253341556588816e-36 3.635883819076478006e-33 8.922982418920164555e-29 7.780117139849467829e-18
3.384769230769230752e+00 3.111257224993876630e-53 1.279421527561582939e-49 1.031274942492156573e-46 3.846095401936778772e-44 1.098073094409429427e-41 3.831173546246504255e-39 1.671209770400020453e-36 2.512508650077668750e-33 6.229656661616300532e-29 5.975109878238392924e-18
3.398143812709030431e+00 2.212599904244525685e-53 8.999759589057744914e-50 7.200504667361057691e-47 2.671346984500299446e-44 7.598268987026943501e-42 2.644706329044843586e-39 1.152945496293335632e-36 1.737241646453346169e-33 4.350540993983195313e-29 4.583420529633611343e-18
3.411518394648829666e+00 1.575209031812207371e-53 6.337367149873157229e-50 5.032664256237830542e-47 1.857239908383472515e-44 5.262603757376097451e-42 1.827225312667167018e-39 7.959975895728323150e-37 1.201903181825915895e-33 3.039141961339534401e-29 3.511794832460601022e-18
3.424892976588628901e+00 1.122635631149469909e-53 4.467297986688646113e-50 3.521091822793811219e-47 1.292502678758448247e-44 3.648279413663671094e-42 1.263500000533506073e-39 5.499714707922718672e-37 8.320257089798519773e-34 2.123687782325993928e-29 2.687667655002722705e-18
3.438267558528428136e+00 8.009433216015463247e-54 3.152364787994571459e-50 2.466033271189133518e-47 9.003656391752328536e-45 2.531487150681901863e-42 8.744325780045503906e-40 3.802718936809363087e-37 5.763195762390319823e-34 1.484450111816044734e-29 2.054661031345333475e-18
3.451642140468227371e+00 5.720369811335422668e-54 2.226798441844967539e-50 1.728862758431763393e-47 6.278106174462948711e-45 1.758176037670019561e-42 6.056821368592583056e-40 2.631322804752480846e-37 3.994391751712727718e-34 1.037956146167168440e-29 1.569039936633858597e-18
3.465016722408027050e+00 4.089807142596428098e-54 1.574619621791757769e-50 1.213276906674507937e-47 4.381864469438341777e-45 1.222212563141322723e-42 4.198845921972758954e-40 1.822132709691822051e-37 2.770127961724087911e-34 7.259955773573693392e-30 1.196927446630841332e-18
3.478391304347826285e+00 2.927082834714365538e-54 1.114597695536911740e-50 8.523049029791689087e-48 3.061314979321342267e-45 8.504085796661709452e-43 2.913273132293902061e-40 1.262734208451998365e-37 1.922259731077635860e-34 5.079647086838779030e-30 9.121206905552027769e-19
3.491765886287625520e+00 2.097093208188535483e-54 7.897793701490531735e-51 5.993265329919887280e-48 2.140790289799010840e-45 5.922482061920292441e-43 2.023009343334854012e-40 8.757295578036078937e-38 1.334714813494467735e-34 3.555335886556421561e-30 6.943811176745205452e-19
3.505140468227424755e+00 1.504000860347609388e-54 5.601908784180153275e-51 4.218551026513409966e-48 1.498495715466786958e-45 4.128324423555072643e-43 1.405980489496570148e-40 6.077909172320872507e-38 9.273210633747840896e-35 2.489305015888227498e-30 5.280984530662792772e-19
3.518515050167224434e+00 1.079749908560636897e-54 3.977464693880958839e-51 2.972297075381257191e-48 1.049905918325192957e-45 2.880292046082843434e-43 9.779681137281498183e-41 4.221477843323253371e-38 6.446708015461436543e-35 1.743527254669777884e-30 4.012484760987759050e-19
3.531889632107023669e+00 7.759614297113412045e-55 2.826924082823825741e-51 2.096274019887413547e-48 7.363037029099814822e-46 2.011363456166051679e-43 6.808216238997523551e-41 2.934275399329178096e-38 4.484489948049678743e-35 1.221617376097851411e-30 3.045813755376647448e-19
3.545264214046822904e+00 5.582080620745442447e-55 2.011207773134265454e-51 1.479887311486321672e-48 5.168607169903388014e-46 1.405835734125902751e-43 4.743560654348972399e-41 2.041094834217661948e-38 3.121448549543595938e-35 8.562490498820234019e-31 2.309907073751381104e-19
3.558638795986622139e+00 4.019650069002499707e-55 1.432294062738830548e-51 1.045759520853485836e-48 3.631601779736638654e-46 9.834838874040312888e-44 3.307784809080587961e-41 1.420860087291605091e-38 2.174043454995146023e-35 6.003796621655008394e-31 1.750235529645845257e-19
3.572013377926421374e+00 2.897435256044036034e-55 1.021027390441675485e-51 7.396996716147372821e-49 2.554049304164190954e-46 6.886320172646368214e-44 2.308505383713242713e-41 9.898402283884961745e-39 1.515130237809857328e-35 4.211291092826203142e-31 1.325008746512786772e-19
3.585387959866221053e+00 2.090594382313866376e-55 7.285679140398519350e-52 5.237177313543618465e-49 1.797897380474582993e-46 4.826064189469119511e-44 1.612443649818633736e-41 6.900877846283983809e-39 1.056579448256907242e-35 2.955087526629621718e-31 1.002237241561286678e-19
3.598762541806020288e+00 1.509918740425870676e-55 5.203884462969150276e-52 3.711549200731685042e-49 1.266786101024879319e-46 3.385193648531541123e-44 1.127190575998628878e-41 4.814695245453392335e-39 7.372681887990966035e-36 2.074404937539855354e-31 7.574622445006085665e-20
3.612137123745819522e+00 1.091597062650297543e-55 3.720554977056202066e-52 2.632855962474940981e-49 8.933932040428588767e-47 2.376605452233900251e-44 7.886211447856712766e-42 3.361694367233042194e-39 5.147787662104961910e-36 1.456756823477184375e-31 5.720040076806369211e-20
3.625511705685618757e+00 7.899386689018392815e-56 2.662611557617924970e-52 1.869436680869083666e-49 6.306394847940597390e-47 1.669984371695425668e-44 5.522005670862242068e-42 2.348942132935305755e-39 3.596566953826866698e-36 1.023418074592316952e-31 4.316120794097345715e-20
3.638886287625418436e+00 5.721947709547105413e-56 1.907328270787040666e-52 1.328629988816466945e-49 4.455711104862551815e-47 1.174486579026327288e-44 3.869739412441634134e-42 1.642520336039653297e-39 2.514366778540439616e-36 7.192729006173697896e-32 3.254267182682740017e-20
3.652260869565217671e+00 4.148691777300857395e-56 1.367597119452816106e-52 9.451589002727626982e-50 3.151000213158216913e-47 8.267279530370322726e-45 2.714076564960459543e-42 1.149405280951372474e-39 1.758905804967200323e-36 5.057209390173775806e-32 2.451807840538783949e-20
3.665635451505016906e+00 3.010873631232567590e-56 9.815299798239904109e-53 6.729936280202351061e-50 2.230352825796932020e-47 5.824446593584758624e-45 1.905096655616097286e-42 8.049320846115793761e-40 1.231205314496674252e-36 3.557187512582259168e-32 1.845872172300631114e-20
3.679010033444816141e+00 2.187183752177053419e-56 7.051137680769606697e-53 4.796454041083494045e-50 1.580122024006099704e-47 4.106981584886247617e-45 1.338337064539396987e-42 5.641161098191747564e-40 8.623682561079483358e-37 2.503128057523115057e-32 1.388695424494477728e-20
3.692384615384615376e+00 1.590328087381014171e-56 5.070171368677441992e-53 3.421611553873321449e-50 1.120463685531055928e-47 2.898447509034925357e-45 9.409500690953048109e-43 3.956403236703239944e-40 6.044074618813354386e-37 1.762145239247198050e-32 1.044024408040284820e-20
3.705759197324415055e+00 1.157428707675879994e-56 3.649148151631297812e-53 2.443093432945922026e-50 7.952308753775291051e-48 2.047298959212611982e-45 6.620933527679906620e-43 2.776865991167765194e-40 4.238791008503673748e-37 1.241036154812593970e-32 7.843691456657013964e-21
3.719133779264214290e+00 8.431506844397258595e-57 2.628835270290177139e-53 1.746008227947431855e-50 5.649046573117655674e-48 1.447334025852008867e-45 4.662538523348199492e-43 1.950433474085442615e-40 2.974607310781244996e-37 8.744057092123996021e-33 5.889037942657232887e-21
3.732508361204013525e+00 6.147760645646641803e-57 1.895552809694282872e-53 1.248956231340390607e-50 4.016444180922299239e-48 1.024062567182505671e-45 3.286057511767991486e-43 1.370972380869500754e-40 2.088781482401027247e-37 6.163522875717182857e-33 4.418652698288977400e-21
3.745882943143812760e+00 4.486698721117922419e-57 1.368064806953192062e-53 8.942125654370009664e-51 2.858190423818850577e-48 7.251919086168406115e-46 2.317802143871155610e-43 9.643775392721854486e-41 1.467683302887325402e-37 4.346444306611841240e-33 3.313329123391559985e-21
3.759257525083611995e+00 3.277422891830469363e-57 9.882648788387524977e-54 6.408034360104921903e-51 2.035736733386542400e-48 5.139805291844917987e-46 1.636156989432575616e-43 6.788686242826707733e-41 1.031924412102682236e-37 3.066407385481461043e-33 2.482995209486912851e-21
3.772632107023411674e+00 2.396244369418172762e-57 7.145516268643387433e-54 4.596183024789183866e-51 1.451213408049691888e-48 3.645911804569434164e-46 1.155899087402778061e-43 4.782380053031540810e-41 7.260052904759484441e-38 2.164301218908129359e-33 1.859649292068058462e-21
3.786006688963210909e+00 1.753558353067669165e-57 5.171125606039670493e-54 3.299560738403948670e-51 1.035424302855583163e-48 2.588391318402502576e-46 8.172597688173631088e-44 3.371487423827315150e-41 5.111027227147859542e-38 1.528266572310347595e-33 1.391993550972177965e-21
3.799381270903010144e+00 1.284391128400148035e-57 3.745635050469319083e-54 2.370823306947910427e-51 7.394026757633223576e-49 1.839147240361293216e-46 5.782883890606079215e-44 2.378578558406361567e-41 3.600420503344505917e-38 1.079631306379525355e-33 1.041361271258623701e-21
3.812755852842809379e+00 9.415856019964665841e-58 2.715516335472266735e-54 1.705000148004319460e-51 5.284665013452572084e-49 1.307869331123149037e-46 4.095169366037613182e-44 1.679311735695704103e-41 2.537902665369113674e-38 7.630414095974368696e-34 7.786289385692691396e-22
3.826130434782609058e+00 6.908841890377841009e-58 1.970442033507886597e-54 1.227240721987446827e-51 3.780296658796218011e-49 9.308334897399228405e-47 2.902292543600498424e-44 1.186485309244940596e-41 1.790084171064457689e-38 5.395333751540860106e-34 5.818772177412725089e-22
3.839505016722408293e+00 5.073774297201335104e-58 1.431056898087247705e-54 8.841239098510072641e-52 2.706477801220702865e-49 6.630372467143384703e-47 2.058502017765230279e-44 8.388995458547567547e-42 1.263422826019331222e-38 3.816693902317158660e-34 4.346208092112609907e-22
3.852879598662207528e+00 3.729366005888246444e-58 1.040231152997402829e-54 6.374887141686995397e-52 1.939328680003923888e-49 4.726728138544290620e-47 1.461171055298384177e-44 5.935720193898482224e-42 8.922791694917791464e-39 2.701197548966223103e-34 3.244700133156458319e-22
3.866254180602006763e+00 2.743559540165177390e-58 7.567984963827974495e-55 4.600508156554987164e-52 1.390800805361310640e-49 3.372396131589818980e-47 1.037980816705454552e-44 4.202928935172897310e-42 6.305645092503800807e-39 1.912610377543258112e-34 2.421195893239222788e-22
3.879628762541805997e+00 2.020072005011714320e-58 5.510688475296720829e-55 3.322852080170759569e-52 9.982589457154647567e-50 2.408076534233675335e-47 7.379296125816229703e-45 2.978140073669358574e-42 4.458974235072329731e-39 1.354874015170464267e-34 1.805855150973043993e-22
3.893003344481605676e+00 1.488640964386446792e-58 4.016099032237869574e-55 2.402072320830613100e-52 7.171078159124260817e-50 1.720894381491180475e-47 5.250210640670773427e-45 2.111795729094799069e-42 3.155128011309298693e-39 9.602285619742748605e-35 1.346293399500649015e-22
3.906377926421404911e+00 1.097946880553258501e-58 2.929366347618216864e-55 1.737916835729036369e-52 5.155690951672239871e-50 1.230803878614879799e-47 3.738294569803529438e-45 1.498551447935475110e-42 2.233960411713540823e-39 6.808550126244613313e-35 1.003243676274439417e-22
3.919752508361204146e+00 8.104729950029974460e-59 2.138510886530163743e-55 1.258455101762075625e-52 3.709784502518893637e-50 8.809934574298977030e-48 2.663815441459915554e-45 1.064151857498452500e-42 1.582742586523497046e-39 4.829920048104711376e-35 7.472897701870338685e-23
3.933127090301003381e+00 5.987689187165422622e-59 1.562483854175061579e-55 9.120324171529655283e-53 2.671579413901885232e-50 6.311087120401417815e-48 1.899622803889250423e-45 7.562179434085262708e-43 1.122073397346190741e-39 3.427926145555084070e-35 5.564080582382144886e-23
3.946501672240803060e+00 4.427321585445489111e-59 1.142572353036827858e-55 6.615225249834360469e-53 1.925499060000712694e-50 4.524616855741713225e-48 1.355695173382745168e-45 5.377754556450005627e-43 7.959911126334279017e-40 2.434053233615235955e-35 4.141191600480740076e-23
3.959876254180602295e+00 3.276284934541184466e-59 8.362070035347969269e-56 4.802184218376839527e-53 1.388905097151817642e-50 3.246415175301552708e-48 9.682487720747209988e-46 3.827055834165725231e-43 5.650292560265408424e-40 1.729165802680174801e-35 3.080991119925163480e-23
3.973250836120401530e+00 2.426491128431125359e-59 6.124965332264807593e-56 3.488918525979739470e-53 1.002660937802452581e-50 2.331145613786946166e-48 6.920554286359882982e-46 2.725446263279994833e-43 4.013369833290019087e-40 1.229000231696582019e-35 2.291365374174277056e-23
3.986625418060200765e+00 1.798580516490767333e-59 4.490048729118569388e-56 2.536872809184000026e-53 7.244127947356075460e-51 1.675237210745460844e-48 4.950198435563706769e-46 1.942310337635751805e-43 2.852480627695268484e-40 8.739303575251878105e-36 1.703501389486124438e-23
4.000000000000000000e+00 1.334236745007043560e-59 3.294229946287085225e-56 1.846122195493283208e-53 5.238016410137677899e-51 1.204823029405365125e-48 3.543487623882303308e-46 1.385182350702317258e-43 2.028669145145980239e-40 6.217445068167815037e-36 1.266019097915179705e-23
