1.000000000000000021e-03 5.682469802321180532e-09 4.041409433395210211e-25 4.246933720563028150e-37 4.983596257338388038e-50 4.523863399523088690e-64 3.236141125384570234e-80 3.464487820583605280e-100 1.119283519604371207e-124 4.260038479534500399e-161 2.038723087073309933e-226
1.437458193979933296e-02 1.427053739627187949e-06 1.870968405462488925e-21 8.267527645966935702e-33 3.920903867945885801e-45 1.463068542839991702e-58 4.885715490882207250e-74 3.246433060645267971e-93 8.987181624723396374e-117 7.414208614523466975e-152 7.029214178180841766e-215
2.774916387959866504e-02 6.182262804898636993e-06 1.259011935803684866e-19 2.190410487277042010e-30 3.943729823252010036e-42 5.683138401190929044e-55 8.282673435687598286e-70 3.156533022319099338e-88 6.828476107466634653e-111 1.071307665644104020e-144 1.610390532341684560e-205
4.112374581939799711e-02 1.522368099363377082e-05 4.081748808012197820e-18 2.627178963373672193e-28 1.692538562971073453e-39 8.879217434658390176e-52 5.299324386336326863e-66 1.074869120236027711e-83 1.665269402653744374e-105 4.389667933644926227e-138 8.473072160502798424e-197
5.449832775919732919e-02 2.911963034966838409e-05 8.761811777154551009e-17 1.966909675254609965e-26 4.287147524122642683e-37 7.742446652115434922e-49 1.781563858743285719e-62 1.791781728702976730e-79 1.830411481939580189e-100 7.209266342191884246e-132 1.463242198106571607e-188
6.787290969899666127e-02 4.808326995697940548e-05 1.391735249662143178e-15 1.030471953466197408e-24 7.206186905716020273e-35 4.248988761364770439e-46 3.560201809079315273e-59 1.660235129389009598e-75 1.034092542340710162e-95 5.444844247969944930e-126 9.614994080401913296e-181
8.124749163879599334e-02 7.207166038037505313e-05 1.730042589558429914e-14 4.007017395740452082e-23 8.549209726492641317e-33 1.565197831868014659e-43 4.523763489716381581e-56 9.178592548591066394e-72 3.236215247898091374e-91 2.049833913125771998e-120 2.631222446998817525e-173
9.462207357859532542e-02 1.008931895064271500e-04 1.742092601574177654e-13 1.200294816131504811e-21 7.449059702094573574e-31 4.037584771018734307e-41 3.823631472155281005e-53 3.177724633701129122e-68 5.910696272248078936e-87 4.074504900271947706e-115 3.205362780754936057e-166
1.079966555183946575e-01 1.342867548333368487e-04 1.455704958348513574e-12 2.844491204375715923e-20 4.907413534325350813e-29 7.526867471194679835e-39 2.224363859324491441e-50 7.150201406000481689e-65 6.561966565754285942e-83 4.476201148383860775e-110 1.835147274177498418e-159
1.213712374581939896e-01 1.719658874404100281e-04 1.028100177133496277e-11 5.444611803918239334e-19 2.501276877996213614e-27 1.039956240030521349e-36 9.156280712080676001e-48 1.078092767839609371e-61 4.580849299453387934e-79 2.824861142893583787e-105 5.173617727210324523e-153
1.347458193979933216e-01 2.136385628745062989e-04 6.228556953952209881e-11 8.561730075286401548e-18 1.005404153195439062e-25 1.087830869590452067e-34 2.730551813308105134e-45 1.118235477976785730e-58 2.070804433920196621e-75 1.059326851649816881e-100 7.485342982890222672e-147
1.481204013377926398e-01 2.590163135997708139e-04 3.277390682047388877e-10 1.122228587063967294e-16 3.240041232107816325e-24 8.775739883676263076e-33 6.022372046204034413e-43 8.166129932827321396e-56 6.222424397304559283e-72 2.433144564342895295e-96 5.769784898138605012e-141
1.614949832775919858e-01 3.078207357165368366e-04 1.513985130731210166e-09 1.241725027307459240e-15 8.493870441202103335e-23 5.550263730225162611e-31 1.000652960657814215e-40 4.286983407708365839e-53 1.272501845198942394e-68 3.518586400863700639e-92 2.451835160908225168e-135
1.748695652173913317e-01 3.597887995252275909e-04 6.198408362916622747e-09 1.172968349054482628e-14 1.835117987610931459e-21 2.793043030922694023e-29 1.273662125847655880e-38 1.648803925524380731e-50 1.809666201714304632e-65 3.285496686783935803e-88 5.927945551829905633e-130
1.882441471571906499e-01 4.146742407898075479e-04 2.268223561415733834e-08 9.555938367476809387e-14 3.306391943437607543e-20 1.133516249220174694e-27 1.260993650283131682e-36 4.727348365802939032e-48 1.825566912184074863e-62 2.027677226227669569e-84 8.396561985490288839e-125
2.016187290969899681e-01 4.722407085368387028e-04 7.476066425456126240e-08 6.776398837769810947e-13 5.021864508706653019e-19 3.756066779430320777e-26 9.848378489274839378e-35 1.026754961483408130e-45 1.330554434799642968e-59 8.452129216760960811e-81 7.159985059314826875e-120
2.149933110367893141e-01 5.322416204512028142e-04 2.235059792922702203e-07 4.218332986301756553e-12 6.493951023898623859e-18 1.027895139837769736e-24 6.146926912282210428e-33 1.714666982571731413e-43 7.127159080144919129e-57 2.428084672121643452e-77 3.770379244291179049e-115
2.283678929765886600e-01 5.943807949468388630e-04 6.100118248666932107e-07 2.323213170715681478e-11 7.215619598019008813e-17 2.347826756427749578e-23 3.103409357807357028e-31 2.232398409202850251e-41 2.850763809141909801e-54 4.898648937182165353e-74 1.255640965203034268e-110
2.417424749163879782e-01 6.582477024185848192e-04 1.529032453107641349e-06 1.140203757777429750e-10 6.947989328824584672e-16 4.520175005504289270e-22 1.281727340934936134e-29 2.295390166431357594e-39 8.642274973015845153e-52 7.064260212294958461e-71 2.704322227499539326e-106
2.551170568561872964e-01 7.232240591723960001e-04 3.539482073458103618e-06 5.020397642391145457e-10 5.844000438537661149e-15 7.402844910663610816e-21 4.376160267901103530e-28 1.886625117456564533e-37 2.013580360686382360e-49 7.403262900920258079e-68 3.846651739537117188e-102
2.684916387959866424e-01 7.883669878745853911e-04 7.606121378593371303e-06 1.995607554682948562e-09 4.325555693049912186e-14 1.040203669383930805e-19 1.247397393493111901e-26 1.253662022618464840e-35 3.653107183969817897e-47 5.726628174010463872e-65 3.685688681274809646e-98
2.818662207357859883e-01 8.522882877507326205e-04 1.524759878589619184e-05 7.203354162308845830e-09 2.837012428662762145e-13 1.264154424625794631e-18 2.995965870017995074e-25 6.807077777232700492e-34 5.224494702286278485e-45 3.317775924935691334e-62 2.423527287206150838e-94
2.952408026755852788e-01 9.130655231429123586e-04 2.864445442644970546e-05 2.374090708260967820e-08 1.659533750956577471e-12 1.338793277787977732e-17 6.115771417206008313e-24 3.050482604155346837e-32 5.958470939301787325e-43 1.459656358212560453e-59 1.112991372949057111e-90
3.086153846153846247e-01 9.682307826534379807e-04 5.064651685342194817e-05 7.181194806174441844e-08 8.710864847508255604e-12 1.244313799041098948e-16 1.069756657475291528e-22 1.138912446257110679e-30 5.478510688687947305e-41 4.940268682147294370e-57 3.629471451385743534e-87
3.219899665551839707e-01 1.014878529491503902e-03 8.462296268789762377e-05 2.003240861435003335e-07 4.126413665306170240e-11 1.021734537224779161e-15 1.615725203451036736e-21 3.574174339043297264e-29 4.102848785779703443e-39 1.302176490508084433e-54 8.536846299669529587e-84
3.353645484949833167e-01 1.049910727847699465e-03 1.341257000892228616e-04 5.177071018136824682e-07 1.773618568075653497e-10 7.458613727872454013e-15 2.122442488174036992e-20 9.507249602574058043e-28 2.527032707544942006e-37 2.704180504470334114e-52 1.469865325407488441e-80
3.487391304347826626e-01 1.070399421444921369e-03 2.023834647916607427e-04 1.244840672596652414e-06 6.952295705909935966e-10 4.869159874062017528e-14 2.441457466626350314e-19 2.160498690742999188e-26 1.291849488139614839e-35 4.473007218046762255e-50 1.878713350410057215e-77
3.621137123745819530e-01 1.074006421608023195e-03 2.916962004859207595e-04 2.796284683009925787e-06 2.497216918700436099e-09 2.858544521300963858e-13 2.475143116321717651e-18 4.225803817127783447e-25 5.528969117632133028e-34 5.954644659064431966e-48 1.806338873360111918e-74
3.754882943143812990e-01 1.059372477989501760e-03 4.028388722819873442e-04 5.890449793819529005e-06 8.256722921973149789e-09 1.517104111277936186e-12 2.224990591930721223e-17 7.164403520633260585e-24 1.997375419094715831e-32 6.442555243061056275e-46 1.322949244112485972e-71
3.888628762541806450e-01 1.026386231096542302e-03 5.345966515992193807e-04 1.167843952372895843e-05 2.523701345997354966e-08 7.315170470732290969e-12 1.783723905636905103e-16 1.059887903590345386e-22 6.137909627364090563e-31 5.717881302835010574e-44 7.468917826826670635e-69
4.022374581939799354e-01 9.762687744917854541e-04 6.835351638431405325e-04 2.186622219569816448e-05 7.159813716888275015e-08 3.219692802363379720e-11 1.282210097081911378e-15 1.376855044286315510e-21 1.616257457068842034e-29 4.199567449511149918e-42 3.287315847302928606e-66
4.156120401337792813e-01 9.114543902904400675e-04 8.440667338929360927e-04 3.878969342041266690e-05 1.892603323217569284e-07 1.299327154706711784e-10 8.307259527788544517e-15 1.580008346790705660e-20 3.672376026323389604e-28 2.573868910366409182e-40 1.140099797609218395e-63
4.289866220735786273e-01 8.352966669961386795e-04 1.008819431221911469e-03 6.539355491677870840e-05 4.678255975398998498e-07 4.828006710747491670e-10 4.874620304880756515e-14 1.610765540319618140e-19 7.247550110841980223e-27 1.326829421864095465e-38 3.147568951934865529e-61
4.423612040133779733e-01 7.516662474158923623e-04 1.169263834890366723e-03 1.050693669832063084e-04 1.085086520507701397e-06 1.658434009564446297e-09 2.602648849701918786e-13 1.466691709160269039e-18 1.250135131581367903e-25 5.796295883285741357e-37 6.984425910597349037e-59
4.557357859531773192e-01 6.645221547648303643e-04 1.316512449295806006e-03 1.613292246155110458e-04 2.369256621861191949e-06 5.286347721313089486e-09 1.269949067279741516e-12 1.198923153663291640e-17 1.895922764054387711e-24 2.161169368757644543e-35 1.257167902789871237e-56
4.691103678929766096e-01 5.775317720724522461e-04 1.442183120315908371e-03 2.373273085225067363e-04 4.885000407999196615e-06 1.569288098224490440e-08 5.686700643641034868e-12 8.840772799777682058e-17 2.542312611830974014e-23 6.924232059868026446e-34 1.851616419771303069e-54
4.824849498327759556e-01 4.937912181767480872e-04 1.539211470105692836e-03 3.352840742127293156e-04 9.538698948576908884e-06 4.353337236859980345e-08 2.346142057796872127e-11 5.907864295851044576e-16 3.030446569663421444e-22 1.918648778122266257e-32 2.250128542698930225e-52
4.958595317725753016e-01 4.156678477907341436e-04 1.602507411257834188e-03 4.559051151359511133e-04 1.768830454322793040e-05 1.132200916043785384e-07 8.951571719167869327e-11 3.593421338301556122e-15 3.227480434150237242e-21 4.626153691343688535e-31 2.274005300635013378e-50
5.092341137123745920e-01 3.447592171389491115e-04 1.629375448600353226e-03 5.979068218766806896e-04 3.123147785643184623e-05 2.769140347673073788e-07 3.169905114686323000e-10 1.997679608381332189e-14 3.086041115144052127e-20 9.762835653163561538e-30 1.925610489169090631e-48
5.226086956521739380e-01 2.819441189182161044e-04 1.619654587385389996e-03 7.577560885937469765e-04 5.263611889164500536e-05 6.387914364949117019e-07 1.045371403393344176e-09 1.019057080817573243e-13 2.661465022213621568e-19 1.813310520158282267e-28 1.376094110372672919e-46
5.359832775919732839e-01 2.274930588187912262e-04 1.575575968156949641e-03 9.297006084069618474e-04 8.487454267980923980e-05 1.393719504497795879e-06 3.220895613405883912e-09 4.788046623198588085e-13 2.079335237487503467e-18 2.979907135699714581e-27 8.355913874718661875e-45
5.493578595317726299e-01 1.812063064228754356e-04 1.501377596911649586e-03 1.106116062952715827e-03 1.312304169036652111e-04 2.883657515855149813e-06 9.300399995063289178e-09 2.079503502716176966e-12 1.477835108813896278e-17 4.354649554057302107e-26 4.339411695667822878e-43
5.627324414715719758e-01 1.425541188953334971e-04 1.402747999701165361e-03 1.278138260678878934e-03 1.949676374415836673e-04 5.672271571858784038e-06 2.524175542472919316e-08 8.376895242148387554e-12 9.592958109699003840e-17 5.685998054241649275e-25 1.939335201317709722e-41
5.761070234113713218e-01 1.108024159964642188e-04 1.286188301353694344e-03 1.436495348161901525e-03 2.788801490470234888e-04 1.063296119581869084e-05 6.457206508434137507e-08 3.140074858685420202e-11 5.708877477071996464e-16 6.664221235196878628e-24 7.502918459807123811e-40
5.894816053511705567e-01 8.511541492802458418e-05 1.158382703483205401e-03 1.572419194410193486e-03 3.847749612896357824e-04 1.903804644532332551e-05 1.561114271393112983e-07 1.098692782968459777e-10 3.126011579953615569e-15 7.041672913852288680e-23 2.527061815842800645e-38
6.028561872909699026e-01 6.463304599817601469e-05 1.025652424945454637e-03 1.678503018077200570e-03 5.129684459050507699e-04 3.262864036811530526e-05 3.575968876664347857e-07 3.598950827315798955e-10 1.580410712560226145e-14 6.735872402306125319e-22 7.449922638546237617e-37
6.162307692307692486e-01 4.852496536214117575e-05 8.935430407344982463e-04 1.749385547483338181e-03 6.618897690933115297e-04 5.363817988492706009e-05 7.779918358613369312e-07 1.106788151424539525e-09 7.401476932042047982e-14 5.856378516942847374e-21 1.932300727175635985e-35
6.296053511705685946e-01 3.602495367394177085e-05 7.665665114759457905e-04 1.782176111539500191e-03 8.278793386934261761e-04 8.474070041508274950e-05 1.611326283572213193e-06 3.204146407669725381e-09 3.221074383725651438e-13 4.645470208828876115e-20 4.431205045179251530e-34
6.429799331103679405e-01 2.645003325257374533e-05 6.480932424349966419e-04 1.776581602583151513e-03 1.005243764029759880e-03 1.289002949929079112e-04 3.184034985175689551e-06 8.754623869011470551e-09 1.306534258268481971e-12 3.374191867983378882e-19 9.026840059847972844e-33
6.563545150501672865e-01 1.920835539207009509e-05 5.403704914969773183e-04 1.734745014745623553e-03 1.186586841452021666e-03 1.891118514078687939e-04 6.015513967302583669e-06 2.263124405051848524e-08 4.953639476243433794e-12 2.251924875938009852e-18 1.640851767899361389e-31
6.697290969899666324e-01 1.379926799529782463e-05 4.446330661008035924e-04 1.660846756548842130e-03 1.363387539068660779e-03 2.680438103607317326e-04 1.088781433190169936e-05 5.548131265022673372e-08 1.760364480276256660e-11 1.385543976170795588e-17 2.672947829248267979e-30
6.831036789297659784e-01 9.808259532445383396e-06 3.612699519209477744e-04 1.560547423882033876e-03 1.526751662140904192e-03 3.676175362063686274e-04 1.891532198866921840e-05 1.292794249106030928e-07 5.878879662466942881e-11 7.883961252170412576e-17 3.918196221121231045e-29
6.964782608695653243e-01 6.898828680841557493e-06 2.900142745055473131e-04 1.440361303717495843e-03 1.668233481896837841e-03 4.885793721571716694e-04 3.159984323908263153e-05 2.869400497075469161e-07 1.849653270372202640e-10 4.161426819619345956e-16 5.188797733680695088e-28
7.098528428093645593e-01 4.802794539384958458e-06 2.301312372239819500e-04 1.307044526945372364e-03 1.780613162488029659e-03 6.301346744363127547e-04 5.085221823480704347e-05 6.078919654480104498e-07 5.495830108258970831e-10 2.043492051765401706e-15 6.231169152474009333e-27
7.232274247491639052e-01 3.310136636349273393e-06 1.805870379555252355e-04 1.167064428730592686e-03 1.858526506990615390e-03 7.897135998425231385e-04 7.896018939376576941e-05 1.231660769789266878e-06 1.545691456362703786e-09 9.361428852162689542e-15 6.810243603351938712e-26
7.366020066889632512e-01 2.259117762588677685e-06 1.401895147356708711e-04 1.026192766123119361e-03 1.898871786477436454e-03 9.629245106884308731e-04 1.184853009518843051e-04 2.391137740981579436e-06 4.123978006272405372e-09 4.011477876685596808e-14 6.797484435867778528e-25
7.499765886287625971e-01 1.527177086037301701e-06 1.076974374649736791e-04 8.892404863547569410e-04 1.900957201113042880e-03 1.143724402592020311e-03 1.720798195895608816e-04 4.456060260402915617e-06 1.046000165145369421e-08 1.612003008596533901e-13 6.216783392979709399e-24
7.633511705685619431e-01 1.022872743770537294e-06 8.189963596165917171e-05 7.599301198338466456e-04 1.866393418532956818e-03 1.324801739171365192e-03 2.422274874694009691e-04 7.985111893882797905e-06 2.527256429048497364e-08 6.089568842779713517e-13 5.226308048038146345e-23
7.767257525083612890e-01 6.789938084045413112e-07 6.166767050178925387e-05 6.408862404932359107e-04 1.798770885840773447e-03 1.498132384113212917e-03 3.309273841801890835e-04 1.378201077031257234e-05 5.827920620998255939e-08 2.167618187635982122e-12 4.050970290383609844e-22
7.901003344481606350e-01 4.468453279049016529e-07 4.598687766271434500e-05 5.337156466140352464e-04 1.703185738629329213e-03 1.655641015672672158e-03 4.393552121052297530e-04 2.294736066902586694e-05 1.285095778649401285e-07 7.286672675626315491e-12 2.903533614127426182e-21
8.034749163879598699e-01 2.916316152757801701e-07 3.397079076428119210e-05 4.391463730413460364e-04 1.585688727165274637e-03 1.789884005432696877e-03 5.675474375962233147e-04 3.691461354066269841e-05 2.714523417890309175e-07 2.318254416198296917e-11 1.929815825060565721e-20
8.168494983277592159e-01 1.888161346825407614e-07 2.486352501809329979e-05 3.571968637757734011e-04 1.452729250587201206e-03 1.894667988684329988e-03 7.141578904470321761e-04 5.745622547697776678e-05 5.502196232491400989e-07 6.994808009047698123e-11 1.192599056537151785e-19
8.302240802675585618e-01 1.213146190443385938e-07 1.803402627260193640e-05 2.873517995224687729e-04 1.310654220384576112e-03 1.965530788408665231e-03 8.763319144285733851e-04 8.664602286195111211e-05 1.071968641799564933e-06 2.005557420892465981e-10 6.870435564930632138e-19
8.435986622073579078e-01 7.737478231141162964e-08 1.296530600991923602e-05 2.287274938020756395e-04 1.165303156431555121e-03 2.000034692917105131e-03 1.049730059319391650e-03 1.267667249446677443e-04 2.010588080508610492e-06 5.474780421086634082e-10 3.698812549476060957e-18
8.569732441471572537e-01 4.900497914395688005e-08 9.241040318564306953e-06 1.802161329685737301e-04 1.021720864523599243e-03 1.997851224081368619e-03 1.228713579222070898e-03 1.801577344895174547e-04 3.636003238299727790e-06 1.425495828317895679e-09 1.865362004072205700e-17
8.703478260869565997e-01 3.083020447408912926e-08 6.531255340446596252e-06 1.406036049878775800e-04 8.839907441886007966e-04 1.960645844465277229e-03 1.406681090286456383e-03 2.490071952814887162e-04 6.349294282805732191e-06 3.546478973770944051e-09 8.832438717227076647e-17
8.837224080267559456e-01 1.927290367357400539e-08 4.578277823423737955e-06 1.086598452708813830e-04 7.551775282077781860e-04 1.891795624956436146e-03 1.576523778787195570e-03 3.351026356553320185e-04 1.072117583288733429e-05 8.444934655425870082e-09 3.935229752333317334e-16
8.970969899665552916e-01 1.197537810625623940e-08 3.183697746539604652e-06 8.320346800390639023e-05 6.373590707550696576e-04 1.795989408585036253e-03 1.731149457959843410e-03 4.395644062506651965e-04 1.752942354341750910e-05 1.927836000833806454e-08 1.653292990754868242e-15
9.104715719063546375e-01 7.398381341128230947e-09 2.196760965680231029e-06 6.314410321678606071e-05 5.317225890681354051e-04 1.678767115812672015e-03 1.864016431579751561e-03 5.625935177638860312e-04 2.778888780837551073e-05 4.225710162665002401e-08 6.563007318102043077e-15
9.238461538461538725e-01 4.545907476625065478e-09 1.504369539330308636e-06 4.750657941540823315e-05 4.387006796677612921e-04 1.546053067504205491e-03 1.969617839689038682e-03 7.032686048546330166e-04 4.276626802393348846e-05 8.907193917925413712e-08 2.466486164099318644e-14
9.372207357859532184e-01 2.778872267725450515e-09 1.022700757297108730e-06 3.544115493612225610e-05 3.581252564025849726e-04 1.403729481269549214e-03 2.043865512240809843e-03 8.594245093110440938e-04 6.397133594777835921e-05 1.808112720282285617e-07 8.792137277385293212e-14
9.505953177257525644e-01 1.690460093506724632e-09 6.903482392080069947e-07 2.622365480127071682e-05 2.893820278882708232e-04 1.257283302203817191e-03 2.084337412514152520e-03 1.027637306494842175e-03 9.311721256645084704e-05 3.539668070449359420e-07 2.978082766215503004e-13
9.639698996655519103e-01 1.023647027262801120e-09 4.628263063706101237e-07 1.924880851499683794e-05 2.315531553661711380e-04 1.111545037800046754e-03 2.090371600701272300e-03 1.203328464452167951e-03 1.320448238049269694e-04 6.691745810750351519e-07 9.602024296585267945e-13
9.773444816053512563e-01 6.171936234718606771e-10 3.082502548247084863e-07 1.401944695613996336e-05 1.835405066925407296e-04 9.705246453358474298e-04 2.063009044843521454e-03 1.380986070313304720e-03 1.826106784769307130e-04 1.223272057454108940e-06 2.951900737660062271e-12
9.907190635451506022e-01 3.706224352778532237e-10 2.040000551635922257e-07 1.013359306015609682e-05 1.441659573065134925e-04 8.373384208219210095e-04 2.004804610048056129e-03 1.554486036649333630e-03 2.465421773097675479e-04 2.165014098748756504e-06 8.666744649221066215e-12
1.004093645484949837e+00 2.217126482299642039e-10 1.341851288670407601e-07 7.270922537595134705e-06 1.122482660682079389e-04 7.142131109154544475e-04 1.919538011796330552e-03 1.717483306790345632e-03 3.252700376996865879e-04 3.714336383579992372e-06 2.433897828946650274e-11
1.017468227424749072e+00 1.321610196880572209e-10 8.774677900025435195e-08 5.179601159012004152e-06 8.665815730818910811e-05 6.025492404110573477e-04 1.811863310355410137e-03 1.863834296601149000e-03 4.197522119731322593e-04 6.184373566418612643e-06 6.547765123538752743e-11
1.030842809364548529e+00 7.851856782596707136e-11 5.705784253190834477e-08 3.664129818561260287e-06 6.635448286543536194e-05 5.030245091515110189e-04 1.686936593717320741e-03 1.988008366554641984e-03 5.303070149865347352e-04 1.000457342714573219e-05 1.689885070789220005e-10
1.044217391304347764e+00 4.650457532196509843e-11 3.690289798415023699e-08 2.574542542017570461e-06 5.040489475298595018e-05 4.157193409261523758e-04 1.550057665843294864e-03 2.085448304554108224e-03 6.564743868283857194e-04 1.574230384729705711e-05 4.189875601531839806e-10
1.057591973244147221e+00 2.746426270810250217e-11 2.374481562241448627e-08 1.797094994747287794e-06 3.799452034092352920e-05 3.402494332083274339e-04 1.406354218398123438e-03 2.152846992295046839e-03 7.969229611382538762e-04 2.411949364112664007e-05 9.993328001931294725e-10
1.070966555183946456e+00 1.617633850482198037e-11 1.520340870563428132e-08 1.246438697703037897e-06 2.842587153310882763e-05 2.758936806377137617e-04 1.260527742611883446e-03 2.188318269510981535e-03 9.494169524976452286e-04 3.602028624456994832e-05 2.295878675144265808e-09
1.084341137123745691e+00 9.504299754040499472e-12 9.688929796381839931e-09 8.591856589031977218e-07 2.111277982004125788e-05 2.217094945169622113e-04 1.116670883823782769e-03 2.191452711272909477e-03 1.110851263460366310e-03 5.248562074093291498e-05 5.087011057629202303e-09
1.097715719063545148e+00 5.571496330614307601e-12 6.147098425237131087e-09 5.887170332855280608e-07 1.557063679882781919e-05 1.766308709056440098e-04 9.781573078715269983e-04 2.163261711225464030e-03 1.277356382507262083e-03 7.469124013084471332e-05 1.088373277197525741e-08
1.111090301003344383e+00 3.259239742890801891e-12 3.883459433387094807e-09 4.010669016433828925e-07 1.140470747313947726e-05 1.395473124021566990e-04 8.475982729246768618e-04 2.106024257048073542e-03 1.444467496673502733e-03 1.039069154836095112e-04 2.251143160195320253e-08
1.124464882943143840e+00 1.902966771024533701e-12 2.443510010531661462e-09 2.717093339069867912e-07 8.297815942138722829e-06 1.093637806897765677e-04 7.268553830410786655e-04 2.023058885658714223e-03 1.607345684981689900e-03 1.414365887604913344e-04 4.506402157198773965e-08
1.137839464882943075e+00 1.109152174846936466e-12 1.531603647387997604e-09 1.830864633714765307e-07 5.998303048713829251e-06 8.504325998924312541e-05 6.170964592024107175e-04 1.918447881114424252e-03 1.761033875517743763e-03 1.885414624535427684e-04 8.740445380025095543e-08
1.151214046822742532e+00 6.454575407981649421e-13 9.565405222213682312e-10 1.227319611868526964e-07 4.308831147772724179e-06 6.563432902144585989e-05 5.188808363423708927e-04 1.796741774751204300e-03 1.900727001802831814e-03 2.463504770022049853e-04 1.644271590977388819e-07
1.164588628762541767e+00 3.750848309061936322e-13 5.953473566822886223e-10 8.186417944791096810e-08 3.076360541305630879e-06 5.028648942982877015e-05 4.322612502230477132e-04 1.662670063012065607e-03 2.022034767870614994e-03 3.157647392886752617e-04 3.003271424921967096e-07
1.177963210702341001e+00 2.176919881294380895e-13 3.693435099317920935e-10 5.434368161981542047e-08 2.183437792040408137e-06 3.825600818338227007e-05 3.568913244923383496e-04 1.520879551340004621e-03 2.121216624148342372e-03 3.973639374312460423e-04 5.331225659322844169e-07
1.191337792642140458e+00 1.262029872071246633e-13 2.284356826391176270e-10 3.590923293860560835e-08 1.540807835118036449e-06 2.890481670050334067e-05 2.921300369585989247e-04 1.375715803893645889e-03 2.195371707173268943e-03 4.913233291142841096e-04 9.206356496598665749e-07
1.204712374581939693e+00 7.309228859273473520e-14 1.408798314092984491e-10 2.362364627704522025e-08 1.081278594640438845e-06 2.169466727264059733e-05 2.371370429040324350e-04 1.231056768512198661e-03 2.242571142318216301e-03 5.973493992409822364e-04 1.548034125588647724e-06
1.218086956521739150e+00 4.229667019504296868e-14 8.664841800284455510e-11 1.547575817280332858e-08 7.547182320961739373e-07 1.617835199980634405e-05 1.909550729025567709e-04 1.090201562848217313e-03 2.261925658337779824e-03 7.146407954116612343e-04 2.536860857915419851e-06
1.231461538461538385e+00 2.445845401231872701e-14 5.315847137611109840e-11 1.009718156251402356e-08 5.240419647028333735e-07 1.198939299530661580e-05 1.525776202363778684e-04 9.558122470932999253e-04 2.253587275750342737e-03 8.418788751445592565e-04 4.055231342179876897e-06
1.244836120401337842e+00 1.413491453990030290e-14 3.253531804423093386e-11 6.562497007332181794e-09 3.620398627375838037e-07 8.831248157217347306e-06 1.210017000098604229e-04 8.299025241439785287e-04 2.218689297348430418e-03 9.772494636380560287e-04 6.328571150099893579e-06
1.258210702341137077e+00 8.164876513379310608e-15 1.986903094105773122e-11 4.249469134279558548e-09 2.489029990876404726e-07 6.466762353232703440e-06 9.526658364906820874e-05 7.138648206381730107e-04 2.159233433933256934e-03 1.118494606145184868e-03 9.649929062453865134e-06
1.271585284280936534e+00 4.714623398929783430e-15 1.210886338624214031e-11 2.742022807229774522e-09 1.703180772431773539e-07 4.708336393698867904e-06 7.448012473823736326e-05 6.085260431083963769e-04 2.077936271859294037e-03 1.262990569450495948e-03 1.438858456488641245e-05
1.284959866220735769e+00 2.721647954516197063e-15 7.365442871983470831e-12 1.763399702174520765e-09 1.160167789272372409e-07 3.409085182160007841e-06 5.783466071374858029e-05 5.142222705292536725e-04 1.978049232761733885e-03 1.407846390005038388e-03 2.099543056119877320e-05
1.298334448160535004e+00 1.570901751589615887e-15 4.472235283013264155e-12 1.130432185979894808e-09 7.868318035952353979e-08 2.455106890256293337e-06 4.461457758498263247e-05 4.308834625448282460e-04 1.863166666326520086e-03 1.550016052280223967e-03 3.000351666249208681e-05
1.311709030100334461e+00 9.066525103354177328e-16 2.711065663006539476e-12 7.224724050373137551e-10 5.313915335670717611e-08 1.758879512052684193e-06 3.419753888023843762e-05 3.581206362678004029e-04 1.737035887044034417e-03 1.686416950014990113e-03 4.202223949043608695e-05
1.325083612040133696e+00 5.232970010623533517e-16 1.640976050521982352e-12 4.604136105472573355e-10 3.574279195706928423e-08 1.253731522341028758e-06 2.605117427522594232e-05 2.953096188471238288e-04 1.603381069623020967e-03 1.814047558610419695e-03 5.772399685804077804e-05
1.338458193979933153e+00 3.020717574879429758e-16 9.918965787315435006e-13 2.926109078779024213e-10 2.394813987951687427e-08 8.892916184966047073e-07 1.972675416792089680e-05 2.416671897227875990e-04 1.465750284646485024e-03 1.930098068583568829e-03 7.782268313619988549e-05
1.351832775919732388e+00 1.744069290418023298e-16 5.988052542443636213e-13 1.854863049965338841e-10 1.598570249579176939e-08 6.278014960928888860e-07 1.485108642358911944e-05 1.963170164154132429e-04 1.327391942468505179e-03 2.032048896586764308e-03 1.030441563244030459e-04
1.365207357859531845e+00 1.007267125463122115e-16 3.610863191113346702e-13 1.172934794436418439e-10 1.063247097878319955e-08 4.411692169280669886e-07 1.111759027974544751e-05 1.583441520552826044e-04 1.191163857880481354e-03 2.117753302600527097e-03 1.340896790195257701e-04
1.378581939799331080e+00 5.819516129792338385e-17 2.175163709139375415e-13 7.400080976990668977e-11 7.047642255732101671e-09 3.086440669958919157e-07 8.277248517726278925e-06 1.268379469043295557e-04 1.059475336465526924e-03 2.185501635140723719e-03 1.715942224666240992e-04
1.391956521739130537e+00 3.363743171809735000e-17 1.309108867590818721e-13 4.658625240865493848e-11 4.656117825921484553e-09 2.150030807541456023e-07 6.129922215517411104e-06 1.009240183970357916e-04 9.342603262014766543e-04 2.234065890479851671e-03 2.160823076576980464e-04
1.405331103678929772e+00 1.945286129130413451e-17 7.872417409948410458e-14 2.926807331886460552e-11 3.066454220548485344e-09 1.491518258163557812e-07 4.516335952887678923e-06 7.978644418441792352e-05 8.169779006493285353e-04 2.262724254750334788e-03 2.679246264125226067e-04
1.418705685618729007e+00 1.125637140480365608e-17 4.730781545708021879e-14 1.835270842977130254e-11 2.013455279851882825e-09 1.030556269010735166e-07 3.310904100976540451e-06 6.268162887702402879e-05 7.086351871933441529e-04 2.271266096116933940e-03 3.272989475229011870e-04
1.432080267558528464e+00 6.517721464020859819e-18 2.841138011538984301e-14 1.148758591520229161e-11 1.318255638842139432e-09 7.093085010772355929e-08 2.415466964579839383e-06 4.894539528684730133e-05 6.098272998558341334e-04 2.259978516580900178e-03 3.941587154469911231e-04
1.445454849498327698e+00 3.776613372678305911e-18 1.705403003048104338e-14 7.178458277888301344e-12 8.607304951334961117e-10 4.863836605208159361e-08 1.753933856582857606e-06 3.799481401828104705e-05 5.207888037733232915e-04 2.229616100293067490e-03 4.682122862096653113e-04
1.458829431438127155e+00 2.190000616916684613e-18 1.023236451930025953e-14 4.478751474867183509e-12 5.605327348845842234e-10 3.323243230745151416e-08 1.267783041341564084e-06 2.932615651839618837e-05 4.414516178202381510e-04 2.181355943557995464e-03 5.489149605123933191e-04
1.472204013377926390e+00 1.270999433815780952e-18 6.137291940009090465e-15 2.790320459302514797e-12 3.641295461411061009e-10 2.262781060134050081e-08 9.123404505757385845e-07 2.251017461855548516e-05 3.715049300136582470e-04 2.116740440975014518e-03 6.354749534200720799e-04
1.485578595317725847e+00 7.382936911440353428e-19 3.680149033086897753e-15 1.736076741810865641e-12 2.359855966778700608e-10 1.535596187558627187e-08 6.537452746031641114e-07 1.718570454673020744e-05 3.104535365169284631e-04 2.037610632228215556e-03 7.268732985768512362e-04
1.498953177257525082e+00 4.292574063648040998e-19 2.206360645483020424e-15 1.078813339496832813e-12 1.525955190610504527e-10 1.038774619083718993e-08 4.665068254202019114e-07 1.305238762201919880e-05 2.576719125232243080e-04 1.946033167243572948e-03 8.218965502040162649e-04
1.512327759197324317e+00 2.498229707685071505e-19 1.322645101515123331e-15 6.696217965446889246e-13 9.846353691086383932e-11 7.005353663964547405e-09 3.315601048568789566e-07 9.863108300227044317e-06 2.124521962942337342e-04 1.844224095947797227e-03 9.191801399476456132e-04
1.525702341137123774e+00 1.455435413157460773e-19 7.928623894262253664e-16 4.152031154349104410e-13 6.340678188797289491e-11 4.710388457069274347e-09 2.347346900881381500e-07 7.416581756747997597e-06 1.740450543308143477e-04 1.734472704140824781e-03 1.017259468156302745e-03
1.539076923076923009e+00 8.488258312585539035e-20 4.753030780344611425e-16 2.572052362789169278e-13 4.075402408105903214e-11 3.158302051460074670e-09 1.655609361114101001e-07 5.550381856514908447e-06 1.416930577371248415e-04 1.619068478741754989e-03 1.114625327477750810e-03
1.552451505016722466e+00 4.955956139703612066e-20 2.849647761040527727e-16 1.591938290825636336e-13 2.614726691148078924e-11 2.111893895448080341e-09 1.163477172223514920e-07 4.134586817878934023e-06 1.146567197138529217e-04 1.500233988377636584e-03 1.209780099054169307e-03
1.565826086956521701e+00 2.896921769067005635e-20 1.708786143032012635e-16 9.845495058023660901e-14 1.674743424813977166e-11 1.408516984533051708e-09 8.147606475193764520e-08 3.066132486929061800e-06 9.223372079879690671e-05 1.380066021189677505e-03 1.301291317803209523e-03
1.579200668896321158e+00 1.695363716432597185e-20 1.024913725617737888e-16 6.084854021555193685e-14 1.070977325616983777e-11 9.370711332497537988e-10 5.686253177915186293e-08 2.263898909099912833e-06 7.377209298798672026e-05 1.260486760050235754e-03 1.387839629921527353e-03
1.592575250836120393e+00 9.933935272064593046e-21 6.149162145834317509e-17 3.758366553786915614e-14 6.838562405392087961e-12 6.219439893801163445e-10 3.955460983649178461e-08 1.664511188465347661e-06 5.867826480127372543e-05 1.143206138454151916e-03 1.468258795480450020e-03
1.605949832775919628e+00 5.828097506671313192e-21 3.690613182856636373e-17 2.320162049242192450e-14 4.360568815712085287e-12 4.118554839640736499e-10 2.742790235796035638e-08 1.218806707696099682e-06 4.642090899314833623e-05 1.029695857772341830e-03 1.541566141429179205e-03
1.619324414715719085e+00 3.423680895997520366e-21 2.215944795727314307e-17 1.431661540375499640e-14 2.776868146307486953e-12 2.721440026291361255e-10 1.896101138355545802e-08 8.889040959668681020e-07 3.653150591303792308e-05 9.211749086532959162e-04 1.606982663096458456e-03
1.632698996655518320e+00 2.013881636234670439e-21 1.331128713436028042e-17 8.830732427595868470e-15 1.766200150577144242e-12 1.794557410076905407e-10 1.306928066525631777e-08 6.458017317497854702e-07 2.860245995709637844e-05 8.186058711105290066e-04 1.663942730492559089e-03
1.646073578595317777e+00 1.186209203626011366e-21 8.000254365540053436e-18 5.445249187720038974e-15 1.122108047550651197e-12 1.181037877230630333e-10 8.982765289533918362e-09 4.674323970298276933e-07 2.228350275236624435e-05 7.227008042194471701e-04 1.712094018983061376e-03
1.659448160535117012e+00 6.996601401474427082e-22 4.810953577689590780e-18 3.356855878860685501e-15 7.121572757860731176e-13 7.758187391797693967e-11 6.157189768304732132e-09 3.371038121175925040e-07 1.727699979814948124e-05 6.339351995593784294e-04 1.751288810422913607e-03
1.672822742474916469e+00 4.132592915087739782e-22 2.894824702101361588e-18 2.069043917518811844e-15 4.515427363433267807e-13 5.087303587010456735e-11 4.209341129539619945e-09 2.422605084495182046e-07 1.333265874375222646e-05 5.525682711864120028e-04 1.781568178513843548e-03
1.686197324414715704e+00 2.444433894328268557e-22 1.742995846288570133e-18 1.275134329167710018e-15 2.860471436056728310e-13 3.330319360186374055e-11 2.870442324397494652e-09 1.735095970290476620e-07 1.024202538225243308e-05 4.786677849983760383e-04 1.803140777284941874e-03
1.699571906354515161e+00 1.447985004723361641e-22 1.050199554824660656e-18 7.858099467396884174e-16 1.810611139972267708e-13 2.176675821163729608e-11 1.952673868167899284e-09 1.238605755932316412e-07 7.833052902857485391e-06 4.121376774931976932e-04 1.816358005775415858e-03
1.712946488294314396e+00 8.589922980267244084e-23 6.332370550759678517e-19 4.842611521864872443e-16 1.145232114116650156e-13 1.420525423256270544e-11 1.325253351653681057e-09 8.813678886043818558e-08 5.964943680994549986e-06 3.527468564644089155e-04 1.821687247921509713e-03
1.726321070234113630e+00 5.103436289205849784e-23 3.821172741984497055e-19 2.984465055326052444e-16 7.238915424591957015e-14 9.257385515669182404e-12 8.974238212298981948e-10 6.252313690755576787e-08 4.523391773673277989e-06 3.001577884501077805e-04 1.819684713673083536e-03
1.739695652173913087e+00 3.036635022189387294e-23 2.307698064570060127e-19 1.839507013172872302e-16 4.572934980577955618e-14 6.024866598547513264e-12 6.064095056301270054e-10 4.422090657742194245e-08 3.416297905126651896e-06 2.539537331576200764e-04 1.810969167312382645e-03
1.753070234113712322e+00 1.809617148971885200e-23 1.394853681512240197e-19 1.133983998188725031e-16 2.887267262155350316e-14 3.916164438462248426e-12 4.089247923039074967e-10 3.118608828150532559e-08 2.569985809030881170e-06 2.136637586657567944e-04 1.796197552609340694e-03
1.766444816053511779e+00 1.080070889631863041e-23 8.438405106084986639e-20 6.992050053616789576e-17 1.822121445437299137e-14 2.542508780782435493e-12 2.752125937758413534e-10 2.193222477680199068e-08 1.925917601460709117e-06 1.787849414999942877e-04 1.776043238999202743e-03
1.779819397993311014e+00 6.456483426174246932e-24 5.109614934866690746e-20 4.312360188338568724e-17 1.149457791431520433e-14 1.648863660590662368e-12 1.848749442787562876e-10 1.538275994600242296e-08 1.437884465067602235e-06 1.488014058370146567e-04 1.751177340358400347e-03
1.793193979933110471e+00 3.865666275998308680e-24 3.096887648816286425e-20 2.660470215965350074e-17 7.248701366604630034e-15 1.068217050445791967e-12 1.239679058067043108e-10 1.076108435045163148e-08 1.069635410446048623e-06 1.232000743127078558e-04 1.722253314196913474e-03
1.806568561872909706e+00 2.318158337211631906e-24 1.878819146954172470e-20 1.641927042755534386e-17 4.569872366523030688e-15 6.913811503822118538e-13 8.298461776822594149e-11 7.509094454041656524e-09 7.928994648228982529e-07 1.014831822571843649e-04 1.689894844295901366e-03
1.819943143812709163e+00 1.392379808590401114e-24 1.140982369048866013e-20 1.013724292470447390e-17 2.880374594469728749e-15 4.470835761421042794e-13 5.545974124326942446e-11 5.227181524557050372e-09 5.857537540788911925e-07 8.317774505959285862e-05 1.654686848797594541e-03
1.833317725752508398e+00 8.376706172639466758e-25 6.936157136161910408e-21 6.261438769196918200e-18 1.815174715594904669e-15 2.888697312240546363e-13 3.700700141250537237e-11 3.630228652093784143e-09 4.312902710244553993e-07 6.784226568064857495e-05 1.617169338912986983e-03
1.846692307692307633e+00 5.047710850096661491e-25 4.221006284035179509e-21 3.869312034813889491e-18 1.143760699445974451e-15 1.865029101497477936e-13 2.465748727369462480e-11 2.515497248592911392e-09 3.165365898521989636e-07 5.507102957401403619e-05 1.577833777855347031e-03
1.860066889632107090e+00 3.046671187060003113e-25 2.571465361384086348e-21 2.392296887618307576e-18 7.206445549948925986e-16 1.203280014752914504e-13 1.640607900011399556e-11 1.739295855598573971e-09 2.315895568059883795e-07 4.449636261753783285e-05 1.537121550223814010e-03
1.873441471571906325e+00 1.841919238645493869e-25 1.568277704823581779e-21 1.479904950930025377e-18 4.540434551809924469e-16 7.758392332765282453e-14 1.090142318407793324e-11 1.200102422491883093e-09 1.689254305771087035e-07 3.578923012053400292e-05 1.495424142515414806e-03
1.886816053511705782e+00 1.115406261722668467e-25 9.575299762527212443e-22 9.160202830008676758e-19 2.860780445493670173e-16 4.999497206941749836e-14 7.234600519558823895e-12 8.264053078249508481e-10 1.228546084349528789e-07 2.865853778185848639e-05 1.453084648999927687e-03
1.900190635451505017e+00 6.765756363935417164e-26 5.852992174137059751e-22 5.673399427828656179e-19 1.802611535920483864e-16 3.219995788339355252e-14 4.795441463061451716e-12 5.679782996107303681e-10 8.909364415642716869e-08 2.284946452753258394e-05 1.410400247343762898e-03
1.913565217391304474e+00 4.110771978697290941e-26 3.581856944317325716e-22 3.516110622914221846e-19 1.135976342805977244e-16 2.072920793593497868e-14 3.175076886057821162e-12 3.896434738701976682e-10 6.443154215703994524e-08 1.814111770088597876e-05 1.367625329267383892e-03
1.926939799331103709e+00 2.501824552567620202e-26 2.194579862436894757e-22 2.180599593962715814e-19 7.159856065049719998e-17 1.333926313583973215e-14 2.100001778208832468e-12 2.668286690122717140e-10 4.647118453814661245e-08 1.434375750639857009e-05 1.324975018227199852e-03
1.940314381270902944e+00 1.525173073026706122e-26 1.346217116066720888e-22 1.353307000801340551e-19 4.513618466270776720e-17 8.580750249924739913e-15 1.387561451256372468e-12 1.824142020294001210e-10 3.343016163695129696e-08 1.129579339036522565e-05 1.282628854692130721e-03
1.953688963210702401e+00 9.313487457336311745e-27 8.268118361274737876e-23 8.404966409212097624e-20 2.846085874565002123e-17 5.518039717135394483e-15 9.159643457024695145e-13 1.245021347427508180e-10 2.398822278386270980e-08 8.860712742050729212e-06 1.240734477093448796e-03
1.967063545150501636e+00 5.696896247231255013e-27 5.084321668416883568e-23 5.224041539107795631e-20 1.795106380321955527e-17 3.547575717255188786e-15 6.041219103287508040e-13 8.484321787814724616e-11 1.717106133536534945e-08 6.924063659774315072e-06 1.199411170909148432e-03
1.980438127090301093e+00 3.490588462539028602e-27 3.130405706613419922e-23 3.249522023520327816e-20 1.132575747086829449e-17 2.280270093729268397e-15 3.981213375160829060e-13 5.773100574985255300e-11 1.226223275248280060e-08 5.390579584844111695e-06 1.158753198292774775e-03
1.993812709030100327e+00 2.142371087447932569e-27 1.929814905107933881e-23 2.022950844444087240e-20 7.148163250672439268e-18 1.465441519879421947e-15 2.621655599448270676e-13 3.922667901062009318e-11 8.736721509852498294e-09 4.181504831007783342e-06 1.118832855445326280e-03
2.007187290969899784e+00 1.317126763462738258e-27 1.191197856946318887e-23 1.260417582010823232e-20 4.513220033249686209e-18 9.416672162776695762e-16 1.725158160615932265e-13 2.661720559365701762e-11 6.211070042596555005e-09 3.232156463531112408e-06 1.079703234252961212e-03
2.020561872909699019e+00 8.111443886917111987e-28 7.362254420497420740e-24 7.859894203993841011e-21 2.850739613919309483e-18 6.050506329864246750e-16 1.134484035338281343e-13 1.803762128739275286e-11 4.406108140583275432e-09 2.489739337986369797e-06 1.041400688550425495e-03
2.033936454849498254e+00 5.003883123065151655e-28 4.556186949889576238e-24 4.905705671730416534e-21 1.801445907131946761e-18 3.887489630620592984e-16 7.456010207779879450e-14 1.220839780467813117e-11 3.119218451266686726e-09 1.911416923288697317e-06 1.003947023868067504e-03
2.047311036789297489e+00 3.092110561167492094e-28 2.823324879019491342e-24 3.064628340256219981e-21 1.138913277314092220e-18 2.497740861611100861e-16 4.897506549382577353e-14 8.253282954797121512e-12 2.203782902327132144e-09 1.462630225608304372e-06 9.673514429219312030e-04
2.060685618729097168e+00 1.914000358919404758e-28 1.751835341158292868e-24 1.916259272252130591e-21 7.204079061063122189e-19 1.604881266454111426e-16 3.215326984138323799e-14 5.573254214327142528e-12 1.554010768869726566e-09 1.115650077718501656e-06 9.316122877054759362e-04
2.074060200668896403e+00 1.186774612723437338e-28 1.088436334471804299e-24 1.199330999156056040e-21 4.559285833987133516e-19 1.031269220828502901e-16 2.109975433616238709e-14 3.759497397597743100e-12 1.093781607514703856e-09 8.483436495282324439e-07 8.967186231703571297e-04
2.087434782608695638e+00 7.371122340187661379e-29 6.771642555236328636e-25 7.513460522696296789e-22 2.887070525796357004e-19 6.627511778814240900e-17 1.384049840573584340e-14 2.533457794635328148e-12 7.684703942451224551e-10 6.431337003422327475e-07 8.626517075202067876e-04
2.100809364548494873e+00 4.586040291288847109e-29 4.218615288090839296e-25 4.711558423426745731e-22 1.829243108820481657e-19 4.259841328164816567e-17 9.075435898964669520e-15 1.705626851006955750e-12 5.389786174743183454e-10 4.861283253480111476e-07 8.293863905293610101e-04
2.114183946488294552e+00 2.858120647839402978e-29 2.631686265447480757e-25 2.957466845962067124e-22 1.159710869835825185e-19 2.738517033686033948e-17 5.948993215079741878e-15 1.147265016327224508e-12 3.773906484607866868e-10 3.663993144368436884e-07 7.968924745698684284e-04
2.127558528428093787e+00 1.784272187258485067e-29 1.643954303019491374e-25 1.858286582161115485e-22 7.357032525859560453e-20 1.760883933658505667e-17 3.898503181933279527e-15 7.710369120652409071e-13 2.638230099636631891e-10 2.753883821410391782e-07 7.651360638210930780e-04
2.140933110367893022e+00 1.115780513538455329e-29 1.028347038346019737e-25 1.168824863351244438e-22 4.670251269933902384e-20 1.132538421689423822e-17 2.554161945487287781e-15 5.177737336714212533e-13 1.841460016365409597e-10 2.064221561985113865e-07 7.340809161890727609e-04
2.154307692307692257e+00 6.989283772467814969e-30 6.441494765167107588e-26 7.359295814047000663e-23 2.966688995410453357e-20 7.286102686400100081e-18 1.673062754249988237e-15 3.474397077300731128e-13 1.283410451361433777e-10 1.543187069136700211e-07 7.036898006112340649e-04
2.167682274247491492e+00 4.385526987403699995e-30 4.040480813703472483e-26 4.638515000647261053e-23 1.885850204764463030e-20 4.688894984712290773e-18 1.095735983793798214e-15 2.329775541845038438e-13 8.931975146708452878e-11 1.150703943663797179e-07 6.739258505563291675e-04
2.181056856187291171e+00 2.756417264468775891e-30 2.537938503463380843e-26 2.926732829068583488e-23 1.199650091050523805e-20 3.018498080316174370e-18 7.175391996318653049e-16 1.561219489309689571e-13 6.207725965946893699e-11 8.558978725691669564e-08 6.447538935476674693e-04
2.194431438127090406e+00 1.735405279013356426e-30 1.596367242019882039e-26 1.848646347535527519e-23 7.636998092954767309e-21 1.943875099281992149e-18 4.698367513710819168e-16 1.045559178805919308e-13 4.308683116120587184e-11 6.350728581295588769e-08 6.161417272834652853e-04
2.207806020066889641e+00 1.094430646574422256e-30 1.005518344803733527e-26 1.168950710245253288e-23 4.865411593239937150e-21 1.252317134886592456e-18 3.076274845765121425e-16 6.998211155756325328e-14 2.986805256044357327e-11 4.701081197526605182e-08 5.880613061270243032e-04
2.221180602006688876e+00 6.913618966531898499e-31 6.342409590065273957e-27 7.399712701871521471e-24 3.102080652460745575e-21 8.071232501293103427e-19 2.014163695348900409e-16 4.681636778725544752e-14 2.067961303870283038e-11 3.471948623564132749e-08 5.604897979381769655e-04
2.234555183946488555e+00 4.374726152217401936e-31 4.006149012691458160e-27 4.689367290420191927e-24 1.979386654579492208e-21 5.204219720918381572e-19 1.318773166242852626e-16 3.130391250982489243e-14 1.430122858675455076e-11 2.558458206242982510e-08 5.334104707358169753e-04
2.247929765886287790e+00 2.772827235572738600e-31 2.534017985807702399e-27 2.975079394060115884e-24 1.264035834032499789e-21 3.357158944578704526e-19 8.635051542140151468e-17 2.092219500160231846e-14 9.879193763143465924e-12 1.881223764823812891e-08 5.068133715827647214e-04
2.261304347826087024e+00 1.760432696563626773e-31 1.605103887409850793e-27 1.889608069338771578e-24 8.078787142174275180e-22 2.166699125106447871e-19 5.654479257590254727e-17 1.397785715826714871e-14 6.817233066518558702e-12 1.380342037924818870e-08 4.806957661685543320e-04
2.274678929765886259e+00 1.119537876170756263e-31 1.018142048877439233e-27 1.201537939258237955e-24 5.167702663893859046e-22 1.399088836286156375e-19 3.703105450535336879e-17 9.335019243643647662e-15 4.699525759647519606e-12 1.010749630370337048e-08 4.550623163862661455e-04
2.288053511705685494e+00 7.131467204880044271e-32 6.467346507462125046e-28 7.648905766169611516e-25 3.308412826398468427e-22 9.039016071080510767e-20 2.425480859284621477e-17 6.232283263743943892e-15 3.236528705177072028e-12 7.386471745089116148e-09 4.299249841021517506e-04
2.301428093645485173e+00 4.550274712861085642e-32 4.113931125410550639e-28 4.874841215223860870e-25 2.119916121136471070e-22 5.842989115554328585e-20 1.588912787241939151e-17 4.159605367905076333e-15 2.226918020521458409e-12 5.387564628128202462e-09 4.053026614978065805e-04
2.314802675585284408e+00 2.908123112591707056e-32 2.620604527649366876e-28 3.110455870790399203e-25 1.359565610778636397e-22 3.779162678272225848e-20 1.041080818755309852e-17 2.775525672720659334e-15 1.530902963981978849e-12 3.922246294152686135e-09 3.812205409400060445e-04
2.328177257525083643e+00 1.861667588251275809e-32 1.671705817376304126e-28 1.986977195780013554e-25 8.727093412535476499e-23 2.445743505985844890e-20 6.822795740496406019e-18 1.851574994297443355e-15 1.051546864937355029e-12 2.850286755792830911e-09 3.577092494133779174e-04
2.341551839464882878e+00 1.193722354526859137e-32 1.067904195229263626e-28 1.270777912677974853e-25 5.607021682300121503e-23 1.583758490072825785e-20 4.472443173633117766e-18 1.234965010959286948e-15 7.217146970653120715e-13 2.067652190313156130e-09 3.348037833126268382e-04
2.354926421404682113e+00 7.666796663577079942e-33 6.831543663017416215e-29 8.136860093512071602e-26 3.605727956467171843e-23 1.026212595980033993e-20 2.932530040935613222e-18 8.235675550916390485e-16 4.949671539844911766e-13 1.497356043546797259e-09 3.125422881394603340e-04
2.368301003344481792e+00 4.932095929196344830e-33 4.376424494217046024e-29 5.216230254284410192e-26 2.320900419923064816e-23 6.653702614787311340e-21 1.923382137951434920e-18 5.491469516730821923e-16 3.392178166096830347e-13 1.082565753193418234e-09 2.909647338671795375e-04
2.381675585284281027e+00 3.177997086605059677e-33 2.807591154210407707e-29 3.347892431176875025e-26 1.495296699891685703e-23 4.316921310520413724e-21 1.261897596514898321e-18 3.661304527418639280e-16 2.323215373635486644e-13 7.814254950020915782e-10 2.701115401119949674e-04
2.395050167224080262e+00 2.051054884872264056e-33 1.803689620985114537e-29 2.151310157220834206e-26 9.642948089258637056e-24 2.802698272558860483e-21 8.281856495246400900e-19 2.440921604287417052e-16 1.590103946054050925e-13 5.631796759808328368e-10 2.500222056902573335e-04
2.408424749163879497e+00 1.325867779628421643e-33 1.160386940603808924e-29 1.384054336999611646e-26 6.224549483779391503e-24 1.820859884775185745e-21 5.437329473772596453e-19 1.627252394376891026e-16 1.087684774387425900e-13 4.052789422513075434e-10 2.307339947591959429e-04
2.421799331103679176e+00 8.584590529611077296e-34 7.475778186608389009e-30 8.915043502694992929e-27 4.021846652912113357e-24 1.183807052380083640e-21 3.571140663864789914e-19 1.084803710288063203e-16 7.435975292133547059e-14 2.912258297171244662e-10 2.122807268328349062e-04
2.435173913043478411e+00 5.567146119455950259e-34 4.823051392790332999e-30 5.749306831511667799e-27 2.601154972321066327e-24 7.701858300363434205e-22 2.346390641579848776e-19 7.231930650574367541e-17 5.080958517530822987e-14 2.089754225105297660e-10 1.946917109782394541e-04
2.448548494983277646e+00 3.616067329971843896e-34 3.116007838856963783e-30 3.712192891933030576e-27 1.683966847239695148e-24 5.014482078357566433e-22 1.542318733971103117e-19 4.821426411650292886e-17 3.470094182607877030e-14 1.497511799493685680e-10 1.779908559742991671e-04
2.461923076923076881e+00 2.352493262347019434e-34 2.015976795500824507e-30 2.399771011126811313e-27 1.091266196624270888e-24 3.267218032535152542e-22 1.014230159916672120e-19 3.214593386486037359e-17 2.368860447442640107e-14 1.071703982334268924e-10 1.621959787522756933e-04
2.475297658862876116e+00 1.532870110777555569e-34 1.306116533807092769e-30 1.553224908350842049e-27 7.078819004171103751e-25 2.130379205316592186e-22 6.672603473994862123e-20 2.143465290102722309e-17 1.616421505542362452e-14 7.659993510120545141e-11 1.473183236352852796e-04
2.488672240802675795e+00 1.000378770198947523e-34 8.473966135366542512e-31 1.006526213105422788e-27 4.596494688243146596e-25 1.390168813404208636e-22 4.391957116386250612e-20 1.429411062943723136e-17 1.102555994742085165e-14 5.468269779572646706e-11 1.333622953164583685e-04
2.502046822742475030e+00 6.538870502832538852e-35 5.505526079468447803e-31 6.530445799785545549e-28 2.987660907707337211e-25 9.078515754737378458e-23 2.892225478684155997e-20 9.533627069790007150e-18 7.517807278537489229e-15 3.899043179632326268e-11 1.203253996544559974e-04
2.515421404682274265e+00 4.280723197706630384e-35 3.581929647344297122e-31 4.242171669999760765e-28 1.943913824319254117e-25 5.933398114005542849e-23 1.905568379783234653e-20 6.359592310032110711e-18 5.124358166660488941e-15 2.776968495786197256e-11 1.081983786156712955e-04
2.528795986622073499e+00 2.806755884405853093e-35 2.333673816826132261e-31 2.759064642309716437e-28 1.266094985695901604e-25 3.880948655759204132e-23 1.256151621449623662e-20 4.243067604112194275e-18 3.491872977775451233e-15 1.975633968020890417e-11 9.696551933936798263e-05
2.542170568561873178e+00 1.843156186013550772e-35 1.522533312699631608e-31 1.796652890083947068e-28 8.254702141963355642e-26 2.540518268938498003e-23 8.284976585397254119e-21 2.831518242482661960e-18 2.378814898618126714e-15 1.404048431177620448e-11 8.660511251435586621e-05
2.555545150501672413e+00 1.212234166028227708e-35 9.947079867650815532e-32 1.171373744003993619e-28 5.387465165136056630e-26 1.664411936623323374e-23 5.467370818921746274e-21 1.889976527205340757e-18 1.620161729795631942e-15 9.968156327255875118e-12 7.709003209203335832e-05
2.568919732441471648e+00 7.984994934272126039e-36 6.507663573537717996e-32 7.646382449227541617e-29 3.519795735198239349e-26 1.091332951783532498e-23 3.610022403529618043e-21 1.261826706573863850e-18 1.103223566085723224e-15 7.070033128138240953e-12 6.838840677969363865e-05
2.582294314381270883e+00 5.267728023961314385e-36 4.263377009996548985e-32 4.997420541195826568e-29 2.301983426221656968e-26 7.161687340317254832e-24 2.385015809858671938e-21 8.426702005801348955e-19 7.510826918308640975e-16 5.009775487760565836e-12 6.046435363629377383e-05
2.595668896321070118e+00 3.480402120936538523e-36 2.796919401806602566e-32 3.270131027925339457e-29 1.507094079862637037e-26 4.703689099246352185e-24 1.576624559802221407e-21 5.629091051071796516e-19 5.112606365570996384e-16 3.546674073830681453e-12 5.327874524380087496e-05
2.609043478260869797e+00 2.302977379206054383e-36 1.837393099396798049e-32 2.142464908141971287e-29 9.877192954687458909e-27 3.091935146241099582e-24 1.042860996859827535e-21 3.761399599384118471e-19 3.479672362302527080e-16 2.508685086140499863e-12 4.678998412208001993e-05
2.622418060200669032e+00 1.526162757091424525e-36 1.208699717555707627e-32 1.405372416923060231e-29 6.480121543220145156e-27 2.034200937946434356e-24 6.902253790071192934e-22 2.514194308832446656e-19 2.368026019340315927e-16 1.772997710074400402e-12 4.095476104346406211e-05
2.635792642140468267e+00 1.012883992871771529e-36 7.962092339849587462e-33 9.229921981259202047e-30 4.255891230694203891e-27 1.339467139456075475e-24 4.571164338852807605e-22 1.681100705035583194e-19 1.611376936418263760e-16 1.252051906065237004e-12 3.572877743044086592e-05
2.649167224080267502e+00 6.732292402156470288e-37 5.252023213563420177e-33 6.069224431226256306e-30 2.798058819231340972e-27 8.827706711964508528e-25 3.029277207956785462e-22 1.124452919510466867e-19 1.096429046349001722e-16 8.834933192670836085e-13 3.106741584386595316e-05
2.662541806020067181e+00 4.481334391236287918e-37 3.469084194820058157e-33 3.995733475867433717e-30 1.841548638029313969e-27 5.822963633551794544e-25 2.008778922985196551e-22 7.523992923861973977e-20 7.460132177566806755e-17 6.229673781516773030e-13 2.692634647099179874e-05
2.675916387959866416e+00 2.987373677891120686e-37 2.294509772794066340e-33 2.633828424800369408e-30 1.213306584092724247e-27 3.844352445983006607e-25 1.332940312285003440e-22 5.036417406987664923e-20 5.075802695779916920e-17 4.389574716669565880e-13 2.326206131568164296e-05
2.689290969899665651e+00 1.994372380794383817e-37 1.519672128605101116e-33 1.738223160976079325e-30 8.002391369756396692e-28 2.540315741770593412e-25 8.850728332441991569e-23 3.372622663775976023e-20 3.453540228693339488e-17 3.090924421222715730e-13 2.003233132753261714e-05
2.702665551839464886e+00 1.333380590139383846e-37 1.007842816251253621e-33 1.148550316347079478e-30 5.283620975980584290e-28 1.680118442405812977e-25 5.880864997151556263e-23 2.259398031894136733e-20 2.349822115496657955e-17 2.175086413796536214e-13 1.719658487087597965e-05
2.716040133779264121e+00 8.927499749488753379e-38 6.692934796626682358e-34 7.598366682138532378e-31 3.492262029654278504e-28 1.112197658236973300e-25 3.910220753786570613e-23 1.514267990034541380e-20 1.598913571758989294e-17 1.529677665241958898e-13 1.471620865486751258e-05
2.729414715719063800e+00 5.985908295294161509e-38 4.450606440727956120e-34 5.032866595287796477e-31 2.310712177901189463e-28 7.369126051093012806e-26 2.601734795272550078e-23 1.015321521772493079e-20 1.088035676542704265e-17 1.075155826068627356e-13 1.255477448279556895e-05
2.742789297658863035e+00 4.019309159595891666e-38 2.963456024746531812e-34 3.337603127237192595e-31 1.530555994504553532e-28 4.887017079013225415e-26 1.732327952992961019e-23 6.810844310517137576e-21 7.404535193512671459e-18 7.552721756043402207e-14 1.067819692302186664e-05
2.756163879598662270e+00 2.702654607900897569e-38 1.975842544281086519e-34 2.216037805734065492e-31 1.014886122421013320e-28 3.243899584205646463e-26 1.154266376862256790e-23 4.570884968518008707e-21 5.039612295896893056e-18 5.302838129781139083e-14 9.054828271117196180e-06
2.769538461538461505e+00 1.819885637707665043e-38 1.319102516746397897e-34 1.473132687746667406e-31 6.736749888792909010e-29 2.155203663544449016e-26 7.696516002631182124e-24 3.069070698422399457e-21 3.430433669903671231e-18 3.721328562363342241e-14 7.655497997366275735e-06
2.782913043478261184e+00 1.227181197589676688e-38 8.818098087006177510e-35 9.804552405510886333e-32 4.476604891070968881e-29 1.433204568478723555e-26 5.135677215081689148e-24 2.061701847562905861e-21 2.335399555865806353e-18 2.610261995818496885e-14 6.453504304033385453e-06
2.796287625418060419e+00 8.286687441992431294e-39 5.902543834342702798e-35 6.533318080339857178e-32 2.977916173825555328e-29 9.539562953071950127e-27 3.429412655832393261e-24 1.385677367804754097e-21 1.590161026000575014e-18 1.830113534431956474e-14 5.424565509160988613e-06
2.809662207357859653e+00 5.603476030158903782e-39 3.956117363043987328e-35 4.358718528475074790e-32 1.983086179596587581e-29 6.355512383335610633e-27 2.291728635137187294e-24 9.317951462393080274e-22 1.082919134301774725e-18 1.282599194529646066e-14 4.546738788609722809e-06
2.823036789297658888e+00 3.794329082337438139e-39 2.654987421310393717e-35 2.911398497881642086e-32 1.322014140325800614e-29 4.238144146408737899e-27 1.532607188655341504e-24 6.269103146055786451e-22 7.376205725092034286e-19 8.985324851456346636e-15 3.800313406046195895e-06
2.836411371237458123e+00 2.572823580324587259e-39 1.784090180367997368e-35 1.946978054067299331e-32 8.822586202606549455e-30 2.828818671165814167e-27 1.025711965730100339e-24 4.220087658559382404e-22 5.025264717517031379e-19 6.292411768738674228e-15 3.167684999267456240e-06
2.849785953177257802e+00 1.746944782967066890e-39 1.200410616529160830e-35 1.303574187581589618e-32 5.894145488960307775e-30 1.889904242251879079e-27 6.869884446948316110e-25 2.842319477275321249e-22 3.424368235774779975e-19 4.405055785532118041e-15 2.633216823233995161e-06
2.863160535117057037e+00 1.187788533230122251e-39 8.087218474600807065e-36 8.738249005439222716e-33 3.941946172459614073e-30 1.263807048615523971e-27 4.604742166265419664e-25 1.915419025591234033e-22 2.334017128607839732e-19 3.082810081440646263e-15 2.183093121643392927e-06
2.876535117056856272e+00 8.086982095006361197e-40 5.455347990945074497e-36 5.864428279378059683e-33 2.639156378983843525e-30 8.459192718704382220e-28 3.088839834618653774e-25 1.291511166050348231e-22 1.591241015995687865e-19 2.156816141091683815e-15 1.805169048800505479e-06
2.889909698996655507e+00 5.513379202403745741e-40 3.684658732400404063e-36 3.940380230424252808e-33 1.768820619406950918e-30 5.667415324454758979e-28 2.073585006088049731e-25 8.713243031908979234e-23 1.085131418998073874e-19 1.508551569014648775e-15 1.488820823503664936e-06
2.903284280936454742e+00 3.763829169011899544e-40 2.491845914458898005e-36 2.650698441718434182e-33 1.186769204593554917e-30 3.800579782336903431e-28 1.393114351853651731e-25 5.881830084287054827e-23 7.402000024822988391e-20 1.054866099742083932e-15 1.224799091036090480e-06
2.916658862876254421e+00 2.572878242042340803e-40 1.687297862262633046e-36 1.785215978553191537e-33 7.970986410240890326e-31 2.551079518402173718e-28 9.366819133134228935e-26 3.972827046071830724e-23 5.050588029238863336e-20 7.374522142801657827e-16 1.005087815814079842e-06
2.930033444816053656e+00 1.761093819564891920e-40 1.143948645612726106e-36 1.203726813844231284e-33 5.359455292862715366e-31 1.713988973642482393e-28 6.302891347815378774e-26 2.685003158660561084e-23 3.447200192947604787e-20 5.154408356975863432e-16 8.227704375227167359e-07
2.943408026755852891e+00 1.207025157541077609e-40 7.765385600783109677e-37 8.125877523335465422e-34 3.607376102018618868e-31 1.152663170604519601e-28 4.244549433742379995e-26 1.815729672635007202e-23 2.353575725040826766e-20 3.601977153176729877e-16 6.719045042850270179e-07
2.956782608695652126e+00 8.283566624953976874e-41 5.277870876682781819e-37 5.491818615533402371e-34 2.430657312423788686e-31 7.759032690702017127e-29 2.860679029057007313e-26 1.228632480346732958e-23 1.607430513030897665e-20 2.516685061871800262e-16 5.474055499638904102e-07
2.970157190635451805e+00 5.692228039446921106e-41 3.591627036182026765e-37 3.715900262311940800e-34 1.639520618605143692e-31 5.227858830045272199e-29 1.929540975864867962e-26 8.318791618815627457e-24 1.098205702469966495e-20 1.758129912651850991e-16 4.449406081542152068e-07
2.983531772575251040e+00 3.916586703837894076e-41 2.447134987956410574e-37 2.517168039687748567e-34 1.107057353800427041e-31 3.525749810485883682e-29 1.302529892640513344e-26 5.635972583670592906e-24 7.505637306545243310e-21 1.228048209286640808e-16 3.608314493429491856e-07
2.996906354515050275e+00 2.698301055256740599e-41 1.669384281885678956e-37 1.707100076732238491e-34 7.483119016146753779e-32 2.380075300188507661e-29 8.799775740312599546e-27 3.820768064282372274e-24 5.131550840606499032e-21 8.576897520854350165e-17 2.919673848819377719e-07
3.010280936454849510e+00 1.861345273558753814e-41 1.140207462875991784e-37 1.159051294029269222e-34 5.063532883271579799e-32 1.608205717262428814e-29 5.949863828398947683e-27 2.591840943990618393e-24 3.509712331395423312e-21 5.989673855917611738e-17 2.357272954901871137e-07
3.023655518394648745e+00 1.285624212702879356e-41 7.797188989525189305e-38 7.878462896438155990e-35 3.429905710009605820e-32 1.087687838959142225e-29 4.026198510703522271e-27 1.759318484159577163e-24 2.401379117387123955e-21 4.182557186308745689e-17 1.899104060367043479e-07
3.037030100334448424e+00 8.890954829141502005e-42 5.338463942969870667e-38 5.361344726056652253e-35 2.325773208711090112e-32 7.363405512105431466e-30 2.726699089619896852e-27 1.194982392068150659e-24 1.643692672665571779e-21 2.920476944632329002e-17 1.526752352428867649e-07
3.050404682274247659e+00 6.156398534283595630e-42 3.659452205024045100e-38 3.652561902046545387e-35 1.578731272744971694e-32 4.989590295118195524e-30 1.848137035005773430e-27 8.121978506681639488e-25 1.125525691356266176e-21 2.039135576378331556e-17 1.224860917314799334e-07
3.063779264214046893e+00 4.268209448365484793e-42 2.511509310011157403e-38 2.491215179153299656e-35 1.072762831353484723e-32 3.384251796981423323e-30 1.253680965652621770e-27 5.523924340964955903e-25 7.710263136778707463e-22 1.423724348354904804e-17 9.806645998007916203e-08
3.077153846153846128e+00 2.962798505916531367e-42 1.725718210185923692e-38 1.701033516566586248e-35 7.297142625479971468e-33 2.297586653158080917e-30 8.511315737017949085e-28 3.759424182014796156e-25 5.284038104977012140e-22 9.940314065251551417e-18 7.835861520856525358e-08
3.090528428093645807e+00 2.059172084049791455e-42 1.187186014347028545e-38 1.162788215079246512e-35 4.968833907691322935e-33 1.561321583177096040e-30 5.783144000684544746e-28 2.560263908562848846e-25 3.622842622071842777e-22 6.940254649476476459e-18 6.248881968907500380e-08
3.103903010033445042e+00 1.432893926942579095e-42 8.176715392530720999e-39 7.957426247421797317e-36 3.386940252023013360e-33 1.061998221648660134e-30 3.932689909816803949e-28 1.744776926208394383e-25 2.484983405064149346e-22 4.845720573955547662e-18 4.973747975429168815e-08
3.117277591973244277e+00 9.983046010725213799e-43 5.638292822249348970e-39 5.451637659206366804e-36 2.311058027432649502e-33 7.230458852468769575e-31 2.676544582313982165e-28 1.189840485615838864e-25 1.705263918898756883e-22 3.383415884109769000e-18 3.951367892967618729e-08
3.130652173913043512e+00 6.963643044903378994e-43 3.892444430459618001e-39 3.739054512336085998e-36 1.578567802561756424e-33 4.927404364272372879e-31 1.823135552321308895e-28 8.119569995364204468e-26 1.170731411628396438e-22 2.362504747728614015e-18 3.133354483025582002e-08
3.144026755852842747e+00 4.863300511559805115e-43 2.690299770241844164e-39 2.567291247918105304e-36 1.079352972236213583e-33 3.361092073106837324e-31 1.242864245807485212e-28 5.544654426013442587e-26 8.041255354761181628e-23 1.649743263169826975e-18 2.480195306458626975e-08
3.157401337792642426e+00 3.400507044535333127e-43 1.861571819090283097e-39 1.764676384946175462e-36 7.387718860296627927e-34 2.294837914567378399e-31 8.479869657630004859e-29 3.788913842737826282e-26 5.525792800350207007e-23 1.152105713140385710e-18 1.959711825867874808e-08
3.170775919732441661e+00 2.380515549925184609e-43 1.289606438851880543e-39 1.214310202928882069e-36 5.061771920625842173e-34 1.568312201248793782e-31 5.790496953000247598e-29 2.590927815738535723e-26 3.799029228899823916e-23 8.046487965761290631e-19 1.545766882382755841e-08
3.184150501672240896e+00 1.668437543532448387e-43 8.943968737821316674e-40 8.365018060462433490e-37 3.471673133652796999e-34 1.072806455195115360e-31 3.957346217556027924e-29 1.772954948744872318e-26 2.613129901059780054e-23 5.620359570605506666e-19 1.217184704006252157e-08
3.197525083612040131e+00 1.170731493982798958e-43 6.210069234283770079e-40 5.768658236507118360e-37 2.383514522723753004e-34 7.345443129880024509e-32 2.706787231897745194e-29 1.214068742401774292e-26 1.798301951693256017e-23 3.926187373528780434e-19 9.568518562457785785e-09
3.210899665551839366e+00 8.224507632871002027e-44 4.316712340926386565e-40 3.982460091663266895e-37 1.638091445659131349e-34 5.034099131181270314e-32 1.852961136075771336e-29 8.319425924790586636e-27 1.238170088280511255e-23 2.743042117050355249e-19 7.509715023967464833e-09
3.224274247491639045e+00 5.784484065554677526e-44 3.003984460751639985e-40 2.752293510428657218e-37 1.126933976515978243e-34 3.453281662688888675e-32 1.269523731854908599e-29 5.704915074329314439e-27 8.529367024397696348e-24 1.916697923770557071e-19 5.884469683765885601e-09
3.237648829431438280e+00 4.073036801709653889e-44 2.092799249059050898e-40 1.904156924422197623e-37 7.760637450730191977e-35 2.371089883440481318e-32 8.705181066334716770e-30 3.914821093467318012e-27 5.878611084520531518e-24 1.339490653037039748e-19 4.603738915820537827e-09
3.251023411371237515e+00 2.871229493775878445e-44 1.459621285839501247e-40 1.318783116807440440e-37 5.349750017037180871e-35 1.629555186167329509e-32 5.974167079675598956e-30 2.688330541589521532e-27 4.053746838292826392e-24 9.362578361272129265e-20 3.596231749847437122e-09
3.264397993311036750e+00 2.026330322676780531e-44 1.019137889908756794e-40 9.143335148839896504e-38 3.691520731943315588e-35 1.120971053700606705e-32 4.103359234863797561e-30 1.847406444334026662e-27 2.796822649460656144e-24 6.545243727219204638e-20 2.804995769406413236e-09
3.277772575250836429e+00 1.431667797145583021e-44 7.123661403515903151e-41 6.345918287563330108e-38 2.549831032348969648e-35 7.718327293574302698e-33 2.820748303430889250e-30 1.270434416393081740e-27 1.930643107822164161e-24 4.576520907523308744e-20 2.184630614636859111e-09
3.291147157190635664e+00 1.012653507517685473e-44 4.984809549886357997e-41 4.409007506696412261e-38 1.762991746853332165e-35 5.319301608410303529e-33 1.940670064692030899e-30 8.742848578143843345e-28 1.333429636275336472e-24 3.200581688932058815e-20 1.699020351372254068e-09
3.304521739130434899e+00 7.170724358904643695e-45 3.491936015913401906e-41 3.066490825772323070e-38 1.220170281129371639e-35 3.669338756056785790e-33 1.336292597240420892e-30 6.020955444072732269e-28 9.214492557409728168e-25 2.238776127145963309e-20 1.319493302068248259e-09
3.317896321070234134e+00 5.083299325463245369e-45 2.448802830477763581e-41 2.134985384716198223e-38 8.453185054607548947e-36 2.533505621477241354e-33 9.209027465216129469e-31 4.149448706643582651e-28 6.371006663419544785e-25 1.566336375228405656e-20 1.023332846450788332e-09
3.331270903010033368e+00 3.607495564885676905e-45 1.719129635096372648e-41 1.487984744081898332e-38 5.862036877404006464e-36 1.750877997709749306e-33 6.351673227419947388e-31 2.861729887152587155e-28 4.407395554559901063e-25 1.096115276915845517e-20 7.925754502626835742e-10
3.344645484949833047e+00 2.562951456950237277e-45 1.208170257972527285e-41 1.038126581007721536e-38 4.069147217319272032e-36 1.211124796671239391e-33 4.384544485126951599e-31 1.975062276041344161e-28 3.050670296574390306e-25 7.672349189872857996e-21 6.130430198861043596e-10
3.358020066889632282e+00 1.822831008282482977e-45 8.499821427607199767e-42 7.250172248100856874e-39 2.827374784859741832e-36 8.385325532454693591e-34 3.029162080495933969e-31 1.364103972872896768e-28 2.112757514440745266e-25 5.371621650876514155e-21 4.735658459223699192e-10
3.371394648829431517e+00 1.297839245179781185e-45 5.986197754816383979e-42 5.068628188877812541e-39 1.966468081117165899e-36 5.810961210296272476e-34 2.094507612523746793e-31 9.428209703791022560e-29 1.464019839714976057e-25 3.761761700956893803e-21 3.653601095021472260e-10
3.384769230769230752e+00 9.250408155594864517e-46 4.220358740513318836e-42 3.547109156111468815e-39 1.369028132723025045e-36 4.030621490153588748e-34 1.449447339632240156e-31 6.521185829398290894e-29 1.015053445836735668e-25 2.635055303818009615e-21 2.815303812050525837e-10
3.398143812709030431e+00 6.600296303002102514e-46 2.978531441003935105e-42 2.484840917165993798e-39 9.540215581596432614e-37 2.798278886007081736e-34 1.003884240621455188e-31 4.513775481787337301e-29 7.041693893671902428e-26 1.846309285149071462e-21 2.166729238242789411e-10
3.411518394648829666e+00 4.714390737942877183e-46 2.104296763596283010e-42 1.742450503590379142e-39 6.654611887603312614e-37 1.944481615708560858e-34 6.958652083229264641e-32 3.126581594621130716e-29 4.887797819857186593e-26 1.294014115485424328e-21 1.665600766222690625e-10
3.424892976588628901e+00 3.370888594024015004e-46 1.488199784810390327e-42 1.223088938769798257e-39 4.646269234601007789e-37 1.352413378861562193e-34 4.827546466666356520e-32 2.167286729272517694e-29 3.394678815583123316e-26 9.071871527998512430e-22 1.278896907389869510e-10
3.438267558528428136e+00 2.412775971902141198e-46 1.053567632349693256e-42 8.593879438557519746e-40 3.247143412190327300e-37 9.414705303197937406e-35 3.351870126580141486e-32 1.503419139740468540e-29 2.359038090560959478e-26 6.361821313088449300e-22 9.808662553390282568e-11
3.451642140468227371e+00 1.728782995181515196e-46 7.466344457173966485e-43 6.044383420077864952e-40 2.271498084081018805e-37 6.559859249237019709e-35 2.329199993263564251e-32 1.043665045762711486e-29 1.640300431348365968e-26 4.462682873682600912e-22 7.514580976164182388e-11
3.465016722408027050e+00 1.239972267640829618e-46 5.296580037995682475e-43 4.255437191036476425e-40 1.590506420191917069e-37 4.574795391721412706e-35 1.619887000426521359e-32 7.250363492426852179e-30 1.141209402038167993e-26 3.131437610614689856e-22 5.750841046610926687e-11
3.478391304347826285e+00 8.902840839527289702e-47 3.761165766562249217e-43 2.998911803918896352e-40 1.114728117317432443e-37 3.193280124683773537e-35 1.127510094651160914e-32 5.040529667272028264e-30 7.944416988213180180e-27 2.198000475705839248e-22 4.396431377260389915e-11
3.491765886287625520e+00 6.398638125843046433e-47 2.673537858789564741e-43 2.115477599421931852e-40 7.820081595931433037e-38 2.230947539659625798e-35 7.854405937412270004e-33 3.506795630948987356e-30 5.533687923046508463e-27 1.543302634282994621e-22 3.357547095663153268e-11
3.505140468227424755e+00 4.603476854250360499e-47 1.902324711385413786e-43 1.493744420824305204e-40 5.491117379985835287e-38 1.560010374296970029e-35 5.475992089887225516e-33 2.441533669554458933e-30 3.856775597465356127e-27 1.083968442302077588e-22 2.561575551028293435e-11
3.518515050167224434e+00 3.315286311454174846e-47 1.354923998668853334e-43 1.055759964453480047e-40 3.859362663493280815e-38 1.091817819176712822e-35 3.820922230556181501e-33 1.701112404602420537e-30 2.689628090823049863e-27 7.616005525105884488e-23 1.952385868088956758e-11
3.531889632107023669e+00 2.389956424374349974e-47 9.659946719399141525e-44 7.469181457484014477e-41 2.715027140322272683e-38 7.648146385018042210e-36 2.668264191608671180e-33 1.186100129653006924e-30 1.876805509958699254e-27 5.352857656796358041e-23 1.486646068402343142e-11
3.545264214046822904e+00 1.724606465318710620e-47 6.893846061206868601e-44 5.289293448406624553e-41 1.911766176319579089e-38 5.362215600418813925e-36 1.864850417789304231e-33 8.276137960291037647e-31 1.310407750264703389e-27 3.763523681757453407e-23 1.130948448161602131e-11
3.558638795986622139e+00 1.245714035916996324e-47 4.924623572957088061e-44 3.749186531649521798e-41 1.347397302577778000e-38 3.762817439622465845e-36 1.304406630773989027e-33 5.778991534495587101e-31 9.154923045313932920e-28 2.647016985150733450e-23 8.595695083652685842e-12
3.572013377926421374e+00 9.006836477893744115e-48 3.521329522643021013e-44 2.660045553463008124e-41 9.505066445758270113e-39 2.642783197939732367e-36 9.131351657966792677e-34 4.038259938908976700e-31 6.399777425974812037e-28 1.862406354535498185e-23 6.527271504913727460e-12
3.585387959866221053e+00 6.518520537688053220e-48 2.520345254451730118e-44 1.889085643115532223e-41 6.711374932428307897e-39 1.857753727894926270e-36 6.397487473043446359e-34 2.823931981133252160e-31 4.476491712984852781e-28 1.310841713990676338e-23 4.952268584391813366e-12
3.598762541806020288e+00 4.722216799493915611e-48 1.805638181165117073e-44 1.342835082111030005e-41 4.743107620686351203e-39 1.307048347004242510e-36 4.485752774433204461e-34 1.976204037026296069e-31 3.133099656283645810e-28 9.229677561953852254e-24 3.754116379266231356e-12
3.612137123745819522e+00 3.424208720146933917e-48 1.294840677015957223e-44 9.554326567813316746e-42 3.355118453936056683e-39 9.203875768049935675e-37 3.147834759409812188e-34 1.383970170965571455e-31 2.194193186079856950e-28 6.501080995525975058e-24 2.843487589516016317e-12
3.625511705685618757e+00 2.485359831852328869e-48 9.294252166396326273e-45 6.804273649798613988e-42 2.375441845195601922e-39 6.486704234496815590e-37 2.210743660403289953e-34 9.699265596939386739e-32 1.537589546040233377e-28 4.580887531776549582e-24 2.152008026297170164e-12
3.638886287625418436e+00 1.805636777992941503e-48 6.677635214359712686e-45 4.850267246114330335e-42 1.683336245727066129e-39 4.575624262298160823e-37 1.553867083571017605e-34 6.802489740239550271e-32 1.078130926576808995e-28 3.229095212952387507e-24 1.627399240369189123e-12
3.652260869565217671e+00 1.313048983598463673e-48 4.802182623852615315e-45 3.460586394262622511e-42 1.193948330222535227e-39 3.230339498580036311e-37 1.093043613696764622e-34 4.774342578794565735e-32 7.564299333160071099e-29 2.277095988582119090e-24 1.229732303964637060e-12
3.665635451505016906e+00 9.557366629542573847e-49 3.456686747380791208e-45 2.471335915463846141e-42 8.475915755528674480e-40 2.282528315699383453e-37 7.694995522700051354e-35 3.353324558454311412e-32 5.310465189683794722e-29 1.606397880388543163e-24 9.285423911611688061e-13
3.679010033444816141e+00 6.963053422182649822e-49 2.490487626178550679e-45 1.766484593434931223e-42 6.022439213978694995e-40 1.614183858297903524e-37 5.421576630893402976e-35 2.356967484548899059e-32 3.730470282881539277e-29 1.133700060268671867e-24 7.006092318680175549e-13
3.692384615384615376e+00 5.077650054008789580e-49 1.796012740017575105e-45 1.263810186019762815e-42 4.282931864421315554e-40 1.142502779432835969e-37 3.822858774980048056e-35 1.657857576880427463e-32 2.622178314713659463e-29 8.004208324144883098e-25 5.282519199800482597e-13
3.705759197324415055e+00 3.706165217881474143e-49 1.296381303271779157e-45 9.049940266045180194e-43 3.048534414843670534e-40 8.093336171237105710e-38 2.697710811572480637e-35 1.166960296667804439e-32 1.844288665576652965e-29 5.653476680569096468e-25 3.980204831784424820e-13
3.719133779264214290e+00 2.707591756931913980e-49 9.365955642156483519e-46 6.486335115831817721e-43 2.171803277976009877e-40 5.738026464211521304e-38 1.905224064029949225e-35 8.220150348990558306e-33 1.297968025848960663e-29 3.994768495828854920e-25 2.996930928713749804e-13
3.732508361204013525e+00 1.979864333726474444e-49 6.772750970701525603e-46 4.653083125710232298e-43 1.548558298795283116e-40 4.071559272597859430e-38 1.346602078484286421e-35 5.794524721997737906e-33 9.140455889245803627e-30 2.823892364223665516e-25 2.255084107376724772e-13
3.745882943143812760e+00 1.449035355215719118e-49 4.901956831333379241e-46 3.340934434488564956e-43 1.105122895586055317e-40 2.891484124796892337e-38 9.525199337995335929e-36 4.087613208061029261e-33 6.440814545844839474e-30 1.997040343975213560e-25 1.695786005280871381e-13
3.759257525083611995e+00 1.061478759618782833e-49 3.551100180311733653e-46 2.400925961079263218e-43 7.893466704130163897e-41 2.055139379363743994e-38 6.742942188292870928e-36 2.885593794157058883e-33 4.541330182780834432e-30 1.412893161174963780e-25 1.274409798796325592e-13
3.772632107023411674e+00 7.782693047499708569e-50 2.574797900317938382e-46 1.726916032392903743e-43 5.642835911652356468e-41 1.461910359897077226e-38 4.777100260974705034e-36 2.038513142280294314e-33 3.204018012401736520e-30 1.000039480822680024e-25 9.571593380417719024e-14
3.786006688963210909e+00 5.711264454084229391e-50 1.868563546035760130e-46 1.243206537931233394e-43 4.037362498069772512e-41 1.040777202146269618e-38 3.387020357693938112e-36 1.441133535821940176e-33 2.261916710595206938e-30 7.081280649385228450e-26 7.184617732691903427e-14
3.799381270903010144e+00 4.194845164746198219e-50 1.357234328890568179e-46 8.957626222753161177e-44 2.891125862591489326e-41 7.415679067658124550e-39 2.403304222681698116e-36 1.019545871947916638e-33 1.597821391723347555e-30 5.016429959176047144e-26 5.389822401236029596e-14
3.812755852842809379e+00 3.083744838750483798e-50 9.866924012939383667e-47 6.459786403562840870e-44 2.072065274918728749e-41 5.288089183447628496e-39 1.706617258599537073e-36 7.218061572433133451e-34 1.129405648189539986e-30 3.555227358597750357e-26 4.041136891909327811e-14
3.826130434782609058e+00 2.268910291669379014e-50 7.179372245151846551e-47 4.662479539727352388e-44 1.486295956375114373e-41 3.773982304782420946e-39 1.212827109820261772e-36 5.113815664769803452e-34 7.988070520914806416e-31 2.520757287654738283e-26 3.028292490756121140e-14
3.839505016722408293e+00 1.670821953773992773e-50 5.228374257849137149e-47 3.368117818584601908e-44 1.067015776934668516e-41 2.695583214287158074e-39 8.625732084034306431e-37 3.625597769711018714e-34 5.653327105375231792e-31 1.788080246135059008e-26 2.268109094324664556e-14
3.852879598662207528e+00 1.231443709331655629e-50 3.810835041559581630e-47 2.435158128971606403e-44 7.666520821962551778e-42 1.926885769302373683e-39 6.139404611900992097e-37 2.572311799484636085e-34 4.003470917167169886e-31 1.268926739048844358e-26 1.697885964498426382e-14
3.866254180602006763e+00 9.083811217024403194e-51 2.779999438666558116e-47 1.762116532287686478e-44 5.512974536435775450e-42 1.378504160481810509e-39 4.373092628154491162e-37 1.826317959989702954e-34 2.836871083094831484e-31 9.009088714503781267e-27 1.270392829795879405e-14
3.879628762541805997e+00 6.706383663023076104e-51 2.029729403252000992e-47 1.276167452727370639e-44 3.967638525258460942e-42 9.869783339607487257e-40 3.117325287734544484e-37 1.297589427655584493e-34 2.011466828353500583e-31 6.399132519450310801e-27 9.500771044985009837e-15
3.893003344481605676e+00 4.955335702467549738e-51 1.483195046711648571e-47 9.250054784467940422e-45 2.857820283490542769e-42 7.072176986540154625e-40 2.223849958022918761e-37 9.225834415211671796e-35 1.427106771503509636e-31 4.547349985616859245e-27 7.101943732637696564e-15
3.906377926421404911e+00 3.664542855938313271e-51 1.084733121723231525e-47 6.710309886625073265e-45 2.060120838187117402e-42 5.071578130253563904e-40 1.587660480314524739e-37 6.564184303299219728e-35 1.013141990424196698e-31 3.232911085190705678e-27 5.306391660180531139e-15
3.919752508361204146e+00 2.712228204280593820e-51 7.939805832702200407e-48 4.871924116441977169e-45 1.486290508739224704e-42 3.639788518439090074e-40 1.134324859420228383e-37 4.673711701217475807e-35 7.197046919374015434e-32 2.299472743922296553e-27 3.963064231191781255e-15
3.933127090301003381e+00 2.009046675859739512e-51 5.816437338778618273e-48 3.540105164484408204e-45 1.073164280660171906e-42 2.614271821951756239e-40 8.110428338271263919e-38 3.330031862243863344e-35 5.115739376040337416e-32 1.636299809933780198e-27 2.958547757471836416e-15
3.946501672240803060e+00 1.489391578094544840e-51 4.264442603354464165e-48 2.574468438214388127e-45 7.754940652878211416e-43 1.879167195558096086e-40 5.803306570870270264e-38 2.374321005163104763e-35 3.638584043225693029e-32 1.164926547300346901e-27 2.207738058379387636e-15
3.959876254180602295e+00 1.105046455525269309e-51 3.129128578397694461e-48 1.873754969412281638e-45 5.608397480174250446e-43 1.351819538605777417e-40 4.155578252329803904e-38 1.694081509270195591e-35 2.589561163598260584e-32 8.297287801761390587e-28 1.646810823173256970e-15
3.973250836120401530e+00 8.205455135021273294e-52 2.297938173023341785e-48 1.364865655469236664e-45 4.059246322335961396e-43 9.732158159117977470e-41 2.977902579260264167e-38 1.209573389395700345e-35 1.844121436493674235e-32 5.912573839206026136e-28 1.227927450868801784e-15
3.986625418060200765e+00 6.097798213273768452e-52 1.688903967038358279e-48 9.949859957833590894e-46 2.940333684197496446e-43 7.011892732158777535e-41 2.135558199435920544e-38 8.642361305056561986e-36 1.314081298646714183e-32 4.215223774789988286e-28 9.152506611021235973e-16
4.000000000000000000e+00 4.535126527530242665e-52 1.242284765298265520e-48 7.259255215612845053e-46 2.131526363415305512e-43 5.055866055361115260e-41 1.532614994493976114e-38 6.179226196417292743e-36 9.369665827306888083e-33 3.006554725854822642e-28 6.819478478461567610e-16
