1.000000000000000021e-03 5.164814638227270950e-09 3.310851611724125543e-25 3.336706258955478609e-37 3.783494538880558445e-50 3.330514259756519659e-64 2.311529375274692757e-80 2.399308039633799535e-100 7.486888157604065876e-125 2.721638750572568077e-161 1.169287882949451347e-226
1.437458193979933296e-02 1.297053622872359597e-06 1.532757040037481809e-21 6.495583180122749716e-33 2.976709509724964346e-45 1.077125946252814997e-58 3.489796779201577112e-74 2.248295663290002936e-93 6.011526346797439501e-117 4.736764131839715739e-152 4.031530823051788474e-215
2.774916387959866504e-02 5.619078066911252411e-06 1.031422766124847543e-19 1.720949010150807125e-30 2.994038738014332153e-42 4.183984310253851296e-55 5.916195311205429921e-70 2.186035988587775574e-88 4.567568092268959566e-111 6.844333614848093606e-145 9.236223144884304663e-206
4.112374581939799711e-02 1.383685143588517796e-05 3.343898915064137589e-18 2.064106733769075603e-28 1.284957705074179491e-39 6.536970211064732896e-52 3.785231704525948738e-66 7.443934732326401708e-84 1.113898806832750918e-105 2.804455970937454196e-138 4.859640169599939548e-197
5.449832775919732919e-02 2.646692341916183174e-05 7.177955889424669038e-17 1.545350188171071996e-26 3.254757891153130250e-37 5.700067995641293729e-49 1.272545613388061351e-62 1.240886540689818912e-79 1.224362353920825836e-100 4.605831316869233567e-132 8.392269567724826892e-189
6.787290969899666127e-02 4.370303497718513427e-05 1.140153941434763726e-15 8.096152290205518833e-25 5.470862284195241988e-35 3.128148754615889623e-46 2.543001292199511478e-59 1.149784816664326294e-75 6.917045657791805268e-96 3.478583390102719826e-126 5.514577307791281022e-181
8.124749163879599334e-02 6.550615832254030532e-05 1.417306113223686459e-14 3.148210192067259057e-23 6.490471266467436818e-33 1.152314567881506284e-43 3.231259635511700935e-56 6.356573333442315086e-72 2.164704580257745289e-91 1.309590849238178346e-120 1.509109571637322683e-173
9.462207357859532542e-02 9.170213660394213085e-05 1.427177867709625010e-13 9.430406710107193902e-22 5.655248789700740316e-31 2.972510986134390569e-41 2.731165337253772610e-53 2.200712098360658417e-68 3.953665103505720697e-87 2.603105694761164779e-115 1.838401636670695605e-166
1.079966555183946575e-01 1.220536529380140592e-04 1.192559968736942725e-12 2.234843355155065311e-20 3.725657406498005492e-29 5.541356409380995148e-39 1.588831328088922661e-50 4.951824513999284567e-65 4.389299843269818885e-83 2.859740013928266833e-110 1.052529146664979484e-159
1.213712374581939896e-01 1.563003348236309835e-04 8.422524825990396414e-12 4.277691030532120271e-19 1.898943437520987933e-27 7.656263642508659918e-37 6.540200508629055155e-48 7.466259889789122890e-62 3.064130380832286989e-79 1.804737583573657468e-105 2.967273269134261074e-153
1.347458193979933216e-01 1.941767603187909239e-04 5.102632675448492610e-11 6.726730438804249646e-18 7.632923950011881765e-26 8.008721536013400381e-35 1.950394152362932283e-45 7.744265563795481206e-59 1.385161214426815232e-75 6.767791001942358233e-101 4.293138634231550386e-147
1.481204013377926398e-01 2.354207403747763988e-04 2.684943062744890418e-10 8.817060488381434767e-17 2.459805665311822168e-24 6.460788985268440087e-33 4.301694318717167893e-43 5.655399070569192618e-56 4.162180065711402748e-72 1.554479041415664098e-96 3.309198591704382226e-141
1.614949832775919858e-01 2.797792328133867526e-04 1.240304946286199835e-09 9.755913190868391709e-16 6.448458255607257540e-23 4.086160625644233503e-31 7.147521147555817568e-41 2.968921898001853611e-53 8.511765632640408313e-69 2.247942393439302895e-92 1.406223906923518241e-135
1.748695652173913317e-01 3.270131691151365212e-04 5.077933987313466935e-09 9.215709708151266673e-15 1.393202524001333364e-21 2.056266695316719705e-29 9.097586613197543866e-39 1.141868212318903502e-50 1.210485834690051065e-65 2.099026837571204605e-88 3.399909947794475189e-130
1.882441471571906499e-01 3.768987189429723436e-04 1.858201144385149544e-08 7.507854244715064955e-14 2.510178436500388860e-20 8.345061948801330680e-28 9.007097502022368918e-37 3.273893726175673273e-48 1.221121820910566181e-62 1.295435461220939839e-84 4.815758574727290607e-125
2.016187290969899681e-01 4.292210621553295240e-04 6.124632255654338979e-08 5.324041744679636502e-13 3.812547398018402036e-19 2.765254576610162547e-26 7.034556063767742718e-35 7.110723320153130190e-46 8.900079440524725728e-60 5.399867280939875076e-81 4.106533067212421980e-120
2.149933110367893141e-01 4.837560793120783431e-04 1.831032326630954180e-07 3.314235399907635260e-12 4.930140197151599919e-18 7.567468595813513039e-25 4.390662080201579073e-33 1.187481235216454772e-43 4.767357151238884986e-57 1.551246394854081080e-77 2.162460803248487341e-115
2.283678929765886600e-01 5.402345700400578050e-04 4.997411588248656372e-07 1.825288652394398742e-11 5.478023486261470316e-17 1.728493944477822699e-23 2.216720969862397439e-31 1.546032697544259205e-41 1.906876088940805130e-54 3.129632006127548942e-74 7.201594837749865968e-111
2.417424749163879782e-01 5.982834026926551725e-04 1.252632193095312887e-06 8.958286767320047284e-11 5.274841364426217770e-16 3.327798826554776165e-22 9.155195292392402356e-30 1.589657220814645258e-39 5.780818266054779756e-52 4.513190298696750421e-71 1.551035171110697830e-106
2.551170568561872964e-01 6.573406172798191291e-04 2.899656696681797987e-06 3.944396907986372970e-10 4.436704460531803950e-15 5.450049738533289357e-21 3.125828762786503675e-28 1.306569699911970050e-37 1.346884028287637226e-49 4.729771171931424919e-68 2.206206079425952000e-102
2.684916387959866424e-01 7.165492296336638907e-04 6.231177424685978952e-06 1.567897371670462919e-09 3.283916974249147198e-14 7.658085242581505618e-20 8.909981382093658487e-27 8.682153107830402590e-36 2.443563622181215145e-47 3.658608536843683140e-65 2.113887434082708232e-98
2.818662207357859883e-01 7.746474997133364097e-04 1.249131963667352822e-05 5.659489528285475076e-09 2.153830381980921700e-13 9.306833487046404217e-19 2.139975621441425709e-25 4.714196522871816232e-34 3.494664830751569905e-45 2.119649286362412856e-62 1.389988227874326572e-94
2.952408026755852788e-01 8.298881197156269315e-04 2.346645141200052437e-05 1.865261821070337539e-08 1.259900794448695358e-12 9.856332317658153659e-18 4.368408155147148900e-24 2.112591475550360479e-32 3.985621581264307293e-43 9.325402402151624755e-60 6.383443315417800951e-91
3.086153846153846247e-01 8.800279972254351725e-04 4.149124326942881154e-05 5.642079493852848003e-08 6.613198156039206752e-12 9.160764782939896904e-17 7.641118981966368559e-23 7.887462534890271266e-31 3.664576139827663650e-41 3.156221885827043117e-57 2.081644641454783162e-87
3.219899665551839707e-01 9.224262807343330860e-04 6.932583224281747174e-05 1.573894663856302288e-07 3.132730414278406366e-11 7.522113612607295940e-16 1.154089431036454838e-21 2.475270709791332130e-29 2.744395807556596052e-39 8.319300432794817803e-55 4.896217146947187198e-84
3.353645484949833167e-01 9.542671557717068024e-04 1.098800548750548700e-04 4.067491137343214207e-07 1.346512803177054786e-10 5.491107309145034811e-15 1.516030348695740579e-20 6.584182594245235605e-28 1.690332334981918071e-37 1.727637551835811613e-52 8.430255807981275705e-81
3.487391304347826626e-01 9.728893936876672121e-04 1.657989945425698407e-04 9.780392012110175082e-07 5.278110721200613975e-10 3.584725037300506899e-14 1.743898190447393150e-19 1.496239024862487044e-26 8.641182028283642399e-36 2.857699486685652587e-50 1.077516005041862759e-77
3.621137123745819530e-01 9.761678074567763617e-04 2.389668385321879287e-04 2.196968734982660047e-06 1.895861158574126640e-09 2.104489558934381073e-13 1.767959368801226674e-18 2.926552378712630415e-25 3.698327786081426943e-34 3.804282925578322989e-48 1.036006395627084534e-74
3.754882943143812990e-01 9.628669701720698982e-04 3.300184629992969527e-04 4.627974437165211987e-06 6.268418321073913817e-09 1.116907481485641960e-12 1.589278994236229489e-17 4.961660094201290838e-24 1.336044541850795999e-32 4.115997563509201265e-46 7.587634292789272209e-72
3.888628762541806450e-01 9.328856668410176771e-04 4.379586415926768378e-04 9.175448645450823569e-06 1.915967860816652684e-08 5.385502923870802837e-12 1.274088504026360788e-16 7.340183311040048605e-23 4.105648130850645918e-31 3.653020365832611807e-44 4.283718161150905112e-69
4.022374581939799354e-01 8.873337532352058941e-04 5.599738250175130333e-04 1.717972665945552443e-05 5.435656240683611945e-08 2.370370597714582028e-11 9.158643550585084931e-16 9.535318200685784075e-22 1.081114713387826439e-29 2.683005226629242053e-42 1.885404943933322252e-66
4.156120401337792813e-01 8.284237560093421580e-04 6.914864114533439974e-04 3.047606139746778236e-05 1.436844793981203300e-07 9.565778704316690288e-11 5.933756805563246872e-15 1.094224290996310370e-20 2.456452552027934229e-28 1.644384528215029794e-40 6.538920793854943385e-64
4.289866220735786273e-01 7.592037622798907546e-04 8.264570800968526042e-04 5.137802903061014547e-05 3.551683366874638735e-07 3.554427659782970779e-10 3.481871646343397872e-14 1.115524981179733170e-19 4.847886719147305829e-27 8.476802233813896379e-39 1.805254602540830626e-61
4.423612040133779733e-01 6.831918114424736371e-04 9.578982570506934437e-04 8.255029098755902752e-05 8.237864210024100543e-07 1.220955990470856241e-09 1.859034892644228101e-13 1.015747605907206224e-18 8.362154671364813825e-26 3.703117603636887352e-37 4.005842989860642709e-59
4.557357859531773192e-01 6.039862721230410472e-04 1.078529022223829060e-03 1.267522096991061380e-04 1.798715029697430646e-06 3.891862974845945839e-09 9.071064766283868692e-13 8.303062704959583931e-18 1.268182854595058764e-24 1.380720462694972372e-35 7.210352425426333709e-57
4.691103678929766096e-01 5.249204402674876235e-04 1.181482447396544049e-03 1.864619435744627207e-04 3.708641593684242059e-06 1.155325863586827752e-08 4.061929031172167763e-12 6.122618509165148212e-17 1.700553063907584251e-23 4.423729593670943468e-34 1.061974849471539263e-54
4.824849498327759556e-01 4.488083880050852312e-04 1.260971168739622372e-03 2.634240472218607031e-04 7.241681210997819926e-06 3.204971163899355200e-08 1.675815755569194607e-11 4.091452196161304968e-16 2.027065898610263236e-22 1.225779740808085394e-32 1.290537227315931869e-52
4.958595317725753016e-01 3.778018114646315836e-04 1.312825224170751292e-03 3.581928872114053240e-04 1.342877716926074866e-05 8.335378332136960750e-08 6.393979799405621686e-11 2.488600091348050709e-15 2.158861862799455677e-21 2.955541179487447457e-31 1.304231487176822420e-50
5.092341137123745920e-01 3.133527345126710406e-04 1.334836378003440667e-03 4.697599647407756963e-04 2.371061374343503953e-05 2.038669296726457666e-07 2.264217939061659433e-10 1.383479750318309197e-14 2.064253093534159113e-20 6.237246906752081065e-30 1.104413358803945723e-48
5.226086956521739380e-01 2.562598945895088625e-04 1.326872738201206967e-03 5.953494097000364919e-04 3.996079499440968925e-05 4.702847545045101212e-07 7.466938595666744705e-10 7.057412158659226641e-14 1.780254118610788155e-19 1.158481596396977400e-28 7.892441005152615364e-47
5.359832775919732839e-01 2.067691551660234069e-04 1.290762126316864289e-03 7.304417829753575859e-04 6.443587163510442785e-05 1.026070478679803725e-06 2.300639723861345710e-09 3.315929901363210038e-13 1.390867469462670050e-18 1.903792834874643253e-27 4.792445284319477643e-45
5.493578595317726299e-01 1.646989806386066823e-04 1.229976452142192856e-03 8.690468543258127307e-04 9.962877007922176019e-05 2.122978001020567625e-06 6.643142853616636663e-09 1.440146345116344839e-12 9.885239960453594804e-18 2.782083548874649498e-26 2.488823296820331431e-43
5.627324414715719758e-01 1.295678860817630587e-04 1.149175937799428284e-03 1.004200257133349566e-03 1.480174061918574280e-04 4.175984039942226463e-06 1.802982530337799937e-08 5.801363186282191475e-12 6.416730275210680137e-17 3.632650905490247401e-25 1.112285021078290358e-41
5.761070234113713218e-01 1.007086636616569329e-04 1.053686512267109233e-03 1.128617335364678897e-03 2.117229138231060969e-04 7.828094210325887905e-06 4.612290363167239942e-08 2.174637996627958820e-11 3.818668498881377545e-16 4.257614771142238810e-24 4.303218861569091080e-40
5.894816053511705567e-01 7.736166776979244448e-05 9.489840868705846661e-04 1.235409194705929144e-03 2.921171558778755438e-04 1.401600348293908157e-05 1.115081622423652301e-07 7.608923926942244412e-11 2.090989339927068038e-15 4.498759803055068271e-23 1.449369352544626672e-38
6.028561872909699026e-01 5.874517836385825017e-05 8.402472058730756609e-04 1.318756518138305186e-03 3.894403184932853593e-04 2.402153699732210689e-05 2.554263483331676965e-07 2.492429502254944695e-10 1.057136823760265562e-14 4.303391022663230230e-22 4.272823673502493735e-37
6.162307692307692486e-01 4.410449331723390851e-05 7.320189813273461762e-04 1.374447092816899344e-03 5.024998409568028936e-04 3.948897373713087670e-05 5.557084541866692215e-07 7.664987863738530664e-10 4.950848379405449134e-14 3.741502990243888833e-21 1.108250473459046832e-35
6.296053511705685946e-01 3.274319346151755245e-05 6.279957554020201317e-04 1.400209793042503760e-03 6.285173988936847795e-04 6.238696578325979780e-05 1.150947345408723861e-06 2.219010322510155205e-09 2.154576855272694080e-13 2.967882049826145491e-20 2.541470393426834838e-34
6.429799331103679405e-01 2.404051823886306806e-05 5.309386716754342433e-04 1.395814331686455858e-03 7.631706292117648033e-04 9.489770858376480700e-05 2.274310703696921713e-06 6.062956639100208484e-09 8.739408464793503791e-13 2.155692110267951681e-19 5.177247842155520337e-33
6.563545150501672865e-01 1.745853450285137379e-05 4.426887555408865285e-04 1.362944403951319924e-03 9.008444108871199382e-04 1.392260689987370877e-04 4.296795690930416906e-06 1.567311781981576864e-08 3.313489753233933799e-12 1.438702029377191747e-18 9.410930312636020193e-32
6.697290969899666324e-01 1.254219799106061027e-05 3.642576006680307691e-04 1.304884448963743648e-03 1.035069664973028254e-03 1.973365802203491388e-04 7.777010237072642400e-06 3.842321473905526641e-08 1.177507910158965033e-11 8.851915761523565586e-18 1.533040719611791116e-30
6.831036789297659784e-01 8.914757873066623948e-06 2.959638765380194665e-04 1.226081850877981964e-03 1.159094011163333332e-03 2.706437702342962557e-04 1.351094427762087271e-05 8.953160744406745275e-08 3.932382971247605205e-11 5.036878083379258290e-17 2.247239653793472984e-29
6.964782608695653243e-01 6.270367040556548088e-06 2.375889510811157485e-04 1.131654716908153018e-03 1.266505539857944174e-03 3.596971045067123341e-04 2.257131659934473390e-05 1.987184264484631059e-07 1.237233187398142127e-10 2.658638072017032433e-16 2.975979599945660361e-28
7.098528428093645593e-01 4.365275030811575090e-06 1.885308554424256757e-04 1.026911164795373237e-03 1.351823026637059355e-03 4.639115582045239558e-04 3.632301302486217875e-05 4.209915449154358363e-07 3.676161100654096264e-10 1.305539182636559178e-15 3.573820609966078143e-27
7.232274247491639052e-01 3.008593577913184713e-06 1.479426659251497950e-04 9.169324129300069964e-04 1.410974028887167350e-03 5.813951866178033090e-04 5.640013528126127258e-05 8.529784892010789813e-07 1.033913111134001546e-09 5.980797508561029486e-15 3.905942585250710315e-26
7.366020066889632512e-01 2.053319224843239679e-06 1.148477253935359897e-04 8.062531819224872135e-04 1.441603746208915907e-03 7.089148214013221184e-04 8.463235782277450170e-05 1.655966567907424132e-06 2.758529144456091734e-09 2.562839206430146558e-14 3.898624700820820475e-25
7.499765886287625971e-01 1.388056046669846896e-06 8.822917852940962433e-05 6.986533088967470826e-04 1.443186971349495794e-03 8.420215412485266638e-04 1.229141568496863518e-04 3.086014949845135266e-06 6.996695754125690207e-09 1.029870944901722328e-13 3.565569811036902561e-24
7.633511705685619431e-01 9.296922471830437210e-07 6.709479605868031056e-05 5.970574899582430442e-04 1.416946506455846319e-03 9.753325186886977654e-04 1.730196339067149934e-04 5.530036229465258699e-06 1.690481982309537269e-08 3.890482824605762624e-13 2.997493240685736212e-23
7.767257525083612890e-01 6.171396035366461627e-07 5.052012413911619319e-05 5.035277851354663312e-04 1.365608181692999114e-03 1.102940302931801776e-03 2.363767029858493299e-04 9.544640061098632339e-06 3.898296465245120272e-08 1.384840461948271792e-12 2.323390805140496648e-22
7.901003344481606350e-01 4.061391209934769432e-07 3.767391810629964094e-05 4.193266143846081603e-04 1.293040930294961366e-03 1.218899759952280859e-03 3.138251515037356076e-04 1.589204228528519390e-05 8.596006461310182708e-08 4.655284409283061936e-12 1.665290737257220209e-21
8.034749163879598699e-01 2.650648904339006967e-07 2.782995615937256176e-05 3.450259759011256415e-04 1.203838419045292433e-03 1.317730814779277497e-03 4.053910268544452713e-04 2.556497053384557242e-05 1.815744882773354269e-07 1.481078418216708987e-11 1.106825284353233371e-20
8.168494983277592159e-01 1.716155774278866281e-07 2.036899335144578608e-05 2.806403606604631609e-04 1.102896964812355787e-03 1.394873849303803967e-03 5.101127788907372377e-04 3.979092750590270566e-05 3.680419401548445596e-07 4.468818913654461442e-11 6.840024694220256207e-20
8.302240802675585618e-01 1.102632380052814250e-07 1.477404997799451562e-05 2.257648955872167075e-04 9.950350769053265248e-04 1.447043763407101277e-03 6.259513674489808810e-04 6.000612789568224580e-05 7.170398910589602120e-07 1.281303635969917422e-10 3.940465042847421673e-19
8.435986622073579078e-01 7.032618248994257314e-08 1.062159254262319383e-05 1.797052910125019123e-04 8.846860581867755811e-04 1.472445888943152772e-03 7.498071852281370945e-04 8.779145376431204105e-05 1.344882491890932911e-06 3.497708909552753282e-10 2.121414488719235113e-18
8.569732441471572537e-01 4.454077935008884242e-08 7.570555207771320722e-06 1.415911663347722566e-04 7.756798728414488961e-04 1.470838396972038277e-03 8.776525565871934678e-04 1.247670429651260790e-04 2.432122791860496704e-06 9.107158782174813915e-10 1.069858482746217382e-17
8.703478260869565997e-01 2.802166960962503882e-08 5.350612855954305230e-06 1.104686250513365762e-04 6.711165953970726038e-04 1.443447417977378232e-03 1.004772207347468969e-03 1.724482799494724981e-04 4.247043340000571156e-06 2.265762304607292769e-09 5.065751025448531855e-17
8.837224080267559456e-01 1.751720263850034971e-08 3.750671333953161966e-06 8.537123714857914160e-05 5.733229391630956240e-04 1.392759185904382090e-03 1.126088413419425345e-03 2.320731055982973442e-04 7.171395180303126357e-06 5.395270844307430689e-09 2.257009053952042601e-16
8.970969899665552916e-01 1.088445874648269887e-08 2.608186819249781558e-06 6.537081827088904126e-05 4.838763894560923215e-04 1.322225674695377481e-03 1.236535327114174051e-03 3.044174113091322300e-04 1.172543249660529539e-05 1.231649242095923375e-08 9.482285619427098941e-16
9.104715719063546375e-01 6.724412021378102595e-09 1.799656704835477900e-06 4.961069286281412041e-05 4.036782692772059814e-04 1.235925430156413225e-03 1.331440308271251332e-03 3.896204057052704583e-04 1.858798878045251815e-05 2.699707193408753888e-08 3.764142850700619658e-15
9.238461538461538725e-01 4.131789573207992330e-09 1.232427546875912771e-06 3.732469383956934638e-05 3.330570014138009268e-04 1.138219997581247636e-03 1.406869885492170735e-03 4.870440033371297339e-04 2.860635933659453763e-05 5.690597454072545028e-08 1.414626833546080098e-14
9.372207357859532184e-01 2.525725725854196751e-09 8.378291055167874683e-07 2.784520109823903204e-05 2.718849766048328249e-04 1.033439925418993535e-03 1.459903937314864205e-03 5.951887382594306603e-04 4.279043058749085600e-05 1.155160843866643867e-07 5.042636564455175641e-14
9.505953177257525644e-01 1.536464484635916566e-09 5.655553138333134832e-07 2.060324904163742942e-05 2.196958312088867710e-04 9.256247584719332630e-04 1.488812437510108819e-03 7.116833941951497848e-04 6.228610926740734376e-05 2.261410978088651870e-07 1.708047608346505982e-13
9.639698996655519103e-01 9.303959958793143510e-10 3.791620838347286827e-07 1.512329225635069067e-05 1.757927515693982420e-04 8.183307655012144258e-04 1.493122571929480060e-03 8.333571392362204913e-04 8.832479084186476326e-05 4.275199577424923615e-07 5.507138626610184926e-13
9.773444816053512563e-01 5.609692214863835044e-10 2.525284482605295803e-07 1.101471779019074433e-05 1.393420471636426289e-04 7.145101178512455959e-04 1.473577889173944113e-03 9.563927347179542555e-04 1.221482941716348970e-04 7.815198501266902527e-07 1.693031185108339722e-12
9.907190635451506022e-01 3.368598946529523008e-10 1.671233569776598551e-07 7.961702634023680886e-06 1.094492980562982180e-04 6.164570643497784865e-04 1.432003292891469159e-03 1.076548984548875241e-03 1.649120777104678308e-04 1.383176770585046250e-06 4.970718959924538685e-12
1.004093645484949837e+00 2.015153218395457731e-10 1.099287408268407284e-07 5.712576257572910962e-06 8.521771823761123909e-05 5.258109585403818696e-04 1.371098579854521885e-03 1.189431661856661182e-03 2.175731484135487697e-04 2.373002469995884525e-06 1.395936141484406871e-11
1.017468227424749072e+00 1.201215655926753094e-10 7.188496227973818215e-08 4.069479003754543645e-06 6.578997334348532261e-05 4.436028810255509885e-04 1.294188078825293233e-03 1.290786068235343087e-03 2.807722806515163374e-04 3.951051340789951658e-06 3.755400852571780718e-11
1.030842809364548529e+00 7.136577273398669365e-11 4.674360591808827277e-08 2.878812268725001231e-06 5.037563449927194841e-05 3.703317613243463954e-04 1.204954709798086460e-03 1.376781995997986442e-03 3.547223952516009491e-04 6.391687505424543108e-06 9.692155591800380222e-11
1.044217391304347764e+00 4.226815446855802235e-11 3.023203198827362883e-08 2.022751655459862233e-06 3.826687279290622858e-05 3.060568082486961328e-04 1.107184047030924934e-03 1.444263378162048000e-03 4.391157581104293724e-04 1.005738900714648258e-05 2.403058464879471367e-10
1.057591973244147221e+00 2.496235457423548798e-11 1.945251090472113349e-08 1.411931174691344680e-06 2.884504538376164519e-05 2.504950943686478173e-04 1.004538727427231213e-03 1.490939891901490099e-03 5.330618181868436185e-04 1.540937924698088332e-05 5.731566693430757676e-10
1.070966555183946456e+00 1.470272483779787362e-11 1.245511771235267106e-08 9.792947283101637995e-07 2.158062655056989357e-05 2.031157345815271127e-04 9.003769590084882224e-04 1.515505289445862351e-03 6.350650584755916433e-04 2.301251674624543275e-05 1.316776727839987183e-09
1.084341137123745691e+00 8.638487876471729464e-12 7.937480564864052152e-09 6.750400063429810676e-07 1.602860324651894688e-05 1.632247854986063800e-04 7.976220598741305028e-04 1.517676026278728680e-03 7.430484791021174130e-04 3.353183309085682644e-05 2.917600937484165307e-09
1.097715719063545148e+00 5.063950501493552075e-12 5.035899248526584244e-09 4.625397849291369843e-07 1.182106580333632876e-05 1.300374441735965055e-04 6.986837913368049678e-04 1.498152536354103049e-03 8.544237635709972176e-04 4.771848293037974042e-05 6.242248852834468034e-09
1.111090301003344383e+00 2.962333231704704987e-12 3.181453929871494536e-09 3.151079176239046514e-07 8.658335509947314581e-06 1.027361511214234944e-04 6.054273378033408169e-04 1.458513117459320956e-03 9.662043982128336057e-04 6.638369324390751486e-05 1.291119150359762564e-08
1.124464882943143840e+00 1.729612470801490667e-12 2.001801398735353636e-09 2.134750139081225697e-07 6.299615715355927631e-06 8.051472799257905629e-05 5.191824164579133790e-04 1.401056000305373915e-03 1.075153628485392551e-03 9.036052199261182299e-05 2.584598895024099170e-08
1.137839464882943075e+00 1.008111892883453704e-12 1.254738597523636437e-09 1.438463108815928074e-07 4.553849400208026181e-06 6.260971321994701947e-05 4.407831851445791226e-04 1.328608343613944158e-03 1.177955668677558698e-03 1.204547218923845292e-04 5.012989228035046680e-08
1.151214046822742532e+00 5.866583846528841401e-13 7.836285290736972786e-10 9.642733558171965414e-08 3.271219873108916686e-06 4.832066077824570343e-05 3.706291688159792943e-04 1.244321587651092773e-03 1.271396409523291521e-03 1.573875465332654107e-04 9.430544343164845513e-08
1.164588628762541767e+00 3.409157800451455153e-13 4.877275583907656317e-10 6.431857380432249670e-08 2.335540984187550813e-06 3.702142512455086810e-05 3.087580358736055869e-04 1.151471113779606445e-03 1.352539181778109750e-03 2.017346919848504326e-04 1.722494294902401876e-07
1.177963210702341001e+00 1.978609312550060830e-13 3.025779929726653273e-10 4.269642865334914755e-08 1.657643303268373578e-06 2.816446243481814338e-05 2.549223746373845741e-04 1.053275036259190096e-03 1.418881931600547664e-03 2.538665074009255275e-04 3.057667617657799561e-07
1.191337792642140458e+00 1.147062911709821206e-13 1.871418030035223417e-10 2.821295790899485204e-08 1.169765311756399849e-06 2.128002012766862518e-05 2.086643121132849578e-04 9.527428466979786766e-04 1.468484271240258271e-03 3.138949608088688814e-04 5.280207579852991967e-07
1.204712374581939693e+00 6.643381050807938022e-14 1.154132548478382301e-10 1.856048942094556896e-08 8.208954832178662690e-07 1.597183476402486510e-05 1.693836020743088938e-04 8.525601921265708741e-04 1.500055976339357373e-03 3.816325322918564470e-04 8.878584624464825976e-07
1.218086956521739150e+00 3.844357629184312270e-14 7.098514989040694112e-11 1.215890394221374381e-08 5.729742463235774104e-07 1.191066733809773156e-05 1.363964806446834232e-04 7.550118545726139385e-04 1.513002213306577966e-03 4.565672565814270114e-04 1.454989488615422405e-06
1.231461538461538385e+00 2.223036561666049064e-14 4.354911659730794210e-11 7.933095059694940911e-09 3.978472189993022592e-07 8.826713101218565527e-06 1.089840144545556203e-04 6.619414261485525187e-04 1.507424668676105636e-03 5.378566838983693272e-04 2.325834685952749187e-06
1.244836120401337842e+00 1.284726818890401477e-14 2.665397108607310697e-11 5.155984594890011563e-09 2.748569050929254008e-07 6.501654740981252601e-06 8.642978572132889675e-05 5.747434834265364957e-04 1.484081408756228460e-03 6.243417804771150565e-04 3.629684486880580536e-06
1.258210702341137077e+00 7.421081889145074299e-15 1.627734437669496122e-11 3.338698268102226824e-09 1.889645727966797312e-07 4.760896236205688319e-06 6.804755974933442901e-05 4.943823422304265310e-04 1.444311378026165264e-03 7.145799919449964286e-04 5.534613894154288874e-06
1.271585284280936534e+00 4.285136004519510324e-15 9.919967407213840811e-12 2.154336579067052241e-09 1.293037160009336220e-07 3.466325154866036702e-06 5.320008909874097763e-05 4.214306711895353017e-04 1.389931701267098276e-03 8.068950766378508695e-04 8.252419218280134135e-06
1.284959866220735769e+00 2.473714367975106587e-15 6.034005909488295285e-12 1.385457652611046440e-09 8.807873407549003002e-08 2.509803194567172448e-06 4.131047193839185177e-05 3.561212195665189794e-04 1.323117254612688528e-03 8.994400656939846974e-04 1.204170527531459229e-05
1.298334448160535004e+00 1.427797532423793965e-15 3.663797899915971090e-12 8.881514048643513048e-10 5.973545364026017499e-08 1.807474670452488677e-06 3.186755541784473748e-05 2.984054813778806584e-04 1.246272298791040612e-03 9.902689311755566784e-04 1.720819698455812262e-05
1.311709030100334461e+00 8.240593122471282200e-16 2.220991529758073223e-12 5.676279298022651785e-10 4.034269353778162593e-08 1.294904991318395537e-06 2.442681348588460411e-05 2.480140691074396203e-04 1.161903412697443865e-03 1.077412268183252329e-03 2.410140727895724517e-05
1.325083612040133696e+00 4.756262866761314965e-16 1.344339961394873457e-12 3.617350957428308876e-10 2.713555657218105560e-08 9.230099020017356960e-07 1.860798162516138447e-05 2.045147159910469287e-04 1.072501697025813380e-03 1.158952472991552378e-03 3.310698275282356853e-05
1.338458193979933153e+00 2.745539684577781327e-16 8.125933391505080316e-13 2.298968413440188667e-10 1.818117916696788230e-08 6.547055370410019278e-07 1.409053869137207011e-05 1.673650078296179432e-04 9.804404564094236670e-04 1.233094424169688640e-03 4.463436990866872535e-05
1.351832775919732388e+00 1.585190051965457712e-16 4.905603784515022818e-13 1.457318045336503552e-10 1.213617937125975807e-08 4.621938485707302379e-07 1.060791887399222865e-05 1.359580463824738589e-04 8.878925527358132175e-04 1.298228418963270339e-03 5.909987686058952740e-05
1.365207357859531845e+00 9.155082517239208153e-17 2.958134386787297919e-13 9.215446078173781941e-11 8.072061580790448361e-09 3.247932658840764216e-07 7.941135914103890838e-06 1.096601912692647397e-04 7.967695784963937065e-04 1.352982955482702910e-03 7.690570529183143086e-05
1.378581939799331080e+00 5.289376475396945828e-17 1.781963542881569801e-13 5.814052711288526664e-11 5.350496831937828394e-09 2.272269022153567924e-07 5.912320369804486277e-06 8.784077805963784913e-05 7.086831183453044672e-04 1.396265777460457607e-03 9.841603618782252851e-05
1.391956521739130537e+00 3.057316726241706603e-17 1.072463771764932636e-13 3.660161665358672237e-11 3.534876313629553137e-09 1.582874554564917601e-07 4.378515868226721975e-06 6.989425891281292054e-05 6.249267902049997821e-04 1.427292342093299795e-03 1.239317029693382335e-04
1.405331103678929772e+00 1.768076668206700856e-17 6.449335633879566490e-14 2.299517012892691811e-11 2.328020208316137271e-09 1.098070916116657691e-07 3.225954252062627681e-06 5.525557222285743474e-05 5.464765684710256276e-04 1.445601499416942831e-03 1.536653119760624290e-04
1.418705685618729007e+00 1.023095129887094383e-17 3.875607251246417961e-14 1.441924953758977708e-11 1.528594344773095891e-09 7.587060099523702796e-08 2.364931500697528591e-06 4.340974593948830975e-05 4.740061207132480604e-04 1.451058681688010155e-03 1.877188206025721343e-04
1.432080267558528464e+00 5.923977495051956670e-18 2.327550949652729577e-14 9.025499889002902152e-12 1.000805994880390744e-09 5.222001348788070197e-08 1.725333546128456732e-06 3.389680856058101309e-05 4.079135187381416165e-04 1.443847311646865488e-03 2.260655274143735251e-04
1.445454849498327698e+00 3.432575747638139309e-18 1.397120577446037581e-14 5.639929474177249207e-12 6.534576558023165277e-10 3.580805992612251892e-08 1.252809897559183944e-06 2.631305620323880331e-05 3.483556631800918506e-04 1.424449475423796409e-03 2.685381631200097646e-04
1.458829431438127155e+00 1.990498434212134264e-18 8.382679636597239053e-15 3.518839487919818077e-12 4.255506328741524220e-10 2.446605476593936567e-08 9.055593152439744671e-07 2.030963500235204302e-05 2.952870145699757398e-04 1.393617192262535092e-03 3.148243212462027685e-04
1.472204013377926390e+00 1.155215374531133540e-18 5.027865462799674670e-15 2.192282798284855566e-12 2.764433710377887558e-10 1.665882437625748526e-08 6.516717504112418612e-07 1.558927198848194777e-05 2.484996707531190161e-04 1.352335861926575334e-03 3.644698819880672395e-04
1.485578595317725847e+00 6.710374530761181356e-19 3.014895560172068858e-15 1.363990707549677781e-12 1.791578149956393272e-10 1.130521536178770024e-08 4.669609104308315157e-07 1.190184558905303041e-05 2.076623898524357120e-04 1.301781681525318287e-03 4.168904280598107435e-04
1.498953177257525082e+00 3.901534039045478879e-19 1.807521068956684159e-15 8.475958088807952758e-13 1.158489338246420378e-10 7.647564428882166000e-09 3.332191610144299897e-07 9.039344393669118333e-06 1.723567582858015284e-04 1.243274985264527675e-03 4.713900005768434484e-04
1.512327759197324317e+00 2.270648822213802876e-19 1.083553086679335637e-15 5.261045701856313884e-13 7.475249497439821674e-11 5.157412638704151728e-09 2.368286463263421232e-07 6.830630172781847888e-06 1.421092872925081604e-04 1.178231555509248263e-03 5.271859659133369463e-04
1.525702341137123774e+00 1.322849815022234544e-19 6.495381779969619905e-16 3.262143761042289478e-13 4.813777052021068188e-11 3.467835904796678745e-09 1.676676357772415773e-07 5.136304457427494805e-06 1.164187476484524755e-04 1.108113963307647389e-03 5.834383185596389880e-04
1.539076923076923009e+00 7.715004621403917402e-20 3.893834534467829680e-16 2.020795185883448392e-13 3.094003197410779697e-11 2.325174102320363430e-09 1.182578115081500620e-07 3.843880106101942315e-06 9.477849511817705455e-05 1.034384908198210601e-03 6.392814687350585872e-04
1.552451505016722466e+00 4.504484090051443536e-20 2.334522408080015481e-16 1.250744845192588599e-13 1.985073357830051104e-11 1.554797771883226219e-09 8.310551230167965795e-08 2.863380651466620062e-06 7.669388693570662022e-05 9.584643371908641149e-04 6.938564731162830948e-04
1.565826086956521701e+00 2.633021288131578509e-20 1.399892153712439336e-16 7.735351466296857955e-14 1.271447820934416413e-11 1.036964534028839444e-09 5.819718910852689605e-08 2.123429697966733435e-06 6.169514156916703176e-05 8.816918390907954204e-04 7.463417566330344134e-04
1.579200668896321158e+00 1.540921402903664794e-20 8.396420398041442027e-17 4.780712823524347145e-14 8.130748667230226577e-12 6.898813019030412897e-10 4.061609412796560315e-08 1.567848159618180890e-06 4.934615758022161530e-05 8.052954514887980964e-04 7.959806179827402361e-04
1.592575250836120393e+00 9.028984947250140032e-21 5.037589914314831676e-17 2.952851640408269942e-14 5.191765580226462416e-12 4.578814925354959278e-10 2.825329274035127047e-08 1.152746172989163573e-06 3.924989496894366376e-05 7.303676108224342947e-04 8.421041726926362190e-04
1.605949832775919628e+00 5.297176115775600547e-21 3.023468125684530519e-17 1.822891464967589785e-14 3.310498573468068438e-12 3.032121974429808872e-10 1.959135882711454216e-08 8.440764938357457656e-07 3.105094890782139405e-05 6.578485526082605232e-04 8.841488191149633226e-04
1.619324414715719085e+00 3.111794311875448238e-21 1.815372710767861054e-17 1.124819537292771297e-14 2.108169467234668720e-12 2.003551834830170080e-10 1.354357955968247120e-08 6.156046302848456859e-07 2.443592657349605960e-05 5.885170614045511384e-04 9.216677674288594304e-04
1.632698996655518320e+00 1.830423339906385410e-21 1.090503132366236830e-17 6.938078647107757818e-15 1.340880817630188802e-12 1.321171422824779364e-10 9.335200475183084361e-09 4.472457018872346735e-07 1.913218724124713050e-05 5.229881070238783132e-04 9.543366065863421012e-04
1.646073578595317777e+00 1.078149268190560135e-21 6.554063748522216260e-18 4.278191806541532694e-15 8.518927799759651600e-13 8.694921008985050731e-11 6.416260921095655618e-09 3.237172033094464487e-07 1.490543637465497634e-05 4.617166073224145085e-04 9.819532645509963797e-04
1.659448160535117012e+00 6.359232973207464758e-22 3.941286738978592306e-18 2.637395061564797826e-15 5.406624101607495044e-13 5.711656488339018414e-11 4.397992691646236883e-09 2.334590070715542714e-07 1.155658623772235517e-05 4.050063427270470646e-04 1.004433019156189761e-03
1.672822742474916469e+00 3.756126671005065467e-22 2.371532800268458136e-18 1.625594427389257779e-15 3.428065575156722275e-13 3.745324658130703388e-11 3.006672235385443468e-09 1.677759067748104012e-07 8.918216261529327853e-06 3.530229190235302191e-04 1.021799427785483570e-03
1.686197324414715704e+00 2.221753638611233172e-22 1.427917834611695287e-18 1.001840145642496933e-15 2.171640216843032183e-13 2.451814995079918861e-11 2.050315945998210997e-09 1.201629195034338860e-07 6.850891414122678646e-06 3.058096302558922742e-04 1.034172161731900528e-03
1.699571906354515161e+00 1.316078115412764241e-22 8.603569982272479897e-19 6.173906022927483428e-16 1.374597179704124298e-13 1.602490884675535978e-11 1.394767048691356868e-09 8.577881932471323873e-08 5.239529573080727322e-06 2.633051037039071973e-04 1.041752762166592815e-03
1.712946488294314396e+00 7.807407956942716545e-23 5.187680087737065661e-19 3.804714939736398233e-16 8.694483312388384053e-14 1.045805268788715222e-11 9.466095368954866465e-10 6.103854799083508665e-08 3.989951198584492672e-06 2.253616999725084353e-04 1.044809292161392577e-03
1.726321070234113630e+00 4.638529260812574078e-23 3.130426684050967319e-19 2.344817198705929417e-16 5.495709435938407574e-14 6.815381399723520521e-12 6.410170151642129963e-10 4.329998337825104135e-08 3.025697038270396366e-06 1.917637768429835093e-04 1.043660760000883914e-03
1.739695652173913087e+00 2.760007102396015725e-23 1.890539917415802976e-19 1.445253203394166570e-16 3.471724761048952082e-14 4.435568085833143781e-12 4.331496468786621762e-10 3.062489527044455810e-08 2.285161880859379246e-06 1.622450887086516601e-04 1.038662051339825929e-03
1.753070234113712322e+00 1.644766706332392719e-23 1.142708660348326590e-19 8.909419720847570572e-17 2.191983329822869927e-14 2.883120101996203705e-12 2.920891373599339262e-10 2.159771839692616588e-08 1.719063667232848302e-06 1.365047682013548430e-04 1.030189949270947153e-03
1.766444816053511779e+00 9.816798214774748087e-24 6.913010821175681962e-20 5.493473341453549280e-17 1.383335684113198167e-14 1.871820831470011737e-12 1.965804241256009852e-10 1.518901666254732146e-08 1.288246403198546097e-06 1.142215092992315617e-04 1.018630657652129122e-03
1.779819397993311014e+00 5.868318050252566399e-24 4.185959656203609993e-20 3.388110146770110632e-17 8.726564215853107687e-15 1.213910202189230970e-12 1.320535316276830552e-10 1.065322827545201853e-08 9.618010079629019688e-07 9.506573102831393127e-05 1.004369086689552420e-03
1.793193979933110471e+00 3.513516210965531723e-24 2.537069216171462069e-20 2.090262812059930510e-17 5.503138821516788554e-15 7.864322603993342486e-13 8.854850414764594551e-11 7.452517524759759725e-09 7.154791924617211326e-07 7.870964028464012168e-05 9.877800199687303967e-04
1.806568561872909706e+00 2.106981388421728920e-24 1.539188618067211880e-20 1.290019717940014325e-17 3.469399656254509321e-15 5.090018369072708705e-13 5.927472697730425869e-11 5.200373511752383808e-09 5.303705012516807737e-07 6.483522688573280181e-05 9.692211646705573913e-04
1.819943143812709163e+00 1.265538378126047327e-24 9.347291774742671078e-21 7.964570238437648240e-18 2.186750488075614246e-15 3.291474773091495750e-13 3.961410088804959721e-11 3.620049861910701934e-09 3.918107224732024050e-07 5.314031204811341916e-05 9.490279943571686182e-04
1.833317725752508398e+00 7.613614531291390720e-25 5.682321331679768595e-21 4.919450904092768599e-18 1.378061798937793490e-15 2.126688350393539916e-13 2.643357243750383926e-11 2.514090752153473923e-09 2.884900890673519999e-07 4.334283365986608071e-05 9.275102266992355437e-04
1.846692307692307633e+00 4.587880234307371702e-25 3.457983084593078548e-21 3.040018642604021936e-18 8.683312484970867792e-16 1.373053399015775518e-13 1.761249090978187717e-11 1.742090919288895464e-09 2.117313446060989077e-07 3.518359020525618731e-05 9.049497351811135225e-04
1.860066889632107090e+00 2.769129004146244541e-25 2.106626506554873543e-21 1.879565946495974827e-18 5.471058644211620544e-16 8.858669888301879298e-14 1.171862785722428254e-11 1.204537797721694144e-09 1.549102689270719970e-07 2.842768330408430874e-05 8.815996712321298289e-04
1.873441471571906325e+00 1.674126177019494098e-25 1.284783156029815869e-21 1.162723140349072957e-18 3.447050772947679089e-16 5.711807367964393361e-14 7.786730845769951392e-12 8.311229652941097478e-10 1.129942310017179979e-07 2.286490040339915508e-05 8.576845677573236276e-04
1.886816053511705782e+00 1.013796252073771158e-25 7.844391214000680390e-22 7.196935042381487676e-19 2.171874813599423314e-16 3.680680707796734877e-14 5.167571799684874672e-12 5.723215094825876185e-10 8.217745521026263277e-08 1.830926817599474749e-05 8.334012028159154279e-04
1.900190635451505017e+00 6.149417194062176403e-26 4.794958019601217916e-22 4.457443564219470140e-19 1.368523963359890263e-16 2.370593659072624293e-14 3.425315330758180259e-12 3.933496006240828720e-10 5.959474410811651928e-08 1.459798740943799247e-05 8.089200194889780045e-04
1.913565217391304474e+00 3.736293553432987633e-26 2.934371543517544425e-22 2.762517405405224977e-19 8.624214457531827783e-17 1.526105377792079208e-14 2.267912061469872316e-12 2.698450010108925279e-10 4.309826254944042556e-08 1.158993496200164258e-05 7.843869214346138119e-04
1.926939799331103709e+00 2.273916188010267631e-26 1.797869875436589151e-22 1.713240844381853805e-19 5.435688390968122815e-17 9.820501232031498965e-15 1.500001270149166308e-12 1.847904232661106797e-10 3.108457822299237646e-08 9.163890524880020200e-06 7.599252904168852553e-04
1.940314381270902944e+00 1.386234592954757343e-26 1.102864033430943793e-22 1.063258396993173836e-19 3.426692279210927638e-17 6.317235633108732874e-15 9.911153223259801898e-13 1.263297445793292536e-10 2.236143719465722844e-08 7.216617680185561459e-06 7.356380999568832039e-04
1.953688963210702401e+00 8.465057981117249853e-27 6.773506484185845076e-23 6.603565270665580288e-20 2.160718847909397222e-17 4.062436979365840587e-15 6.542602469303354974e-13 8.622312685444289144e-11 1.604572370957013871e-08 5.660901720092567757e-06 7.116100265022532985e-04
1.967063545150501636e+00 5.177926879284617535e-27 4.165238604953735273e-23 4.104394663892590285e-20 1.362826127148004706e-17 2.611761335483725384e-15 4.315156502348220822e-13 5.875760727285500609e-11 1.148572399338826177e-08 4.423622006797527133e-06 6.879094849666803155e-04
1.980438127090301093e+00 3.172606809099910932e-27 2.564528279032675961e-23 2.553065620495839670e-20 8.598397487881869381e-18 1.678758042089042956e-15 2.843723839400591969e-13 3.998122475963361509e-11 8.202208249505761869e-09 3.443914968524008728e-06 6.645905384029937970e-04
1.993812709030100327e+00 1.947207805388800644e-27 1.580965970957842194e-23 1.589380289014963293e-20 5.426811327687676552e-18 1.078872956091514271e-15 1.872611142463050844e-13 2.716617612541090545e-11 5.843993560409064322e-09 2.671465442964906438e-06 6.416946515262142176e-04
2.007187290969899784e+00 1.197140649221660394e-27 9.758673080642980212e-24 9.902775770740049838e-21 3.426389792997846748e-18 6.932649849879706974e-16 1.232255829011380225e-13 1.843356902397454083e-11 4.154585137142219283e-09 2.064949018963110828e-06 6.192522746214054090e-04
2.020561872909699019e+00 7.372516807250901445e-28 6.031393828253896898e-24 6.175316101169872947e-21 2.164251918512070228e-18 4.454444316882850913e-16 8.103457395273437624e-14 1.249183487197853589e-11 2.947246008814276236e-09 1.590636115997956322e-06 5.972842580427604542e-04
2.033936454849498254e+00 4.548045075651515546e-28 3.732573785201826278e-24 3.854286385539872291e-21 1.367639030085189683e-18 2.862009416730490191e-16 5.325721576985628810e-14 8.454844848863567658e-12 2.086445415726591638e-09 1.221159478233436798e-06 5.758031081196478404e-04
2.047311036789297489e+00 2.810428993887744134e-28 2.312957862888325191e-24 2.407799423568497001e-21 8.646511359404930972e-19 1.838862233914772689e-16 3.498218963844698831e-14 5.715756317331082698e-12 1.474110520200934403e-09 9.344401744017206657e-07 5.548141029717042335e-04
2.060685618729097168e+00 1.739640933468959285e-28 1.435159430970236432e-24 1.505555473245645012e-21 5.469262030418403623e-19 1.181529916156399245e-16 2.296662131527373691e-14 3.859720205656694966e-12 1.039477899786500512e-09 7.127626893947124281e-07 5.343162916669616990e-04
2.074060200668896403e+00 1.078663170293793487e-28 8.916817886520409455e-25 9.422834248783167052e-22 3.461362470662625049e-19 7.592308923340630349e-17 1.507125309725884792e-14 2.603614963645370586e-12 7.316305851801976836e-10 5.419868767501101383e-07 5.143034025250680990e-04
2.087434782608695638e+00 6.699636229868608401e-29 5.547545735594720964e-25 5.903132095306638248e-22 2.191833969621638616e-19 4.879241598756515240e-17 9.886070289811320323e-15 1.754529376211663329e-12 5.140298944253897643e-10 4.108830493103462873e-07 4.947646863886036913e-04
2.100809364548494873e+00 4.168266414416033358e-29 3.456024304393643006e-25 3.701749901290723169e-22 1.388742377016608881e-19 3.136138524706279510e-17 6.482454213546193529e-15 1.181220552118120362e-12 3.605228306941048859e-10 3.105759946475106234e-07 4.756857186138741867e-04
2.114183946488294552e+00 2.597754827267309472e-29 2.155961393446121179e-25 2.323605402126854176e-22 8.804404522624106137e-20 2.016124101412737740e-17 4.249280867914101228e-15 7.945307704389099376e-13 2.524366281878513226e-10 2.340839354257435840e-07 4.570491796734358052e-04
2.127558528428093787e+00 1.621730591083842555e-29 1.346779840908198462e-25 1.460007826260108218e-22 5.585382712929159194e-20 1.296380666897250620e-17 2.784645129952342632e-15 5.339764945864118837e-13 1.764712277456367889e-10 1.759391836231579043e-07 4.388356289808725895e-04
2.140933110367893022e+00 1.014136410723759909e-29 8.424547191842770863e-26 9.183155409945607840e-23 3.545606277590381140e-20 8.337863083037411429e-18 1.824401389633776817e-15 3.585807617876921853e-13 1.231752719284273889e-10 1.318782780919860185e-07 4.210242802697262499e-04
2.154307692307692257e+00 6.352581957236377158e-30 5.277078127481194901e-26 5.782008860967120594e-23 2.252279485153798376e-20 5.364102925314680757e-18 1.195044824464277566e-15 2.406170629586327839e-13 8.584733306034536984e-11 9.859060538823797060e-08 4.035937800611389434e-04
2.167682274247491492e+00 3.986019243187373344e-30 3.310090856830631602e-26 3.644361568436890018e-23 1.431717896562472789e-20 3.452012191776483074e-18 7.826685598527130804e-16 1.613470584275098528e-13 5.974598730225437172e-11 7.351577828598111020e-08 3.865229839493069977e-04
2.181056856187291171e+00 2.505316302917335669e-30 2.079160234351524842e-26 2.299458477950759995e-23 9.107618943596598962e-21 2.222248996422065866e-18 5.125279997370466605e-16 1.081212192485846990e-13 4.152348284063624591e-11 5.468130928177457016e-08 3.697917191353505091e-04
2.194431438127090406e+00 1.577315304807045486e-30 1.307795001533631643e-26 1.452433742620127723e-23 5.797929664865637272e-21 1.431100624750694839e-18 3.355976795507728470e-16 7.240950678820308814e-14 2.882078403902001325e-11 4.057331661265066909e-08 3.533815163325293007e-04
2.207806020066889641e+00 9.947314496318416566e-31 8.237527247306891965e-27 9.184144156524997220e-24 3.693769968890064884e-21 9.219686155680389859e-19 2.197339175546515268e-16 4.846564675246171654e-14 1.997874221220754381e-11 3.003410607261602556e-08 3.372762902650309385e-04
2.221180602006688876e+00 6.283809977641021651e-31 5.195904389187555117e-27 5.813763367028425293e-24 2.355067425550349017e-21 5.942123482817987444e-19 1.438688353820643396e-16 3.242236470021503962e-14 1.383259444559896523e-11 2.218146610478922677e-08 3.214629458023743596e-04
2.234555183946488555e+00 3.976202330187239445e-31 3.281965149552681120e-27 3.684314900589448842e-24 1.502729798166725926e-21 3.831399505398858435e-19 9.419808330306091418e-17 2.167931678402141923e-14 9.566092689652714140e-12 1.634538990500424616e-08 3.059318864952482574e-04
2.247929765886287790e+00 2.520231377157767989e-31 2.075948421143034385e-27 2.337443126786969894e-24 9.596428819788649724e-22 2.471574570170983112e-19 6.167893958671535706e-17 1.448952724725537452e-14 6.608193321572238099e-12 1.201869776866892418e-08 2.906774039426842423e-04
2.261304347826087024e+00 1.600062803169088855e-31 1.314952340315349845e-27 1.484616310682516894e-24 6.133331324379674715e-22 1.595145939536932362e-19 4.038913755421610783e-17 9.680272176865023591e-15 4.560047621480705138e-12 8.818681797144250490e-09 2.756979299100770957e-04
2.274678929765886259e+00 1.017551489413049027e-31 8.340944660630552878e-28 9.440173607804557885e-25 3.923266211344966502e-22 1.030023435369075759e-19 2.645075321810954253e-17 6.464905602594233351e-15 3.143513072424840098e-12 6.457442519259600190e-09 2.609961381764825642e-04
2.288053511705685494e+00 6.481812925210217597e-32 5.298256699970305736e-28 6.009547928794908085e-25 2.511712669863470249e-22 6.654615592963229602e-20 1.732486328060443736e-17 4.316126398578912088e-15 2.164914251851118272e-12 4.719043695971646766e-09 2.465788893427118427e-04
2.301428093645485173e+00 4.135758967929840019e-32 3.370263696753142468e-28 3.830036978324957501e-25 1.609418310200020574e-22 4.301668032462548670e-20 1.134937705172813746e-17 2.880707082190684047e-15 1.489585602197593515e-12 3.441988783333725189e-09 2.324570188180279063e-04
2.314802675585284408e+00 2.643202224417515771e-32 2.146882880107083597e-28 2.443804932019332449e-25 1.032168096694496767e-22 2.782258012311374411e-20 7.436291562537927953e-18 1.922171878106616573e-15 1.024021087662307674e-12 2.505831239492011803e-09 2.186449754157100244e-04
2.328177257525083643e+00 1.692075513958004054e-32 1.369514767312041810e-28 1.561116721332308740e-25 6.625518714122929825e-23 1.800581251691082834e-20 4.873425528926003749e-18 1.282295969813629527e-15 7.033797632478263471e-13 1.820981411805746782e-09 2.051603249161447647e-04
2.341551839464882878e+00 1.084977994624981057e-32 8.748612047880101024e-29 9.984174215963137346e-26 4.256792649109444944e-23 1.165979113284912335e-20 3.194602266880799065e-18 8.552668194867322594e-16 4.827550056787228358e-13 1.320974528961870915e-09 1.920231391282670814e-04
2.354926421404682113e+00 6.968375550395366540e-33 5.596618635163439153e-29 6.392921055209545942e-26 2.737431229886282997e-23 7.555081536753672255e-21 2.094664314954009829e-18 5.703562426667901913e-16 3.310835600330590064e-13 9.566256856830782471e-10 1.792552959977471638e-04
2.368301003344481792e+00 4.482797469834161558e-33 3.585306643404000648e-29 4.098257538927706290e-26 1.762003503220038446e-23 4.898523558661063338e-21 1.373844384251025246e-18 3.803080756299700825e-16 2.269028185924720846e-13 6.916258897867838698e-10 1.668797198764792136e-04
2.381675585284281027e+00 2.888491526419854242e-33 2.300068293296062069e-29 2.630352711964761438e-26 1.135213730389109295e-23 3.178161388438638534e-21 9.013554260820705593e-19 2.535612143298969277e-16 1.553998907674732390e-13 4.992344360503138742e-10 1.549195930042525263e-04
2.395050167224080262e+00 1.864210222264383887e-33 1.477640112219895860e-29 1.690228889562610922e-26 7.320826076288927302e-24 2.063374982440074341e-21 5.915611782318857236e-19 1.690444051928022174e-16 1.063620628246144246e-13 3.598022968684136224e-10 1.433975695059173288e-04
2.408424749163879497e+00 1.205085386249046144e-33 9.506260218960720986e-30 1.087415785803418533e-26 4.725613344819567163e-24 1.340535572294620233e-21 3.883806766980427208e-19 1.126942842501935823e-16 7.275524131228051233e-14 2.589232184923243611e-10 1.323350218414182133e-04
2.421799331103679176e+00 7.802561275804993987e-34 6.124396121189540549e-30 7.004319683698556282e-27 3.053344224083443577e-24 8.715307958166562649e-22 2.550814759903421298e-19 7.512736076180743281e-17 4.973924334612677205e-14 1.860573577289339101e-10 1.217513468323277033e-04
2.435173913043478411e+00 5.059996580918224873e-34 3.951197655277657281e-30 4.517082052982271096e-27 1.974769849798153334e-24 5.670186438142386297e-22 1.675993315414177629e-19 5.008425559733741794e-17 3.398653467856390833e-14 1.335095001029383703e-10 1.116633543814702999e-04
2.448548494983277646e+00 3.286654945535312912e-34 2.552733086179174816e-30 2.916574185509273592e-27 1.278450147482460450e-24 3.691712722586628535e-22 1.101656238550788010e-19 3.339046852249173903e-17 2.321146214206816759e-14 9.567251945074047815e-11 1.020847571139832767e-04
2.461923076923076881e+00 2.138188509640260880e-34 1.651552541899961022e-30 1.885438172514073441e-27 8.284779669527189784e-25 2.405359155680763061e-22 7.244501142261944056e-20 2.226245308332572864e-17 1.584530900378469478e-14 6.846865589304740483e-11 9.302577374076843473e-05
2.475297658862876116e+00 1.393230454724288637e-34 1.070012356412456860e-30 1.220328739336371361e-27 5.374165895675752502e-25 1.568406845074866942e-22 4.766145338567758401e-20 1.484442656332712295e-17 1.081224445421950175e-14 4.893790341667647093e-11 8.449285332342475544e-05
2.488672240802675795e+00 9.092474040046447315e-35 6.942143551489643196e-31 7.908016785876227888e-28 3.489611046511506736e-25 1.023456423772568849e-22 3.137112225990179524e-20 9.899291418737450286e-18 7.374997733414002787e-15 3.493549413266351835e-11 7.648852212671971163e-05
2.502046822742475030e+00 5.943199922805885080e-35 4.510302703550599604e-31 5.130802787999517742e-28 2.268201143239223071e-25 6.683695661934573438e-23 2.065875341917254498e-20 6.602450134047335560e-18 5.028661755399275271e-15 2.491007313389944283e-11 6.901134966248916936e-05
2.515421404682274265e+00 3.890762749796417267e-35 2.934431104157957795e-31 3.332964838682546420e-28 1.475799193712037278e-25 4.368228056928322184e-23 1.361120271273739081e-20 4.404293433389227490e-18 3.427683495853936682e-15 1.774140093700935230e-11 6.205602608429782471e-05
2.528795986622073499e+00 2.551069232570032842e-35 1.911820082823471538e-31 2.167725909232485930e-28 9.612061685436091284e-26 2.857193884490753935e-23 8.972511581783025296e-21 2.938508299775515373e-18 2.335714051646666581e-15 1.262186243186387433e-11 5.561353944845314943e-05
2.542170568561873178e+00 1.675250442364581634e-35 1.247307889817136140e-31 1.411583824463075503e-28 6.266884165870215250e-26 1.870355396399371677e-23 5.917840418140895477e-21 1.960949160564229475e-18 1.591189433387830833e-15 8.970136388043127194e-12 4.967143861105881514e-05
2.555545150501672413e+00 1.101803438199413498e-35 8.148965343531860846e-32 9.203181307656653628e-29 4.090107620714002216e-26 1.225357001190028919e-23 3.905264870658390410e-21 1.308890696483691898e-18 1.083726281657195050e-15 6.368421473739651884e-12 4.421416571624747408e-05
2.568919732441471648e+00 7.257586957321464744e-36 5.331285727441106653e-32 6.007565423771773896e-29 2.672192379647134377e-26 8.034504221414827966e-24 2.578587431092584531e-21 8.738697084515411842e-19 7.379463118546098822e-16 4.516878479340739683e-12 3.922344132400479332e-05
2.582294314381270883e+00 4.787854534174900586e-36 3.492694535796197118e-32 3.926344392356128735e-29 1.747641917998136950e-26 5.272507081747621855e-24 1.703582721327623243e-21 5.835856529786153396e-19 5.023992592008784540e-16 3.200628155041369380e-12 3.467868515619877370e-05
2.595668896321070118e+00 3.163348411246738501e-36 2.291325653078988412e-32 2.569257583571713789e-29 1.144170178782670114e-26 3.462903769409299844e-24 1.126160399858729899e-21 3.898389636247043334e-19 3.419822715375497324e-16 2.265886949463288633e-12 3.055745609952319972e-05
2.609043478260869797e+00 2.093183368043777591e-36 1.505251077567270919e-32 1.683279405557112977e-29 7.498662346192559382e-27 2.276314111492388956e-24 7.449007120427341416e-22 2.604932320863929738e-19 2.327553059199282877e-16 1.602740110500021025e-12 2.683589636289730111e-05
2.622418060200669032e+00 1.387134119907384101e-36 9.902053909439841062e-33 1.104164851220915278e-29 4.919640998998151803e-27 1.497599426135392836e-24 4.930181278622282145e-22 1.741188577007918591e-19 1.583972751369015028e-16 1.132726686765092301e-12 2.348916640069950904e-05
2.635792642140468267e+00 9.206134401406413850e-37 6.522800198924916004e-33 7.251711580856840198e-30 3.231028437685063476e-27 9.861293355816247393e-25 3.265117384894862911e-22 1.164235132553148675e-19 1.077850132821620048e-16 7.999066209485861283e-13 2.049185923625638860e-05
2.649167224080267502e+00 6.119001694171900539e-37 4.302625063858143192e-33 4.768433057625725392e-30 2.124257206116916236e-27 6.499047492956042021e-25 2.163769434254846758e-22 7.787324042365050664e-20 7.334014571808406872e-17 5.644431770137496748e-13 1.781838501320606459e-05
2.662541806020067181e+00 4.073098893230207619e-37 2.841984507364685239e-33 3.139344707333285065e-30 1.398084607035963855e-27 4.286925068876386843e-25 1.434842087846568965e-22 5.210691348116461580e-20 4.990082876778901652e-17 3.979992586605622238e-13 1.544331884023898840e-05
2.675916387959866416e+00 2.715233311952551097e-37 1.879735647815790294e-33 2.069331044064693294e-30 9.211297620956030992e-28 2.830251382529816475e-25 9.521002230607169444e-23 3.487937438758706960e-20 3.395204738367081457e-17 2.804396416796436277e-13 1.334170717019777463e-05
2.689290969899665651e+00 1.812691316405310873e-37 1.244963916476415180e-33 1.365677093713001612e-30 6.075332447100843648e-28 1.870206293837882939e-25 6.321948808887136332e-23 2.335687435173531278e-20 2.310073273405536589e-17 1.974719176905196041e-13 1.148932998161035126e-05
2.702665551839464886e+00 1.211913803302031809e-37 8.256570059388328535e-34 9.023863524699714056e-31 4.011270190417421907e-28 1.236920290542454087e-25 4.200617855108254557e-23 1.564731106990354741e-20 1.571796158957699716e-17 1.389611736624368754e-13 9.862917845548532060e-06
2.716040133779264121e+00 8.114232542000526310e-38 5.483065827349190487e-34 5.969840674313426732e-31 2.651289076253059150e-28 8.188112313065303609e-26 2.793014824133264724e-23 1.048696243370820724e-20 1.069513387427172619e-17 9.772752123269107301e-14 8.440324520871858962e-06
2.729414715719063800e+00 5.440610836857012252e-38 3.646078861911974369e-34 3.954193442594724874e-31 1.754268695651347867e-28 5.425225571067392892e-26 1.858381996623249762e-23 7.031541792493882313e-21 7.277871315962585386e-18 6.868918609983974146e-14 7.200657003874869342e-06
2.742789297658863035e+00 3.653162710088166333e-38 2.427757770526822197e-34 2.622268671309829237e-31 1.161982220797241331e-28 3.597871693261795207e-26 1.237377109280686841e-23 4.716805010492182628e-21 4.952894050693037517e-18 4.825256931901323676e-14 6.124365958773589834e-06
2.756163879598662270e+00 2.456451255624284444e-38 1.618673282194622107e-34 1.741083733111460724e-31 7.704910075954504048e-29 2.388191876782598147e-26 8.244759834730407529e-24 3.165536039136405276e-21 3.370996977638241130e-18 3.387859009105279772e-14 5.193300182225654581e-06
2.769538461538461505e+00 1.654099767972837455e-38 1.080650888155651253e-34 1.157402347881370581e-31 5.114470574641798728e-29 1.586682863782090936e-26 5.497511430450844374e-24 2.125464536829848477e-21 2.294617294796426155e-18 2.377469609158856813e-14 4.390729228025999559e-06
2.782913043478261184e+00 1.115388842098098653e-38 7.224067431143347100e-35 7.703183880484028205e-32 3.398591957194129431e-29 1.055139784496982477e-26 3.668340867915492564e-24 1.427817927023988308e-21 1.562148907925117059e-18 1.667635217638408732e-14 3.701338564866620751e-06
2.796287625418060419e+00 7.531796224475128695e-39 4.835552321356393262e-35 5.133059464729988560e-32 2.260803042445990064e-29 7.023123299965366846e-27 2.449580468451709314e-24 9.596416616504356933e-22 1.063658809025918156e-18 1.169216648437787655e-14 3.111201693032764571e-06
2.809662207357859653e+00 5.093016950780544110e-39 3.240977625125247903e-35 3.424532698631306245e-32 1.505538439151240374e-29 4.678992876528910426e-27 1.636949025097990951e-24 6.453085424001053011e-22 7.243646761736112697e-19 8.194225676727900242e-15 2.607733539766621401e-06
2.823036789297658888e+00 3.448677611749531408e-39 2.175050444114008687e-35 2.287410689542708140e-32 1.003659410186028258e-29 3.120164838753965316e-27 1.094719420468101127e-24 4.341625763629152856e-22 4.933944467507478784e-19 5.740513476507026498e-15 2.179629222465556175e-06
2.836411371237458123e+00 2.338447427174846412e-39 1.461583624842035807e-35 1.529690427613751194e-32 6.698015848938846648e-30 2.082605085639069125e-27 7.326514040929287874e-25 2.922593691045293416e-22 3.361399881569101046e-19 4.020074416376960514e-15 1.816791946944283682e-06
2.849785953177257802e+00 1.587803596168252507e-39 9.834146947906297786e-36 1.024184608687429561e-32 4.474774062206821236e-30 1.391366730714676480e-27 4.907060319248797878e-25 1.968429484011183746e-22 2.290560125531004002e-19 2.814286908893871453e-15 1.510253424856340986e-06
2.863160535117057037e+00 1.079584725824591708e-39 6.625307522604284680e-36 6.865416808269643795e-33 2.992684608850604279e-30 9.304276069517338279e-28 3.289101547332442617e-25 1.326510729829734776e-22 1.561224202246427425e-19 1.969535115377985211e-15 1.252089776523986246e-06
2.876535117056856272e+00 7.350283407807877856e-40 4.469195211721622104e-36 4.607530004589314651e-33 2.003620123205971929e-30 6.227743741918366142e-28 2.206314167584752564e-25 8.944274837887670247e-23 1.064381214400706487e-19 1.377939287557080390e-15 1.035335455227479627e-06
2.889909698996655507e+00 5.011127661257596802e-40 3.018590049801635664e-36 3.095855090429333208e-33 1.342870250360073609e-30 4.172408821196736554e-28 1.481132147205749742e-25 6.034298615089589172e-23 7.258444735443281056e-20 9.637782445373486338e-16 8.538973045646685361e-07
2.903284280936454742e+00 3.420956144801470965e-40 2.041399714139687686e-36 2.082585381133021215e-33 9.009828590908779329e-31 2.798025502217815301e-28 9.950816798954657028e-26 4.073422375782118125e-23 4.951198276199098773e-20 6.739292303381066006e-16 7.024704557851042765e-07
2.916658862876254421e+00 2.338497109381673246e-40 1.382288268189088523e-36 1.402598138130599941e-33 6.051490127882927590e-31 1.878130695702910716e-28 6.690585095095878630e-26 2.751354995414311179e-23 3.378338646352174950e-20 4.711409375109119467e-16 5.764573971733677877e-07
2.930033444816053656e+00 1.600663699939927524e-40 9.371592459204688807e-37 9.457371030725920991e-34 4.068842816482544684e-31 1.261856120231994856e-28 4.502065248439556185e-26 1.859481111967432723e-23 2.305832423101557029e-20 3.293030705711723580e-16 4.718912093281932028e-07
2.943408026755852891e+00 1.097068954036542557e-40 6.361651759300451120e-37 6.384292333157617795e-34 2.738682484877896838e-31 8.486023532008554432e-29 3.031821024101700406e-26 1.257471530271089925e-23 1.574306948614858422e-20 2.301218790829811829e-16 3.853636623537137594e-07
2.956782608695652126e+00 7.528959704073939868e-41 4.323800294556346793e-37 4.314780204544651419e-34 1.845329796510653341e-31 5.712278805992311203e-29 2.043342163612147835e-26 8.508812674522705445e-24 1.075210369972774847e-20 1.607851107515316753e-16 3.139586149244609587e-07
2.970157190635451805e+00 5.173683930577884245e-41 2.942375514639510654e-37 2.919486970770715594e-34 1.244707032143804141e-31 3.848802858038408369e-29 1.378243554189191238e-26 5.761123907689298689e-24 7.345898625704677224e-21 1.123227999418658892e-16 2.551909403712833591e-07
2.983531772575251040e+00 3.559797947646869453e-41 2.004771095952869765e-37 1.977673989165839731e-34 8.404664495370805522e-32 2.595692880867047261e-29 9.303784947432239811e-27 3.903155395962288322e-24 5.020521260378020531e-21 7.845712216033764289e-17 2.069510293864778246e-07
2.996906354515050275e+00 2.452494297962028049e-41 1.367612891333503910e-37 1.341224489357157381e-34 5.681106267325396747e-32 1.752235650485769171e-29 6.285554100223285800e-27 2.646047557085802761e-24 3.432494675903021020e-21 5.479578826479927787e-17 1.674547796723963052e-07
3.010280936454849510e+00 1.691782561122359542e-41 9.340943496020412497e-38 9.106366997234882133e-35 3.844181595387077826e-32 1.183977410663887798e-29 4.249902734570676711e-27 1.794962238695703112e-24 2.347646796390722470e-21 3.826662258538589301e-17 1.351988762205101174e-07
3.023655518394648745e+00 1.168507881962685137e-41 6.387706110538636640e-38 6.189905043775587844e-35 2.603948805762063845e-32 8.007668529953999938e-30 2.875856079073944326e-27 1.218404336202675744e-24 1.606282640723440194e-21 2.672137768104745542e-17 1.089210879264172433e-07
3.037030100334448424e+00 8.081016749197675107e-42 4.373440068620856001e-38 4.212270235637101137e-35 1.765702873878619245e-32 5.421014052064930972e-30 1.947642206871355150e-27 8.275771222157059534e-25 1.099466130803949350e-21 1.865824278548222565e-17 8.756525284276881584e-08
3.050404682274247659e+00 5.595569950172106417e-42 2.997940057969485448e-38 2.869723655156385252e-35 1.198556391881682437e-32 3.673387138520975133e-30 1.320097882146981047e-27 5.624822293510473666e-25 7.528642048328294391e-22 1.302755932605761143e-17 7.025059155878604400e-08
3.063779264214046893e+00 3.879388963744821465e-42 2.057508595441890964e-38 1.957283496193509058e-35 8.144304041410557808e-33 2.491520603748002005e-30 8.954864040375870040e-28 3.825557129357562204e-25 5.157395490926535644e-22 9.095841211837594209e-18 5.624497221104484588e-08
3.077153846153846128e+00 2.692896861013654829e-42 1.413763443605295442e-38 1.336458149544258230e-35 5.539914922337854340e-33 1.691506669316306488e-30 6.079511240727107771e-28 2.603564258679473787e-25 3.534493416508490434e-22 6.350633705028499670e-18 4.494174803288490151e-08
3.090528428093645807e+00 1.871587970073334001e-42 9.725806785468613022e-39 9.135727021848188357e-36 3.772287116291203432e-33 1.149460834158947630e-30 4.130817143346104287e-28 1.773093772448104756e-25 2.423319654848513075e-22 4.433966050682393486e-18 3.583979606918588585e-08
3.103903010033445042e+00 1.302361787453225776e-42 6.698626254560539967e-39 6.251944511493082312e-36 2.571329876125980309e-33 7.818538953695644806e-31 2.809064221297717170e-28 1.208333676784050324e-25 1.662205553941647423e-22 3.095817315238258160e-18 2.852640104675759404e-08
3.117277591973244277e+00 9.073621851756860998e-43 4.619069457220055088e-39 4.283211063774198196e-36 1.754531261025022366e-33 5.323137368663399335e-31 1.911817558795702283e-28 8.240161290389429960e-26 1.140651141232325658e-22 2.161585118006284562e-18 2.266264912394354171e-08
3.130652173913043512e+00 6.329277019477535253e-43 3.188814726279076060e-39 2.937678667665562603e-36 1.198432287015732408e-33 3.627605223563047193e-31 1.302239680229506674e-28 5.623154294987536685e-26 7.831023139297101228e-23 1.509348918024906483e-18 1.797102045499821568e-08
3.144026755852842747e+00 4.420269098824250133e-43 2.203979447547158768e-39 2.017054500759740587e-36 8.194335706803880167e-34 2.474470179408384937e-31 8.877601755767751993e-29 3.839913612132192901e-26 5.378796206086537222e-23 1.053982309105731054e-18 1.422489565933821959e-08
3.157401337792642426e+00 3.090731525548433074e-43 1.525059056537456125e-39 1.386460709328003238e-36 5.608679459448290443e-34 1.689483020000625848e-31 6.057049755450002350e-29 2.623987127433251314e-26 3.696203147254326875e-23 7.360533405279356501e-19 1.123971816765742622e-08
3.170775919732441661e+00 2.163658054770302771e-43 1.056486759614346340e-39 9.540521988389168263e-37 3.842844690828745786e-34 1.154607398304707723e-31 4.136069252143034639e-29 1.794329857786923442e-26 2.541170887095290997e-23 5.140712591878927173e-19 8.865581092866255683e-09
3.184150501672240896e+00 1.516448119844717625e-43 7.327184686147615097e-40 6.572178883667697936e-37 2.635658200162629555e-34 7.898110268676205023e-32 2.826675869682877329e-29 1.227848179219612253e-26 1.747922753069824093e-23 3.590716016532983902e-19 6.981033053140423015e-09
3.197525083612040131e+00 1.064081529317783176e-43 5.087486945358500350e-40 4.532285952646460616e-37 1.809539480006775973e-34 5.407789963524322293e-32 1.933419451355532361e-29 8.407952474262070256e-27 1.202884287145357961e-23 2.508349102746202825e-19 5.487921770150864957e-09
3.210899665551839366e+00 7.475280800808232633e-44 3.536388541385366732e-40 3.128916151799883819e-37 1.243622018880863881e-34 3.706154996456045773e-32 1.323543668625551275e-29 5.761563192081140841e-27 8.282120489296210496e-24 1.752465325391293936e-19 4.307116958455697651e-09
3.224274247491639045e+00 5.257535722260328647e-44 2.460959958990920418e-40 2.162406005599812664e-37 8.555565751436522904e-35 2.542341093180116303e-32 9.068026656106490996e-30 3.950901060163233764e-27 5.705294132213571532e-24 1.224533385681050262e-19 3.374974827350558064e-09
3.237648829431438280e+00 3.701995932633976182e-44 1.714487948067451587e-40 1.496046970780284813e-37 5.891795381665066578e-35 1.745620495259748987e-32 6.217986475953369422e-30 2.711183358035836672e-27 3.932203319442573515e-24 8.557691872618303539e-20 2.640425354803583315e-09
3.251023411371237515e+00 2.609669498482160136e-44 1.195768349228765951e-40 1.036133872009857820e-37 4.061474671835959807e-35 1.199695106877592220e-32 4.267262199768285970e-30 1.861785468924604030e-27 2.711551511833853130e-24 5.981531902992303638e-20 2.062580365149660959e-09
3.264397993311036750e+00 1.841737990084842730e-44 8.349102908236732618e-41 7.183682540451114739e-38 2.802564214327273307e-35 8.252702943059115105e-33 2.930970882045569035e-30 1.279409068211199959e-27 1.870794843880772303e-24 4.181602829533209135e-20 1.608775407355483446e-09
3.277772575250836429e+00 1.301247354232427140e-44 5.835930812729696855e-41 4.985824282213061125e-38 1.935805247416424082e-35 5.682311078497003204e-33 2.014820216736349614e-30 8.798309207408100064e-28 1.291407294697133161e-24 2.923831957048898814e-20 1.252971589232528713e-09
3.291147157190635664e+00 9.204039512789153476e-45 4.083715100975054999e-41 3.464043451430473573e-38 1.338445030832714209e-35 3.916123961794237219e-33 1.386192903351450768e-30 6.054801739585228998e-28 8.919311664980869726e-25 2.044776635426620218e-20 9.744550019277134211e-10
3.304521739130434899e+00 6.517493875714974650e-45 2.860705448646342488e-41 2.409262730388828567e-38 9.263406096269309860e-36 2.701404523446199780e-33 9.544947123145866516e-31 4.169772720057390169e-28 6.163574643785209511e-25 1.430301601914882006e-20 7.567813105781951023e-10
3.317896321070234134e+00 4.620226711265407822e-45 2.006137445784760734e-41 1.677402936963326292e-38 6.417570332500312378e-36 1.865192613992894776e-33 6.577876760868664907e-31 2.873673153863455596e-28 4.261566752741285932e-25 1.000695603040380696e-20 5.869216399058963574e-10
3.331270903010033368e+00 3.278864041345308456e-45 1.408365872581198432e-41 1.169071225380488775e-38 4.450397537664845128e-36 1.289014195053062018e-33 4.536909448157104776e-31 1.981872034507223862e-28 2.948107160103177931e-25 7.002823629599533508e-21 4.545731964245111812e-10
3.344645484949833047e+00 2.329474623255431014e-45 9.897716407528180911e-42 8.156292724006283897e-39 3.089254321506951736e-36 8.916423970899544253e-34 3.131817489376394625e-31 1.367816266961262692e-28 2.040593550796714950e-25 4.901684095906043078e-21 3.516042857534900043e-10
3.358020066889632282e+00 1.656776824532576947e-45 6.963325032207538717e-42 5.696273290447367582e-39 2.146513582863675949e-36 6.173361967888980551e-34 2.163687200354239050e-31 9.447011502147565907e-29 1.413223632591904340e-25 3.431803188791294006e-21 2.716086401957847036e-10
3.371394648829431517e+00 1.179610163318822663e-45 4.904084283284993619e-42 3.982290404076433468e-39 1.492922151314743104e-36 4.278088762765029626e-34 1.496076866088390566e-31 6.529444037083838748e-29 9.792829616872927404e-26 2.403301393855671155e-21 2.095483941211597613e-10
3.384769230769230752e+00 8.407725005784884501e-46 3.457452596270044935e-42 2.786872153217012921e-39 1.039351945114784412e-36 2.967384547918218509e-34 1.035319528308742843e-31 4.516203952417313417e-29 6.789693129455219261e-26 1.683475081088123025e-21 1.614687475275403742e-10
3.398143812709030431e+00 5.999030025369912184e-46 2.440108032739999101e-42 1.952275402997638727e-39 7.242832623040561155e-37 2.060121385098557075e-34 7.170601718724679448e-32 3.125985243247281727e-29 4.710189482700494377e-26 1.179563734023533489e-21 1.242704445725681891e-10
3.411518394648829666e+00 4.284924538218285510e-46 1.723907078982984222e-42 1.368998407745191077e-39 5.052112256895293467e-37 1.431547148314531145e-34 4.970465773735189029e-32 2.165293326181145985e-29 3.269448265189022169e-26 8.267152931627633746e-22 9.552875552958713979e-11
3.424892976588628901e+00 3.063811222918758847e-46 1.219180767826239039e-42 9.609494251093139229e-40 3.527399365347111073e-37 9.956604887448127957e-35 3.448247476190255439e-32 1.500940035880754572e-29 2.270700870521369022e-26 5.795806119928444653e-22 7.334976813840969482e-11
3.438267558528428136e+00 2.192979653557139316e-46 8.631162348465374291e-43 6.751989364115180484e-40 2.465197566695638888e-37 6.931201827847328149e-35 2.394192947557243528e-32 1.041182944124478579e-29 1.577960725250436841e-26 4.064418547649355382e-22 5.625653794936824217e-11
3.451642140468227371e+00 1.571296290247704186e-46 6.116667708907320626e-43 4.748916116031772560e-40 1.724497762743752064e-37 4.829435118196275121e-35 1.663714280902546050e-32 7.227832986179846550e-30 1.097197060376244251e-26 2.851103505022401069e-22 4.309907773441170792e-11
3.465016722408027050e+00 1.127014685813414343e-46 4.339127436710015006e-43 3.343387216328139451e-40 1.207495961573835771e-37 3.368010910586473152e-35 1.157062143161801029e-32 5.021191101984230448e-30 7.633550398817654681e-27 2.000602104181132008e-22 3.298333547702988760e-11
3.478391304347826285e+00 8.091819981342537801e-47 3.081267054331260301e-43 2.356167636368259476e-40 8.462900135613330570e-38 2.350925315688701739e-35 8.053643533222576782e-33 3.490785357317612383e-30 5.314021016689819832e-27 1.404250993787180284e-22 2.521526327064392594e-11
3.491765886287625520e+00 5.815742275229317424e-47 2.190247554636538148e-43 1.662076173332763343e-40 5.936924759552798828e-38 1.642446275983578042e-35 5.610289955294477499e-33 2.428608032823518247e-30 3.701484195316096039e-27 9.859798857460781821e-23 1.925685327391338856e-11
3.505140468227424755e+00 4.184114561217836799e-47 1.558445126759101826e-43 1.173596454804931255e-40 4.168799306110775062e-38 1.148495508841379915e-35 3.911422921348018812e-33 1.690867933665250288e-30 2.579797436614285277e-27 6.925220349862869508e-23 1.469164337260111738e-11
3.518515050167224434e+00 3.013274133778707087e-47 1.109996989586822312e-43 8.294833668559156749e-41 2.929988066225261823e-38 8.038073864493016063e-36 2.729230164682986102e-33 1.178094102231777915e-30 1.799092396952297753e-27 4.865687448900211529e-23 1.119770091815354640e-11
3.531889632107023669e+00 2.172238895188108885e-47 7.913736703044964906e-44 5.868343176110852149e-41 2.061220417523949078e-38 5.630643179609088192e-36 1.905902994006193602e-33 8.214257703488660543e-31 1.255395322143450383e-27 3.419815312707685066e-23 8.526499969707724345e-12
3.545264214046822904e+00 1.567500229147019649e-47 5.647658748485125357e-44 4.155661405615447090e-41 1.451393033107529529e-38 3.947717679310660476e-36 1.332036012706645977e-33 5.731584399652985292e-31 8.765318255161306260e-28 2.404427082097128470e-23 6.486434205119173485e-12
3.558638795986622139e+00 1.132233397020632737e-47 4.034408827506973720e-44 2.945639133847387995e-41 1.022930043439767187e-38 2.770224481323703960e-36 9.317190219814206111e-34 4.002202220862541809e-31 6.123728593445622843e-28 1.691117118969597734e-23 4.929969239359400850e-12
3.572013377926421374e+00 8.186341943452647336e-48 2.884785547615237739e-44 2.089929165687573772e-41 7.216147764030517212e-39 1.945643877556318811e-36 6.522394041404852034e-34 2.796670110943917786e-31 4.280811517600899067e-28 1.189847774419699488e-23 3.743646956180472165e-12
3.585387959866221053e+00 5.924703775616026659e-48 2.064747283175540856e-44 1.484205853876825934e-41 5.095206171212561405e-39 1.367697194951146435e-36 4.569633909316747522e-34 1.955695345631396007e-31 2.994325584763853664e-28 8.374660514929969992e-24 2.840320829030940618e-12
3.598762541806020288e+00 4.292037670124761354e-48 1.479236434918406193e-44 1.055030880639892871e-41 3.600918062687087605e-39 9.622622907552269546e-37 3.204109124595145982e-34 1.368606985951313330e-31 2.095730554624328786e-28 5.896624696838095960e-24 2.153133410462146944e-12
3.612137123745819522e+00 3.112274052901469886e-48 1.060774814597957106e-44 7.506587895301763635e-42 2.547171097392234451e-39 6.775986979127031280e-37 2.248453399578437461e-34 9.584593538134298257e-32 1.467695958407700361e-28 4.153388295208025018e-24 1.630851980251629145e-12
3.625511705685618757e+00 2.258951351676262892e-48 7.614148052065116020e-45 5.345942265357266344e-42 1.803410787037932712e-39 4.775577652077683566e-37 1.579102614573778629e-34 6.717161996361130517e-32 1.028493742816248351e-28 2.926621690952455252e-24 1.234261251620761403e-12
3.638886287625418436e+00 1.641148934656910553e-48 5.470531921185482513e-45 3.810729844771604625e-42 1.277971401360976426e-39 3.368621133537864190e-37 1.109905059693584003e-34 4.711019108311892797e-32 7.211618437290787720e-29 2.062993257708771218e-24 9.333774775742306602e-13
3.652260869565217671e+00 1.193434342304574626e-48 3.934101293621943785e-45 2.718893451405559895e-42 9.064331767347256759e-40 2.378208803786986117e-37 7.807454383548318725e-35 3.306439256391472110e-32 5.059760293623044251e-29 1.454783263360486844e-24 7.052998474459597479e-13
3.665635451505016906e+00 8.686720526170303933e-49 2.831828122689480649e-45 1.941664871571500114e-42 6.434827244649516914e-40 1.680420568078213025e-37 5.496425373357179691e-35 2.322322660451890725e-32 3.552170495109732460e-29 1.026289959845816809e-24 5.325555852454143102e-13
3.679010033444816141e+00 6.328741109536084905e-49 2.040286961023160030e-45 1.387881372088223925e-42 4.572173326295471508e-40 1.188378578914808658e-37 3.872554736352430544e-35 1.632302183669101456e-32 2.495311803846790719e-29 7.242944002446739054e-25 4.018269527137295995e-13
3.692384615384615376e+00 4.615092070709751332e-49 1.471350966281262184e-45 9.929430585191183013e-43 3.251557406074857676e-40 8.411221698501459421e-38 2.730613410700034096e-35 1.148138258458925763e-32 1.753975237524725771e-29 5.113701119673608647e-25 3.029732547268901158e-13
3.705759197324415055e+00 3.368545198635987311e-49 1.062036944804316307e-45 7.110304590504151195e-43 2.314415677868444319e-40 5.958396429509794539e-38 1.926936293980343198e-35 8.081706060830816490e-33 1.233644802917307125e-29 3.611873761989246553e-25 2.282804031097448621e-13
3.719133779264214290e+00 2.460938645874222053e-49 7.672889828219998972e-46 5.096146161614564514e-43 1.648810500980193869e-40 4.224393460671561086e-38 1.360874331449963771e-35 5.692810551144979919e-33 8.682108930820496581e-30 2.552163974585116044e-25 1.718857770925622723e-13
3.732508361204013525e+00 1.799504906890592495e-49 5.548453784925006683e-46 3.655807368460446757e-43 1.175649383314860567e-40 2.997523359847824888e-38 9.618586274887760151e-36 4.012959626743324646e-33 6.114051511853376269e-30 1.804118653584774390e-25 1.293379438584179951e-13
3.745882943143812760e+00 1.317032782271878866e-49 4.015839509234674557e-46 2.624885993473897325e-43 8.389978289442727980e-41 2.128740030150085608e-38 6.803713812853811950e-36 2.830849389841998977e-33 4.308261249629983217e-30 1.275862275125182996e-25 9.725999772223487523e-14
3.759257525083611995e+00 9.647813761556610460e-50 2.909174620672292197e-46 1.886345586895528697e-43 5.992637971813166124e-41 1.513014519731008408e-38 4.816387277352051522e-36 1.998398824872230367e-33 3.037696041236248476e-30 9.026643295233673607e-26 7.309241481067351675e-14
3.772632107023411674e+00 7.073714137492948252e-50 2.109356628825857688e-46 1.356793374494210799e-43 4.283982440210373299e-41 1.076273280187082409e-38 3.412214472124789882e-36 1.411758743128835553e-33 2.143167847435086258e-30 6.389017883723170857e-26 5.489685299197856262e-14
3.786006688963210909e+00 5.190986187589081869e-50 1.530786902430744176e-46 9.767553037629178656e-44 3.065123692641651861e-41 7.662307649128105898e-39 2.419300255495670128e-36 9.980474626408122402e-34 1.512996228161015560e-30 4.524064257079777806e-26 4.120660874312411981e-14
3.799381270903010144e+00 3.812707936103430307e-50 1.111889685851391291e-46 7.037775828270221785e-44 2.194912739214001072e-41 5.459498375485212299e-39 1.716645873344069796e-36 7.060797249181891669e-34 1.068782828133517978e-30 3.204879540881181093e-26 3.091275154028892284e-14
3.812755852842809379e+00 2.802825362526419740e-50 8.083299108735769661e-47 5.075287523306605520e-44 1.573090444538942332e-41 3.893145056986738161e-39 1.219012327571097933e-36 4.998820621742945861e-34 7.554595081995153757e-31 2.271351442654740024e-26 2.317750964321948875e-14
3.826130434782609058e+00 2.062219685259345074e-50 5.881570912516842508e-47 3.663189888538603945e-44 1.128380459357037485e-41 2.778444168643929398e-39 8.663050784430440748e-37 3.541539088343681928e-34 5.343220867424414046e-31 1.610452757135424605e-26 1.736844860353817161e-14
3.839505016722408293e+00 1.518615317796924249e-50 4.283251084450060670e-47 2.646243277062682278e-44 8.100673000922027206e-42 1.984515786769806450e-39 6.161237202881648525e-37 2.510883665303419802e-34 3.781510851804254082e-31 1.142362565595013799e-26 1.300849780932470219e-14
3.852879598662207528e+00 1.119263052398626648e-50 3.121957709878113404e-47 1.913240918063742106e-44 5.820343014223406293e-42 1.418592907173105350e-39 4.385289008500708163e-37 1.781437459320817431e-34 2.677921945071236218e-31 8.106875562801008791e-27 9.738043864348326011e-15
3.866254180602006763e+00 8.256304525440036472e-51 2.277464279180658819e-47 1.384449499135052056e-44 4.185393032366596975e-42 1.014868787616876800e-39 3.123637591538922020e-37 1.264804378383626711e-34 1.897583243625304928e-31 5.755695651701899450e-27 7.286202583788033031e-15
3.879628762541805997e+00 6.095453159856857153e-51 1.662819117160102555e-47 1.002651844170096282e-44 3.012189976357510809e-42 7.266234908139667833e-40 2.226660919810389215e-37 8.986369435102863148e-35 1.345470286378941877e-31 4.088255803005826212e-27 5.449065904053550679e-15
3.893003344481605676e+00 4.503920172700294548e-51 1.215080726621911828e-47 7.267529404938166090e-45 2.169627489339047137e-42 5.206608648633591182e-40 1.588464255730656377e-37 6.389290374534708686e-35 9.545918080686862652e-32 2.905195338663425597e-27 4.073244083326284814e-15
3.906377926421404911e+00 3.330714503230650989e-51 8.886479985599370744e-48 5.272117360773026089e-45 1.564022352179431523e-42 3.733747416878120058e-40 1.134043200224660587e-37 4.545982260053305527e-35 6.776907403013910387e-32 2.065431129056866167e-27 3.043424342312362794e-15
3.919752508361204146e+00 2.465152727421307027e-51 6.504542380872903098e-48 3.827745089069334552e-45 1.128376323568427330e-42 2.679649337872888846e-40 8.102320424430204226e-38 3.236748010207369434e-35 4.814105131238608776e-32 1.469079247948063325e-27 2.272973222437590202e-15
3.933127090301003381e+00 1.826028829246691306e-51 4.765011131626264244e-48 2.781369297689381483e-45 8.147351802868462794e-43 1.924653512484012412e-40 5.793163098765188066e-38 2.306191458330053271e-35 3.421918386272970846e-32 1.045393601880548152e-27 1.696843512428765403e-15
3.946501672240803060e+00 1.353712679907759737e-51 3.493567503889294309e-48 2.022693434013482458e-45 5.887470431879991417e-43 1.383462007701800782e-40 4.145218979193049965e-38 1.644320249161565304e-35 2.433849092435718587e-32 7.442442710164857320e-28 1.266224617142690828e-15
3.959876254180602295e+00 1.004380191705853732e-51 2.563482014831758128e-48 1.472160939059351583e-45 4.257837140571952397e-43 9.952232975068729956e-41 2.968270180235574664e-38 1.173224902347106452e-35 1.732157623118415698e-32 5.300942729605219765e-28 9.445107838606916757e-16
3.973250836120401530e+00 7.457963925714788724e-52 1.882544302719927317e-48 1.072339733767688238e-45 3.081737664826704267e-43 7.164913850087781896e-41 2.127073270900189213e-38 8.376820205462092960e-36 1.233532943373319499e-32 3.777404864700453655e-28 7.042646932021857723e-16
3.986625418060200765e+00 5.542307934484361192e-52 1.383604040489060476e-48 7.817348275600697531e-46 2.232270806501732813e-43 5.162226767236126660e-41 1.525398713882800500e-38 5.985209945737163686e-36 8.789890622569506942e-33 2.693007685943907972e-28 5.249322552306512146e-16
4.000000000000000000e+00 4.121990734738814540e-52 1.017719334106843589e-48 5.703409543692950486e-46 1.618232685600589609e-43 3.722180027490283616e-41 1.094724996067125926e-38 4.279382078844290808e-36 6.267370053654229988e-33 1.920817355738464945e-28 3.911239149376906562e-16
