1.000000000000000021e-03 2.580901704124877443e-10 1.654460646768981145e-26 1.667380433396957919e-38 1.890644328388830849e-51 1.664286238850991027e-65 1.155090844814680813e-81 1.198954588298025373e-101 3.741261547226589201e-126 1.360025979901575217e-162 5.843030778646918739e-228
1.437458193979933296e-02 3.157078017155591595e-10 3.730789129617200150e-25 1.581049734949100316e-36 7.245424545979231134e-49 2.621765659226966693e-62 8.494298540687165839e-78 5.472437445508466807e-97 1.463228454425552128e-120 1.152946466466474222e-155 9.812899877459046967e-219
2.774916387959866504e-02 3.694081016153536451e-10 6.780755160543217104e-24 1.131382228982070459e-34 1.968333867588837743e-46 2.750625072003846878e-59 3.889411132348611448e-74 1.437138610624338252e-92 3.002799814972899513e-115 4.499585621299248999e-149 6.072055980391472007e-210
4.112374581939799711e-02 4.169058953517172741e-10 1.007520516939962981e-22 6.219176883779661631e-33 3.871592067063110806e-44 1.969596502036232462e-56 1.140494584480695195e-70 2.242865935867259642e-88 3.356189676138625846e-110 8.449857490743180043e-143 1.464215067554943984e-201
5.449832775919732919e-02 4.570767570547611098e-10 1.239613969580243507e-21 2.668778842696206883e-31 5.620880668017508493e-42 9.843866448614460810e-54 2.197652567923956033e-67 2.142978187939930258e-84 2.114441355072267675e-105 7.954148687836110135e-137 1.449322725424088341e-193
6.787290969899666127e-02 4.898431282547664923e-10 1.277935442369084310e-20 9.074528958301420477e-30 6.131986707422538261e-40 3.506168787607604337e-51 2.850309386469879259e-64 1.288730157319071464e-80 7.752933600750173560e-101 3.898951573025826954e-131 6.180984457627285802e-186
8.124749163879599334e-02 5.158300848819943440e-10 1.116061682457693490e-19 2.479066964367569817e-28 5.110939841443918157e-38 9.073933452704809342e-49 2.544464482033642296e-61 5.005501537738500190e-77 1.704602706024621433e-96 1.031240995078729541e-125 1.188352573816028603e-178
9.462207357859532542e-02 5.359993452212640806e-10 8.341860189261437582e-19 5.512076390999136544e-27 3.305495117779661624e-36 1.737433827864110568e-46 1.596367202196796027e-58 1.286317077688589804e-73 2.310918791190006131e-92 1.521516291337695947e-120 1.074546471872317343e-171
1.079966555183946575e-01 5.513707339950405888e-10 5.387324749956718650e-18 1.009578321856195528e-25 1.683045455327843381e-34 2.503277597369577894e-44 7.177459047519093227e-56 2.236959772342922836e-70 1.982842314057638231e-88 1.291871986261152775e-115 4.754743132862812477e-165
1.213712374581939896e-01 5.628642191478120003e-10 3.033095140060695066e-17 1.540469650543597364e-24 6.838419868851836879e-33 2.757151391641726290e-42 2.355237982384059604e-53 2.688727792914113690e-67 1.103445719499186845e-84 6.499168487969956390e-111 1.068565818182059699e-158
1.347458193979933216e-01 5.712431749406730173e-10 1.501129221279495106e-16 1.978917995399653187e-23 2.245508527450459746e-31 2.356063367180048844e-40 5.737809952912812618e-51 2.278263805093541475e-64 4.074966997259558182e-81 1.990997487514650235e-106 1.262986435581997415e-152
1.481204013377926398e-01 5.771186833040083289e-10 6.581963860324277113e-16 2.161445219977604247e-22 6.030054125599032117e-30 1.583820536095238127e-38 1.054532475448954224e-48 1.386384419643640285e-61 1.020331460759826881e-77 3.810704597128201232e-102 8.112285820678409222e-147
1.614949832775919858e-01 5.809777418674817838e-10 2.575564882619644457e-15 2.025871741261954924e-21 1.339059614323943677e-28 8.485148627089290154e-37 1.484224062844153219e-46 6.165137857935765530e-59 1.767517312428647481e-74 4.667982260354741142e-98 2.920105190757398943e-141
1.748695652173913317e-01 5.832118081896596979e-10 9.056244036355952377e-15 1.643576231864088694e-20 2.484707773071777175e-27 3.667249917612968213e-35 1.622509562291321918e-44 2.036465462913300568e-56 2.158841597565731980e-71 3.743510515772257637e-94 6.063571181859923533e-136
1.882441471571906499e-01 5.841354748997544118e-10 2.879928090439920066e-14 1.163602788837906970e-19 3.890393358726532940e-26 1.293357201691233773e-33 1.395962605436266537e-42 5.074035464684913720e-54 1.892552399139287554e-68 2.007727196485303088e-90 7.463690590247209134e-131
2.016187290969899681e-01 5.839932876197069728e-10 8.333104877194730836e-14 7.243830548033173393e-19 5.187308558425271225e-25 3.762373876041530226e-32 9.571136844953309697e-41 9.674769146318284694e-52 1.210934669992419403e-65 7.346997908888636577e-87 5.587302110940092859e-126
2.149933110367893141e-01 5.829557030858457638e-10 2.206506094687147290e-13 3.993856636370576161e-18 5.941120882717023494e-24 9.119263125593921849e-31 5.291016711595807698e-39 1.430987615414082917e-49 5.744957342787049818e-63 1.869346911479662575e-83 2.605897707261804555e-121
2.283678929765886600e-01 5.811053953713723856e-10 5.375485016827751710e-13 1.963378767000930591e-17 5.892457055463142199e-23 1.859261166734165584e-29 2.384424446448115443e-37 1.662996023925144577e-47 2.051138607264615922e-60 3.366400717660108287e-80 7.746423216094382005e-117
2.417424749163879782e-01 5.784154189015113039e-10 1.211034388448428053e-12 8.660797157064278160e-17 5.099672769981500349e-22 3.217288234336087068e-28 8.851166681778495315e-36 1.536867382830714345e-45 5.588847031197499163e-58 4.363314852884127317e-77 1.499527906325430319e-112
2.551170568561872964e-01 5.747229672742721214e-10 2.535214251159343397e-12 3.448646615580115745e-16 3.879078647273665491e-21 4.765061940769845473e-27 2.732959951834517224e-34 1.142353895597494044e-43 1.177601330213070110e-55 4.135311360660375832e-74 1.928919757968452172e-108
2.684916387959866424e-01 5.697066605859649238e-10 4.954221057430223430e-12 1.246587866980976459e-15 2.610943248096897328e-20 6.088712386536629649e-26 7.084057213585791417e-33 6.902917830624009547e-42 1.942803667284554618e-53 2.908849197956900318e-71 1.680688082717764686e-104
2.818662207357859883e-01 5.628795852028143838e-10 9.076526831014719508e-12 4.112336410199293025e-15 1.565030742957638993e-19 6.762594050428009547e-25 1.554963503512030920e-31 3.425461237970292905e-40 2.539316903603557334e-51 1.540193844974177038e-68 1.010002610777452885e-100
2.952408026755852788e-01 5.536117006989098578e-10 1.565428130242134361e-11 1.244301182869494548e-14 8.404697030313638477e-19 6.575080143215128567e-24 2.914130002182342734e-30 1.409292809327381833e-38 2.658776152503660332e-49 6.220901059923495273e-66 4.258343776959350448e-97
3.086153846153846247e-01 5.411911568243805958e-10 2.551588587392611951e-11 3.469711802124795075e-14 4.066921020308053095e-18 5.633599051287090046e-23 4.699061887031963075e-29 4.850555876772567566e-37 2.253605801903043772e-47 1.940982990280478499e-63 1.280149807912982113e-93
3.219899665551839707e-01 5.249241341345656939e-10 3.945117699188797323e-11 8.956545481185488955e-14 1.782739536522080888e-17 4.280601124911931103e-22 6.567564345829204267e-28 1.408599647715463674e-35 1.561750378423014260e-45 4.734255373571552082e-61 2.786285039873326699e-90
3.353645484949833167e-01 5.042596721202398432e-10 5.806348893884034198e-11 2.149368481209005224e-13 7.115325100827474058e-17 2.901644423722525671e-21 8.011100056560418664e-27 3.479253934364877978e-34 8.932157246079802523e-44 9.129287748846671953e-59 4.454767204247547971e-87
3.487391304347826626e-01 4.789144986864664911e-10 8.161620721663088591e-11 4.814495427566138138e-13 2.598202597804206677e-16 1.764616620662579413e-20 8.584512618363191889e-26 7.365385697042459337e-33 4.253707961033170822e-42 1.406731048711586843e-56 5.304179907083402060e-84
3.621137123745819530e-01 4.489681498058450778e-10 1.099078442673383837e-10 1.010450232625734577e-12 8.719620439762155278e-16 9.679163524375135443e-20 8.131362668172635292e-25 1.346007107326865786e-31 1.700969209196183673e-40 1.749701079453488754e-54 4.764896681478712536e-81
3.754882943143812990e-01 4.149033171650248638e-10 1.422063060275521643e-10 1.994213121041675437e-12 2.701087102745674957e-15 4.812800037704197569e-19 6.848268213951381758e-24 2.137999635984563590e-30 5.757070597146553336e-39 1.773600191351401728e-52 3.269542662732294443e-78
3.888628762541806450e-01 3.775792669484020502e-10 1.772608463438448419e-10 3.713701792850509589e-12 7.754752442853606105e-15 2.179746477432110520e-18 5.156788451972682495e-23 2.970890359195233644e-29 1.661733765129066207e-37 1.478535688675900988e-50 1.733806425151733243e-75
4.022374581939799354e-01 3.381429152535570084e-10 2.133934170392317555e-10 6.546807032536826616e-12 2.071406210841773120e-14 9.032948664695558030e-18 3.490152852488328575e-22 3.633695080903257325e-28 4.119884762363719458e-36 1.022432884656039959e-48 7.184853746976655257e-73
4.156120401337792813e-01 2.978970121583018261e-10 2.486550324345048690e-10 1.095903825403605566e-11 5.166821544617610729e-14 3.439805865431167762e-17 2.133749075191111576e-21 3.934775464299470854e-27 8.833279712822538197e-35 5.913123980827416481e-47 2.351362998826426627e-70
4.289866220735786273e-01 2.581532991574688801e-10 2.810215550017199431e-10 1.747015538836395795e-11 1.207684714269599747e-13 1.208617860683433092e-16 1.183946520558759059e-20 3.793137870119709552e-26 1.648434863825362991e-33 2.882380951844792694e-45 6.138436802073057524e-68
4.423612040133779733e-01 2.200986649165186251e-10 3.085987331399249012e-10 2.659459397862199323e-11 2.653929517336650253e-13 3.933460251185824565e-16 5.989110101309686317e-20 3.272356140807622658e-25 2.693971221796178571e-32 1.193004990602065918e-43 1.290531705981611089e-65
4.557357859531773192e-01 1.846954489397010108e-10 3.298078303235789134e-10 3.876008007961222885e-11 5.500364747642434600e-13 1.190108803010244645e-15 2.773878243094575252e-19 2.539027730674305506e-24 3.878028565843799182e-31 4.222161951153248784e-42 2.204883355289716744e-63
4.691103678929766096e-01 1.526263583812277421e-10 3.435289419203894221e-10 5.421584918650557198e-11 1.078328099962614127e-12 3.359236291371111655e-15 1.181050285858329612e-18 1.780218286670627553e-23 4.944544000725013122e-30 1.286247755947947301e-40 3.087808009242286587e-61
4.824849498327759556e-01 1.242836558327886446e-10 3.491871162375173397e-10 7.294717411259935458e-11 2.005360504243132141e-12 8.875180226880390329e-15 4.640655437169916385e-18 1.133001633200886868e-22 5.613334492545309822e-29 3.394419344757674211e-39 3.573745252669325266e-59
4.958595317725753016e-01 9.979415836636844707e-11 3.467751724650584615e-10 9.461457469858664993e-11 3.547133642108903892e-12 2.201741865916765528e-14 1.688932697859709032e-17 6.573492876166258145e-22 5.702508460510410834e-28 7.806890691727280545e-38 3.445051866563447289e-57
5.092341137123745920e-01 7.906744345103638033e-11 3.368156336606198209e-10 1.185332545620411355e-10 5.982834693509296043e-12 5.144118802249200249e-14 5.713239558480401514e-17 3.490896835289098514e-21 5.208673701075970887e-27 1.573827552061237092e-36 2.786736197774238627e-55
5.226086956521739380e-01 6.185430133544210091e-11 3.202716769783633606e-10 1.437014631042903145e-10 9.645469725754094620e-12 1.135141921648838094e-13 1.802319753114118515e-16 1.703470997712616920e-20 4.297058456322398762e-26 2.796265481568501571e-35 1.905024682020200989e-53
5.359832775919732839e-01 4.780478108976143265e-11 2.984226580506533466e-10 1.688772655956078916e-10 1.489749636676128899e-11 2.372262660577668257e-13 5.319051493792297587e-16 7.666390227129498746e-20 3.215668935201952742e-25 4.401546238285041692e-34 1.108007611278369372e-51
5.493578595317726299e-01 3.651872904366167857e-11 2.727228584639832331e-10 1.926938859992652987e-10 2.209070174793491550e-11 4.707282223867714933e-13 1.472985035662669593e-15 3.193238595442493145e-19 2.191855700913557709e-24 6.168717918243547776e-33 5.518471532836522350e-50
5.627324414715719758e-01 2.758530181727780354e-11 2.446622079281756940e-10 2.137965511031859027e-10 3.151324720568777471e-11 8.890766347245009341e-13 3.838591395962264036e-15 1.235123604195033252e-18 1.366136676877256072e-23 7.733997571089525666e-32 2.368080466630418907e-48
5.761070234113713218e-01 2.061079503563051461e-11 2.156449698221371215e-10 2.309801334571511424e-10 4.333070683784611879e-11 1.602079100470294649e-12 9.439403509456693025e-15 4.450562284867041461e-18 7.815195920371326786e-23 8.713532897576910464e-31 8.806865141933965063e-47
5.894816053511705567e-01 1.523597796110223431e-11 1.868974784259068708e-10 2.433074131686742087e-10 5.753095398950341611e-11 2.760378961894308108e-12 2.196095238617743168e-14 1.498537978829131361e-17 4.118094712594636723e-22 8.860073365481886981e-30 2.854457530385554340e-45
6.028561872909699026e-01 1.114502525687783948e-11 1.594101267932794976e-10 2.501920176544407037e-10 7.388388811709708639e-11 4.557321026177867628e-12 4.845900859834012106e-14 4.728590588586718419e-17 2.005580190396067662e-21 8.164312880409997573e-29 8.106321077862027685e-44
6.162307692307692486e-01 8.068331929619429020e-12 1.339131611296182345e-10 2.514368612010320085e-10 9.192567936918614549e-11 7.223983855329738229e-12 1.016594892548457971e-13 1.402207840283281928e-16 9.056920294026589097e-21 6.844583345242840243e-28 2.027397212503851269e-42
6.296053511705685946e-01 5.781268517762577999e-12 1.108814292735745687e-10 2.472266122818278967e-10 1.109735327240031589e-10 1.101529090696014175e-11 2.032158427501615049e-13 3.917972916476660849e-16 3.804206623012334793e-20 5.240210634695170108e-27 4.487321247883943941e-41
6.429799331103679405e-01 4.100517903912564277e-12 9.056059056019891911e-11 2.380797951504037027e-10 1.301716875538975600e-10 1.618641283942668652e-11 3.879222430610236375e-13 1.034140029855350591e-15 1.490654258091632242e-19 3.676898312111774152e-26 8.830673806121489880e-40
6.563545150501672865e-01 2.879191892691262994e-12 7.300646430149885729e-11 2.247713562329449145e-10 1.485636680432038499e-10 2.296060812246119082e-11 7.086104114785290631e-13 2.584748092838974706e-15 5.464475172568802826e-19 2.372650017276505084e-25 1.552013100206017401e-38
6.697290969899666324e-01 2.001539316156646792e-12 5.812983573258822393e-11 2.082392200716227114e-10 1.651809858910871763e-10 3.149184250706668785e-11 1.241089621033586266e-12 6.131746206539136441e-15 1.879119097743820715e-18 1.412627789213992018e-24 2.446494048139803383e-37
6.831036789297659784e-01 1.377757685713285490e-12 4.574061476483880879e-11 1.894884546964841200e-10 1.791356204041446982e-10 4.182744386779998524e-11 2.088088940247651287e-12 1.383692771320283544e-14 6.077417849084799193e-18 7.784392565885130149e-24 3.473063148476249328e-36
6.964782608695653243e-01 9.392053070439337582e-13 3.558719964989154954e-11 1.695046093772367791e-10 1.897032050502652424e-10 5.387713786066588609e-11 3.380838824897850151e-12 2.976498816108387166e-14 1.853186533004100252e-17 3.982234166830875936e-23 4.457563354497606267e-35
7.098528428093645593e-01 6.341646217341102382e-13 2.738878943089779144e-11 1.491843528255121381e-10 1.963858708300835128e-10 6.739467633776049854e-11 5.276819822936184802e-12 6.115947837195508041e-14 5.340537073551883043e-17 1.896619929035371985e-22 5.191862091776028700e-34
7.232274247491639052e-01 4.242121254711302314e-13 2.085993708844648284e-11 1.292876015750222073e-10 1.989475401971561438e-10 8.197680459880965605e-11 7.952427154058599887e-12 1.202700891677514905e-13 1.457818967794392417e-16 8.432933054649780559e-22 5.507384640522614311e-33
7.366020066889632512e-01 2.811900626202502427e-13 1.572772450794501660e-11 1.104116593121891991e-10 1.974192043621565335e-10 9.708173995082515815e-11 1.158990658050368405e-11 2.267749394702515246e-13 3.777644379327389570e-16 3.509658450681202643e-21 5.338938585354911403e-32
7.499765886287625971e-01 1.847388767233956776e-13 1.174258011760812048e-11 9.298502593920685664e-11 1.920763506838134591e-10 1.120661619394639516e-10 1.635886628950744055e-11 4.107232822145531451e-13 9.312028267832410888e-16 1.370673770613669629e-20 4.745481015338864382e-31
7.633511705685619431e-01 1.203294177492764970e-13 8.684032558311627888e-12 7.727673361502698154e-11 1.833943959630914893e-10 1.262366061902197596e-10 2.239381028536096348e-11 7.157487239892468107e-13 2.187979014166176673e-15 5.035424727557201355e-20 3.879634550594378298e-30
7.767257525083612890e-01 7.772505256761372714e-14 6.362708343351374181e-12 6.341632159826908120e-11 1.719902062687003887e-10 1.389087534377035637e-10 2.977023603743394058e-11 1.202090493360780081e-12 4.909671911329989918e-15 1.744123972693584542e-19 2.926172156668798209e-29
7.901003344481606350e-01 4.980257603384758851e-14 4.619742531555018721e-12 5.141968482332129190e-11 1.585584001077456258e-10 1.494668817526618542e-10 3.848262863933650736e-11 1.948752541518276205e-12 1.054080346482360576e-14 5.708515722035765790e-19 2.042053185072187439e-28
8.034749163879598699e-01 3.166460584555870992e-14 3.324561736724850498e-12 4.121674324918856145e-11 1.438103287780223294e-10 1.574158946219919531e-10 4.842794176799273286e-11 3.053986946677153937e-12 2.169085688224935855e-14 1.769293710020435977e-18 1.322211565310393443e-27
8.168494983277592159e-01 1.998299539702827019e-14 2.371774791569123210e-12 3.267789043016740058e-11 1.284218210348806219e-10 1.624197414234477325e-10 5.939776251851189555e-11 4.633273582219308210e-12 4.285496984746637589e-14 5.203512939799084483e-18 7.964555667308124474e-27
8.302240802675585618e-01 1.252119336271781320e-14 1.677700926178728070e-12 2.563724740267410584e-11 1.129934765748636607e-10 1.643223534308628349e-10 7.108133453427975376e-11 6.814132651299650670e-12 8.142509949056017666e-14 1.455013554160660232e-17 4.474684911589430046e-26
8.435986622073579078e-01 7.792280711192941049e-15 1.176893551756062108e-12 1.991170319896566547e-11 9.802497252934218924e-11 1.631499292646510388e-10 8.308012549099558040e-11 9.727467460260178774e-12 1.490156514877162075e-13 3.875530947975656244e-17 2.350569391884195939e-25
8.569732441471572537e-01 4.817837199846952228e-15 8.188833477028729460e-13 1.531547490392133408e-11 8.390287285219297046e-11 1.590960025238312557e-10 9.493294004650434565e-11 1.349566194582287704e-11 2.630751377096807896e-13 9.850929643777589009e-17 1.157232556761776453e-24
8.703478260869565997e-01 2.960345106985207287e-15 5.652646972204603323e-13 1.167044141915723934e-11 7.090001263585947793e-11 1.524927872082259377e-10 1.061490100016780395e-10 1.821827281772976752e-11 4.486782602848995498e-13 2.393661207728970140e-16 5.351705116186517033e-24
8.837224080267559456e-01 1.808288655931223369e-15 3.871791955187751987e-13 8.812813487656612474e-12 5.918372861630191707e-11 1.437735629534573969e-10 1.162453244153521763e-10 2.395674542679473784e-11 7.402981411678287174e-13 5.569500601651332363e-16 2.329894762777570722e-23
8.970969899665552916e-01 1.098395722732787766e-15 2.632029128024173071e-13 6.596839480280997790e-12 4.882996655039976999e-11 1.334312582187143483e-10 1.247838910454871901e-10 3.072001927660299584e-11 1.183261860000634009e-12 1.242908160097910311e-15 9.568966366357023677e-23
9.104715719063546375e-01 6.636568511645830239e-16 1.776147116076881095e-13 4.896260982336552162e-12 3.984048690359322880e-11 1.219780073921972135e-10 1.314047205453379125e-10 3.845306485946631037e-11 1.834516692953856889e-12 2.664439908423160904e-15 3.714970444535148280e-22
9.238461538461538725e-01 3.989764233256496602e-16 1.190064319463356490e-13 3.604170199372989113e-12 3.216085641178293447e-11 1.099095042345312263e-10 1.358510410689728023e-10 4.703024464597337727e-11 2.762304984380252479e-12 5.494989951894194451e-15 1.366000722903446937e-21
9.372207357859532184e-01 2.387217369813947004e-16 7.918833676799697116e-14 2.631819720060763432e-12 2.569750674424509381e-11 9.767670794045145367e-11 1.379844217344366158e-10 5.625491634924184604e-11 4.044384475900651798e-12 1.091812940407361923e-14 4.766103252266289280e-21
9.505953177257525644e-01 1.421990575189742696e-16 5.234187539388630677e-14 1.906820902693233292e-12 2.033274472084798262e-11 8.566613129500791266e-11 1.377888832143301269e-10 6.586595975268223334e-11 5.764549797874403507e-12 2.092925108018152443e-14 1.580789940367317711e-20
9.639698996655519103e-01 8.434843655791354095e-17 3.437431923089272840e-14 1.371057123075848217e-12 1.593713195108787406e-11 7.418875507093382952e-11 1.353644631848985283e-10 7.555102569257895658e-11 8.007405502401143693e-12 3.875837835996241118e-14 4.992697035666509904e-20
9.773444816053512563e-01 4.983620733901998856e-17 2.243449306036162415e-14 9.785416713563174111e-13 1.237907337427665884e-11 6.347669892603299037e-11 1.309118760927432712e-10 8.496542198633483291e-11 1.085158950131983929e-11 6.942980790866607289e-14 1.504079902083076644e-19
9.907190635451506022e-01 2.933655216971009352e-17 1.455448736574385880e-14 6.933710672901172108e-13 9.531752201237000249e-12 5.368619154653384621e-11 1.247107179451795508e-10 9.375481008507675106e-11 1.436191083581704714e-11 1.204584996145183260e-13 4.328914139186182894e-19
1.004093645484949837e+00 1.720973705923200995e-17 9.388093707280238728e-15 4.878633268487701808e-13 7.277732086420469042e-12 4.490511320299471665e-11 1.170940543189613165e-10 1.015794033109668133e-10 1.858110163120922863e-11 2.026582801582435018e-13 1.192152225802171200e-18
1.017468227424749072e+00 1.006333272573214719e-17 6.022251623415582430e-15 3.409256367339598672e-13 5.511636386904638031e-12 3.716338001280347989e-11 1.084222069753738636e-10 1.081371993305415985e-10 2.352204507506974359e-11 3.310042127959402840e-13 3.146133511619203510e-18
1.030842809364548529e+00 5.866913160801405155e-18 3.842747948184749753e-15 2.366644532781162802e-13 4.141333607206212252e-12 3.044462634035013401e-11 9.905819518601485433e-11 1.131839550309845498e-10 2.916139501340417432e-11 5.254546277398701731e-13 7.967830098333477127e-18
1.044217391304347764e+00 3.410923614738273466e-18 2.439641690697249729e-15 1.632304858138831031e-13 3.088031207243818136e-12 2.469794122389359017e-11 8.934670224810761901e-11 1.165480756000147743e-10 3.543543189369016176e-11 8.116035842682338680e-13 1.939201975698117607e-17
1.057591973244147221e+00 1.977969712240725114e-18 1.541380132316674039e-15 1.118787529038005734e-13 2.285626780423099072e-12 1.984875698534709424e-11 7.959774674760456403e-11 1.181392540588462114e-10 4.223880916321135408e-11 1.221010035103728130e-12 4.541584925243763500e-17
1.070966555183946456e+00 1.144300231146730136e-18 9.693709318809215271e-16 7.621765328051502725e-14 1.679601313534960045e-12 1.580832019882861971e-11 7.007555223123650146e-11 1.179504528683496950e-10 4.942655876539377613e-11 1.791044076693797040e-12 1.024835825099760328e-16
1.084341137123745691e+00 6.605673414010651383e-19 6.069627588915944211e-16 5.161891626239876953e-14 1.225674213396015504e-12 1.248146251397085057e-11 6.099251293376749073e-11 1.160535538305971707e-10 5.681938383098880658e-11 2.564110079665751534e-12 2.231029228845011421e-16
1.097715719063545148e+00 3.805675688793151144e-19 3.784594524704937825e-16 3.476093247920288223e-14 8.883803806951257053e-13 9.772614084167957594e-12 5.250769963213652083e-11 1.125896211668147773e-10 6.421191802704731904e-11 3.586154136788581443e-12 4.691194097498095358e-16
1.111090301003344383e+00 2.188576065046095262e-19 2.350462752955293077e-16 2.328021841153013116e-14 6.396790765266042577e-13 7.590161665570491801e-12 4.472905905587367534e-11 1.077551595230333341e-10 7.138332032463474139e-11 4.904436833373130335e-12 9.538806908546009293e-16
1.124464882943143840e+00 1.256554258731796073e-19 1.454298066867295825e-16 1.550884619459172213e-14 4.576637304098593735e-13 5.849352155909546661e-12 3.771832635761160453e-11 1.017859730792556771e-10 7.810933914220820781e-11 6.564643852182073362e-12 1.877697347516851061e-15
1.137839464882943075e+00 7.203807883741541606e-20 8.966163245056122516e-17 1.027902949752972881e-14 3.254108640337488274e-13 4.473990921807268761e-12 3.149766813168942733e-11 9.494024748339533275e-11 8.417484599299795271e-11 8.607503604786575818e-12 3.582202687713478008e-15
1.151214046822742532e+00 4.124515218490820408e-20 5.509318333054102960e-17 6.779345927539174388e-15 2.299838628855605800e-13 3.397195130268680986e-12 2.605716865535972057e-11 8.748231439665251272e-11 8.938581595345519580e-11 1.106516752950654296e-11 6.630165813627683547e-15
1.164588628762541767e+00 2.358736541584806336e-20 3.374501509322603249e-17 4.450089412545955295e-15 1.615919879989891641e-13 2.561447529687836036e-12 2.136242744840336211e-11 7.966826857623450340e-11 9.357981585841440130e-11 1.395766982763337082e-11 1.191763618427877763e-14
1.177963210702341001e+00 1.347549724911568562e-20 2.060734722152448344e-17 2.907878797576989718e-15 1.128952928277640597e-13 1.918166126359073376e-12 1.736171833608106446e-11 7.173424669360455588e-11 9.663423418067719166e-11 1.728980754525395714e-11 2.082452119734238440e-14
1.191337792642140458e+00 7.691826461408831010e-21 1.254911354628821405e-17 1.891868126705836427e-15 7.844061286223686706e-14 1.426968130922549224e-12 1.399234219047494233e-11 6.388780043655859971e-11 9.847172339354584888e-11 2.104876324571930754e-11 3.540733465429940175e-14
1.204712374581939693e+00 4.387240097260113461e-21 7.621806660663497684e-18 1.225721101794115552e-15 5.421133534399845776e-14 1.054768247788842984e-12 1.118596878841359872e-11 5.630244948497405494e-11 9.906259594623632747e-11 2.520273239311066285e-11 5.863352135526229902e-14
1.218086956521739150e+00 2.500840874400138407e-21 4.617743234232256475e-18 7.909639762897111713e-16 3.727326001896053863e-14 7.748156283477085096e-13 8.872897030470257054e-12 4.911521478225407855e-11 9.842418794158338891e-11 2.970072421211845718e-11 9.465033006630171107e-14
1.231461538461538385e+00 1.424841542537698363e-21 2.791253708493155728e-18 5.084668240221216486e-16 2.549977157318819113e-14 5.657427200051276571e-13 6.985263038184218318e-12 4.242672653104083430e-11 9.661745232683654793e-11 3.447359167928470317e-11 1.490729364854427024e-13
1.244836120401337842e+00 8.114911298600835453e-22 1.683584462771353455e-18 3.256751320924527011e-16 1.736119595108502346e-14 4.106736991974585769e-13 5.459293247193387201e-12 3.630337842159643718e-11 9.374124377944315773e-11 3.943622950876157418e-11 2.292671657495470471e-13
1.258210702341137077e+00 4.620471918454070026e-22 1.013450784171168535e-18 2.078721380843666850e-16 1.176520506352089629e-14 2.964202213997698848e-13 4.236738573132038733e-12 3.078095301166915659e-11 8.992489590277769543e-11 4.449077419695949799e-11 3.445929914185549013e-13
1.271585284280936534e+00 2.630393864118988747e-22 6.089286634700753520e-19 1.322420971667730468e-16 7.937197344913152094e-15 2.127773869670514890e-13 3.265641692313167258e-12 2.586915912305563958e-11 8.531976148951648458e-11 4.953055997143347520e-11 5.065676527654503660e-13
1.284959866220735769e+00 1.497378617610224671e-22 3.652479665547397996e-19 8.386395339258150727e-17 5.331545742638587878e-15 1.519223757846781811e-13 2.500588514371180996e-12 2.155658334525822080e-11 8.009039003439707509e-11 5.444453650865731729e-11 7.289035562169545659e-13
1.298334448160535004e+00 8.524352872297294312e-23 2.187390399719186410e-19 5.302513701811845746e-17 3.566374603210848840e-15 1.079113218000930222e-13 1.902582693906545443e-12 1.781564657822771486e-11 7.440596169002678344e-11 5.912184056995260728e-11 1.027377762331333240e-12
1.311709030100334461e+00 4.853453008842503592e-23 1.308094922600105734e-19 3.343151934403063897e-17 2.376059155278839012e-15 7.626587592513847332e-14 1.438663329781629160e-12 1.460725717257338417e-11 6.843249667263783467e-11 6.345623108752212782e-11 1.419497916435338589e-12
1.325083612040133696e+00 2.764004315644953264e-23 7.812355118041605844e-20 2.102149090078035863e-17 1.576927044909271636e-15 5.363882157028497589e-14 1.081364570423965124e-12 1.188495197695142902e-11 6.232622969248195989e-11 6.735013868477165469e-11 1.923944192535722465e-12
1.338458193979933153e+00 1.574570835338234525e-23 4.660234124473288621e-20 1.318461588991168562e-17 1.042693158987034175e-15 3.754745379022813313e-14 8.080943576326909926e-13 9.598406523313391359e-12 5.622839681100412704e-11 7.071813707236109406e-11 2.559787334587231318e-12
1.351832775919732388e+00 8.973393985547973799e-24 2.776948760236586531e-20 8.249540152512935924e-18 6.870010245305700107e-16 2.616372400129241364e-14 6.004897350007904538e-13 7.696270325332119142e-12 5.026154234726422580e-11 7.348970599549482017e-11 3.345507240030270339e-12
1.365207357859531845e+00 5.116301834597410786e-24 1.653148222488063171e-20 5.150035904931659535e-18 4.511057480586809805e-16 1.815101479400643108e-14 4.437889901004323813e-13 6.128340588047838784e-12 4.452732838329251808e-11 7.561121556556595914e-11 4.297861874370740017e-12
1.378581939799331080e+00 2.918722214981157217e-24 9.833023992690267849e-21 3.208242953860785790e-18 2.952448939341433551e-16 1.253857066938200126e-14 3.262467870400346302e-13 4.847127662332901873e-12 3.910572768865600661e-11 7.704711437440154831e-11 5.430679258092141134e-12
1.391956521739130537e+00 1.666085814810270655e-24 5.844395059559200414e-21 1.994606374349292916e-18 1.926332078288382221e-16 8.625880398157484783e-15 2.386073747400643787e-13 3.808890073828339842e-12 3.405540719804212951e-11 7.778034589410002879e-11 6.753662469780053659e-12
1.405331103678929772e+00 9.516984320317343327e-25 3.471468585485581204e-21 1.237755565102240756e-18 1.253097912456386070e-16 5.910560259741526860e-15 1.736426739123276559e-13 2.974228572273762875e-12 2.941506455619132680e-11 7.781204882553149258e-11 8.271306278455399681e-12
1.418705685618729007e+00 5.440348761846959425e-25 2.060869463140772059e-21 7.667492892596010727e-19 8.128360802450808422e-17 4.034449174150341647e-15 1.257561666146581095e-13 2.308330385660702457e-12 2.520546268473375885e-11 7.716061851608885677e-11 9.982022427897564508e-12
1.432080267558528464e+00 3.112477581182003448e-25 1.222903050510232434e-21 4.742027816099225910e-19 5.258268156453296860e-17 2.743656967059848993e-15 9.064960133409434409e-14 1.780949654291374041e-12 2.143191264980312902e-11 7.586022046681254925e-11 1.187755838949472667e-11
1.445454849498327698e+00 1.782227999634520659e-25 7.253991157232785109e-22 2.928308350299028163e-19 3.392818152804819911e-17 1.859190640056169683e-15 6.504715530853343238e-14 1.366200456133757734e-12 1.808697789635089852e-11 7.395885555946726550e-11 1.394277267186929375e-11
1.458829431438127155e+00 1.021461629323319212e-25 4.301729382210345959e-22 1.805758525040240573e-19 2.183792940220296934e-17 1.255521518368930938e-15 4.647047582150670785e-14 1.042227037404115509e-12 1.515320734929656276e-11 7.151608177099265866e-11 1.615580090913461851e-11
1.472204013377926390e+00 5.860108747983592987e-26 2.550506081534399253e-22 1.112088350581140959e-19 1.402325707098664324e-17 8.450590652678146686e-16 3.305762206418573596e-14 7.908034395012857299e-13 1.260574544415526324e-11 6.860049986699928888e-11 1.848861425240024746e-11
1.485578595317725847e+00 3.365395089841082013e-26 1.512034040436164165e-22 6.840702569929203433e-20 8.985144243872603444e-18 5.669805179091926046e-16 2.341907963419413005e-14 5.969027886868528235e-13 1.041470910379687578e-11 6.528711115850965563e-11 2.090793879183203532e-11
1.498953177257525082e+00 1.934791034694385566e-26 8.963591049673883576e-23 4.203271727621040740e-20 5.745008919559699509e-18 3.792467000459361122e-16 1.652451161176679174e-14 4.482657928229881313e-13 8.547261342924012338e-12 6.165465355617169275e-11 2.337647545383946904e-11
1.512327759197324317e+00 1.113575166901407940e-26 5.313978090936434779e-23 2.580130308221189072e-20 3.666023616379991901e-18 2.529306418385305489e-16 1.161458772399541924e-14 3.349888393257283243e-13 6.969346019817688534e-12 5.778301726972973902e-11 2.585433706158313390e-11
1.525702341137123774e+00 6.416693759420987838e-27 3.150688404630975388e-23 1.582354797657989593e-20 2.334999243162638890e-18 1.682129048688030346e-16 8.132985770048385198e-15 2.491446299057557581e-13 5.647076811231785894e-12 5.375083302985476221e-11 2.830060506638680385e-11
1.539076923076923009e+00 3.701922170228658313e-27 1.868394524399568556e-23 9.696464055716894115e-21 1.484608187981753204e-18 1.115697783918491588e-16 5.674412857902843378e-15 1.844424687057445812e-13 4.547795232234624367e-12 4.963331342129618555e-11 3.067490375263057433e-11
1.552451505016722466e+00 2.138377759213719674e-27 1.108249179267796832e-23 5.937561118970438199e-21 9.423580223463507705e-19 7.380967296150816569e-17 3.945201617349799697e-15 1.359309829683333192e-13 3.640827646681592310e-12 4.550041204885365849e-11 3.293889423375424188e-11
1.565826086956521701e+00 1.236798213213733265e-27 6.575655587016083717e-24 3.633494691144364096e-21 5.972319328424655457e-19 4.870890670857309656e-17 2.733672523953056588e-15 9.974298605818917452e-14 2.897980399955694911e-12 4.141534654915150783e-11 3.505760303615166906e-11
1.579200668896321158e+00 7.162849148039886343e-28 3.903008458534327598e-24 2.222275887042472636e-21 3.779513092248058725e-19 3.206857719201775711e-17 1.888006452976721990e-15 7.288016009911365536e-14 2.293816427732686443e-12 3.743351106518149408e-11 3.700051852502160636e-11
1.592575250836120393e+00 4.153935491000791161e-28 2.317627469359461590e-24 1.358508769303854944e-21 2.388558562302977129e-19 2.106560364900026699e-17 1.299839972460292135e-15 5.303401509771467191e-14 1.805757044474908375e-12 3.360178312177566938e-11 3.874241047586598356e-11
1.605949832775919628e+00 2.412316871835890605e-28 1.376877606414813867e-24 8.301388778392737794e-22 1.507590344067006931e-19 1.380818541146506091e-17 8.921841450597046194e-16 3.843897055142407281e-14 1.414050171255904805e-12 2.995821033481668792e-11 4.026385128508263965e-11
1.619324414715719085e+00 1.402886564866300928e-28 8.184223412331647766e-25 5.071010672990517124e-22 9.504235581246994299e-20 9.032589141158420602e-18 6.105836022633902393e-16 2.775323104744666763e-14 1.101641999896719435e-12 2.653204536971615763e-11 4.155143941429051298e-11
1.632698996655518320e+00 8.170273038403037766e-29 4.867567052068730409e-25 3.096879048301660415e-22 5.985152261310244063e-20 5.897177455990009300e-18 4.166857747474765464e-16 1.996324795474800380e-14 8.539838308160699087e-13 2.334408405457269718e-11 4.259774488426384588e-11
1.646073578595317777e+00 4.765274554446682645e-29 2.896807903183049712e-25 1.890903157497793087e-22 3.765251349981722925e-20 3.843037978087932566e-18 2.835900909463277210e-16 1.430786438649697060e-14 6.588002123145091919e-13 2.040725217883347964e-11 4.340101174556160497e-11
1.659448160535117012e+00 2.783476131553563529e-29 1.725125909331516642e-25 1.154404349435266100e-22 2.366513257575494098e-20 2.500027845167300339e-18 1.925028967411748930e-16 1.021864706982273845e-14 5.058390232040195733e-13 1.772738147600744902e-11 4.396466281931776216e-11
1.672822742474916469e+00 1.628341652054191951e-29 1.028097818878014538e-25 7.047214716954211218e-23 1.486121861941134155e-20 1.623658804794239947e-18 1.303441034815516590e-16 7.273356868432844283e-15 3.866190965489843676e-13 1.530411441161413442e-11 4.429665754225035425e-11
1.686197324414715704e+00 9.540511367929137089e-30 6.131672790731694710e-26 4.302037423161170408e-23 9.325317540064313980e-21 1.052842602622701910e-18 8.804334670908643985e-17 5.159958690301336753e-15 2.941865663275843297e-13 1.313188016517555131e-11 4.440875484091200748e-11
1.699571906354515161e+00 5.598541702376314766e-30 3.659922976529297959e-26 2.626354008255137955e-23 5.847479374071028065e-21 6.816929740314173237e-19 5.933281159948359275e-17 3.648995386716790074e-15 2.228874142970337685e-13 1.120088987326190761e-11 4.431573030698249893e-11
1.712946488294314396e+00 3.290514567727822065e-30 2.186402580158602976e-26 1.603537307682429585e-23 3.664381848118960602e-21 4.407656793309573397e-19 3.989585901342365513e-17 2.572534091525124971e-15 1.681607085971527471e-13 9.498106937117575233e-12 4.403459144590055237e-11
1.726321070234113630e+00 1.937074443984152301e-30 1.307282801829068703e-26 9.792081101655240860e-24 2.295037435649153017e-21 2.846139453499248672e-19 2.676921085146025879e-17 1.808230292639254999e-15 1.263547145770381295e-13 8.008157123047902257e-12 4.358382738826658418e-11
1.739695652173913087e+00 1.142167612553580145e-30 7.823579374261421653e-27 5.980859250047239216e-24 1.436696151371524782e-21 1.835561294939009890e-19 1.792493568673586212e-17 1.267343242898952803e-15 9.456634685808530147e-14 6.714152491058169350e-12 4.298272110962831152e-11
1.753070234113712322e+00 6.745611973035606824e-31 4.686542590666580291e-27 3.653982544172641406e-24 8.989888315114907331e-22 1.182441826238844151e-19 1.197932797753645780e-17 8.857780696049298019e-16 7.050322949419504880e-14 5.598412195543446340e-12 4.225074370455223571e-11
1.766444816053511779e+00 3.990500142018742178e-31 2.810118947149169336e-27 2.233081058572982698e-24 5.623219631432523285e-22 7.608897657255261956e-20 7.990937505577677016e-18 6.174291436264476316e-16 5.236684448888704381e-14 4.643071387513868926e-12 4.140704224629655015e-11
1.779819397993311014e+00 2.364578772980754276e-31 1.686689655000357510e-27 1.365204350713149695e-24 3.516279848698998875e-22 4.891327075017504231e-20 5.320962073119453077e-18 4.292609437344323974e-16 3.875478847235776311e-14 3.830576456532962206e-12 4.047002569197777191e-11
1.793193979933110471e+00 1.403480259034448175e-31 1.013436781531781483e-27 8.349591738794812948e-25 2.198238526584865667e-22 3.141417560828587494e-20 3.537085645154867390e-18 2.976921294247929721e-16 2.857994277174505401e-14 3.144070489569135989e-12 3.945704744347247093e-11
1.806568561872909706e+00 8.344302931696378394e-32 6.095666610416785151e-28 5.108880113277220148e-25 1.373990386530950959e-22 2.015805902835084022e-20 2.347463915961382700e-18 2.059509978516528594e-16 2.100432473110134570e-14 2.567677041443014608e-12 3.838417866557793155e-11
1.819943143812709163e+00 4.969467030338610601e-32 3.670458288773638671e-28 3.127496557578903551e-25 8.586847022498024764e-23 1.292483550778600435e-20 1.555551152792164617e-18 1.421507142563739784e-16 1.538547152040458076e-14 2.086693167662300993e-12 3.726606328454306066e-11
1.833317725752508398e+00 2.964626200324303119e-32 2.212609875286420821e-28 1.915559683451529677e-25 5.365963955761323817e-23 8.281002377502501962e-21 1.029283280553765646e-18 9.789488662966257657e-17 1.123336718805354199e-14 1.687704305704352843e-12 3.611584363563637400e-11
1.846692307692307633e+00 1.771635849092452113e-32 1.335319686945854968e-28 1.173920358441909052e-25 3.353110129643327769e-23 5.302123203270215760e-21 6.801162779763623877e-19 6.727182418388862038e-17 8.176125385220365767e-15 1.358634195402448406e-12 3.494514482930092300e-11
1.860066889632107090e+00 1.060539924064100685e-32 8.068101962558966743e-29 7.198489933786546224e-26 2.095343377067167183e-23 3.392753850247287825e-21 4.488080071108069488e-19 4.613221061985014941e-17 5.932859198638831628e-15 1.088742815791172399e-12 3.376410586085070812e-11
1.873441471571906325e+00 6.359616790962291782e-33 4.880593018609493280e-29 4.416915348500799462e-26 1.309454584478571267e-23 2.169783051162786669e-21 2.957998322541369470e-19 3.157243246055069350e-17 4.292388582321475431e-15 8.685844981411131110e-13 3.258144609010075161e-11
1.886816053511705782e+00 3.820227501573396165e-33 2.955954807243209258e-29 2.711977788406974481e-26 8.184145360485468844e-24 1.386968795324816099e-21 1.947265031324535569e-19 2.156644755585742898e-17 3.096643667417276787e-15 6.899371513412140482e-13 3.140455676699456601e-11
1.900190635451505017e+00 2.298817739710553264e-33 1.792484427186062324e-29 1.666312435116717056e-26 5.115911093539805111e-24 8.861917455175346217e-22 1.280475108121247810e-19 1.470446728993811560e-17 2.227812012519377814e-15 5.457120790778479392e-13 3.023960860232159611e-11
1.913565217391304474e+00 1.385732066861758476e-33 1.088311902099537646e-29 1.024573925787071923e-26 3.198584467302880413e-24 5.660082991802298760e-22 8.411326421377569903e-20 1.000812344200202797e-17 1.598446256609369977e-15 4.298523202206934610e-13 2.909166783376016796e-11
1.926939799331103709e+00 8.367881112900114200e-34 6.616057994328323276e-30 6.304628015378386302e-27 2.000302142278745627e-24 3.613888111269192937e-22 5.519918616169645344e-20 6.800181558346526847e-18 1.143894644781294909e-15 3.372259138140301022e-13 2.796481470347787135e-11
1.940314381270902944e+00 5.061917482313471219e-34 4.027173149343736562e-30 3.882550828921638831e-27 1.251276922593180537e-24 2.306775898801304292e-22 3.619116131258144847e-20 4.613005229217885630e-18 8.165410850411838182e-16 2.635190564725433234e-13 2.686225966191239167e-11
1.953688963210702401e+00 3.067464189121793658e-34 2.454500444222834769e-30 2.392919225536307734e-27 7.829748719391283583e-25 1.472096231657958198e-22 2.370828271113513569e-20 3.124448225754518823e-18 5.814453129256972183e-16 2.051328336233093126e-13 2.578645388826472451e-11
1.967063545150501636e+00 1.862130544754563628e-34 1.497938888149543941e-30 1.476057667391776530e-27 4.901112390568333618e-25 9.392640475226543220e-23 1.551853650264188001e-20 2.113091547839564657e-18 4.130594729383973164e-16 1.590860946735545487e-13 2.473919183964636161e-11
1.980438127090301093e+00 1.132421195470382509e-34 9.153753850713397770e-31 9.112839365356054347e-28 3.069087393505019105e-25 5.992110914832639259e-23 1.015030649422095516e-20 1.427078395243037748e-18 2.927672740523908660e-16 1.229261153499430255e-13 2.372170449354043831e-11
1.993812709030100327e+00 6.898805903067546261e-35 5.601239550708924596e-31 5.631050825562131250e-28 1.922677072199296770e-25 3.822363025428575010e-23 6.634515724527230785e-21 9.624765045574385712e-19 2.070481494602921290e-16 9.464794418327290844e-14 2.273474273092280592e-11
2.007187290969899784e+00 4.210256365396270405e-35 3.432054160245195690e-31 3.482734025526386839e-28 1.205036304270285137e-25 2.438162397918466829e-23 4.333753892046815325e-21 6.482951804419949300e-19 1.461137296658197759e-16 7.262275119436247887e-14 2.177865092715722285e-11
2.020561872909699019e+00 2.574021842691650265e-35 2.105785563015916055e-31 2.156034220810931771e-28 7.556214325423364528e-26 1.555213405201524478e-23 2.829220588041334363e-21 4.361367584017734742e-19 1.028994005820726203e-16 5.553506642841636728e-14 2.085343128666562989e-11
2.033936454849498254e+00 1.576468063811789162e-35 1.293804980010852219e-31 1.335993662006034586e-28 4.740584620179859879e-26 9.920452345468214360e-24 1.846030512718365030e-21 2.930664201213453099e-19 7.232150319680587684e-17 4.232849248927692338e-14 1.995879978969110977e-11
2.047311036789297489e+00 9.672247135625063424e-36 7.960172668584648349e-32 8.286575155757268227e-29 2.975744803054589124e-26 6.328546287229800372e-24 1.203931443435273946e-21 1.967109213165362828e-19 5.073233050049355325e-17 3.215927646607190623e-14 1.909423483013924394e-11
2.060685618729097168e+00 5.944819317268914803e-36 4.904324418016322166e-32 5.144886561575239524e-29 1.868993419509973886e-26 4.037604389712420676e-24 7.848310040347501200e-22 1.318969840062715890e-19 3.552174577889795163e-17 2.435701139828252822e-14 1.825901972712993083e-11
2.074060200668896403e+00 3.660316441378469718e-36 3.025817142335416404e-32 3.197527835849910227e-29 1.174572592247308192e-26 2.576360623544696939e-24 5.114252254394428382e-22 8.835060768649839763e-20 2.482702231523327716e-17 1.839168640048643405e-14 1.745228030365270660e-11
2.087434782608695638e+00 2.257702761162800308e-36 1.869461101349192581e-32 1.989289742578145889e-29 7.386236260356249469e-27 1.644250053574777754e-24 3.331495535660489737e-22 5.912568505666470507e-20 1.732223470269198971e-17 1.384630095000176943e-14 1.667301865742200891e-11
2.100809364548494873e+00 1.395026157675165103e-36 1.156654548163207179e-32 1.238893445872866845e-29 4.647812182805431796e-27 1.049595884976798110e-24 2.169533397038265941e-22 3.953282742411120543e-20 1.206589812776715324e-17 1.039428849799080264e-14 1.592014411564024136e-11
2.114183946488294552e+00 8.635043587263224457e-37 7.166504094017161119e-33 7.723759654436798033e-30 2.926620172725541205e-27 6.701679200167056753e-25 1.412478388022499890e-22 2.641052866940102690e-20 8.391097052514704556e-18 7.781046018132992265e-15 1.519250218141124649e-11
2.127558528428093787e+00 5.354418408795329242e-37 4.446621906499195276e-33 4.820463290815617104e-30 1.844108767676871119e-27 4.280220491494779860e-25 9.193977857823019129e-23 1.763013898977297726e-20 5.826496679898294174e-18 5.808930341448771692e-15 1.448890206036066917e-11
2.140933110367893022e+00 3.326017371553366593e-37 2.762960683715417041e-33 3.011757993912818102e-30 1.162836473205624402e-27 2.734531288155259072e-25 5.983406818297248228e-23 1.176021125165545398e-20 4.039723747689723508e-18 4.325152309159811132e-15 1.380814311778318717e-11
2.154307692307692257e+00 2.069664122054166432e-37 1.719266172911528396e-33 1.883772043162897273e-30 7.337901462178640676e-28 1.747618755061186809e-25 3.893442719968048077e-23 7.839277095705175075e-21 2.796896543879096994e-18 3.212070936152169590e-15 1.314904037601979141e-11
2.167682274247491492e+00 1.290140360797677281e-37 1.071365076724949073e-33 1.179557263005250595e-30 4.633989278372310922e-28 1.117300239377479690e-25 2.533234880687483116e-23 5.222261596681567770e-21 1.933776655646730516e-18 2.379458475628318731e-15 1.251044893526903902e-11
2.181056856187291171e+00 8.056274289685071614e-38 6.685896355935885370e-34 7.394303144294159687e-31 2.928711087302855256e-28 7.146022813289562097e-26 1.648121693143960449e-23 3.476823256957493013e-21 1.335258812780075776e-18 1.758371290603514661e-15 1.189128700411792339e-11
2.194431438127090406e+00 5.039530265895619958e-38 4.178411552674301024e-34 4.640533051847610617e-31 1.852441419707063401e-28 4.572373633853452646e-26 1.072236259995811203e-23 2.313487353388506954e-21 9.208254875156398633e-19 1.296319489413891556e-15 1.129055707212404956e-11
2.207806020066889641e+00 3.157930952615888443e-38 2.615132182350826289e-34 2.915650562361413106e-31 1.172645191917693302e-28 2.926933927262784715e-26 6.975797737592407448e-24 1.538617946329052528e-21 6.342564965611020737e-19 9.534797882983001220e-16 1.070736465611500052e-11
2.221180602006688876e+00 1.982303190847286742e-38 1.639110330623100541e-34 1.834021352379902906e-31 7.429342530948918872e-29 1.874514089749834818e-26 4.538514889153470919e-24 1.022802363991573123e-21 4.363657749800553733e-19 6.997409405066281032e-16 1.014093401090460042e-11
2.234555183946488555e+00 1.246494665425814523e-38 1.028859125194016555e-34 1.154991242389148899e-31 4.710888736144944873e-29 1.201100610081350745e-26 2.953003860974869872e-24 6.796221740578906616e-22 2.998862360723853196e-19 5.124095714700041914e-16 9.590620215798358362e-12
2.247929765886287790e+00 7.851661733932781028e-39 6.467519184008067350e-35 7.282193579597094419e-32 2.989722040192956349e-29 7.700073751584770816e-27 1.921578209571860289e-24 4.514143727484015589e-22 2.058751394958561155e-19 3.744368482086939530e-16 9.055917127853543705e-12
2.261304347826087024e+00 4.954289442794037737e-39 4.071499246466268104e-35 4.596831386897101012e-32 1.899069122121269605e-29 4.939065311881047826e-27 1.250572648724109308e-24 2.997311740153434373e-22 1.411931815738391205e-19 2.730536703960530403e-16 8.536460824215057530e-12
2.274678929765886259e+00 3.131464873486899972e-39 2.566884869042749313e-35 2.905167193997227454e-32 1.207365962114746702e-29 3.169846676345694643e-27 8.140089758755986698e-25 1.989543036943530399e-22 9.674007524988672797e-20 1.987246309598185830e-16 8.032028327989861186e-12
2.288053511705685494e+00 1.982703345638615538e-39 1.620668693511027489e-35 1.838243547241969354e-32 7.683006546597750331e-30 2.035561462872546829e-27 5.299453221734561997e-25 1.320247645126848220e-22 6.622194715727192500e-20 1.443494872835188057e-16 7.542531611212660887e-12
2.301428093645485173e+00 1.257504454413676241e-39 1.024750630798287955e-35 1.164547692010090831e-32 4.893541209207602089e-30 1.307950186211706492e-27 3.450852022092647309e-25 8.758977531829079531e-23 4.529182054658193318e-20 1.046559110588259003e-16 7.068007078993602368e-12
2.314802675585284408e+00 7.989147102550204835e-40 6.489009044664333078e-36 7.386463627898409005e-33 3.119754774294201339e-30 8.409446818811934883e-28 2.247638362352716211e-25 5.809814227877734375e-23 3.095130228732498487e-20 7.573939746845927923e-17 6.608600945069653447e-12
2.328177257525083643e+00 5.084260793595972048e-40 4.115046982393801302e-36 4.690762601918922768e-33 1.990801519056061992e-30 5.410293209812469390e-28 1.464341640951324506e-25 3.852976460760586631e-23 2.113479052081181562e-20 5.471590553458469728e-17 6.164551095787881463e-12
2.341551839464882878e+00 3.241075071721746548e-40 2.613408618517605063e-36 2.982499029786320634e-33 1.271600401931261369e-30 3.483043763963308002e-28 9.543000708352564810e-26 2.554875750514477003e-23 1.442098570114330418e-20 3.946050184803553876e-17 5.736166194204705996e-12
2.354926421404682113e+00 2.069576671524667451e-40 1.662170944001046384e-36 1.898669235473376216e-33 8.130049496190393016e-31 2.243825750614862217e-28 6.221060230684693727e-26 1.693932776362317146e-23 9.833035077032826629e-21 2.841135912025664003e-17 5.323802888653699703e-12
2.368301003344481792e+00 1.323738912691951561e-40 1.058716114155034031e-36 1.210186945767248811e-33 5.203073788649635908e-31 1.446499935134876952e-28 4.056866908786923549e-26 1.123023294962752499e-23 6.700282410515631657e-21 2.042323146420956572e-17 4.927842054568668879e-12
2.381675585284281027e+00 8.481032056225957734e-41 6.753335693918672563e-37 7.723098878882240378e-34 3.333152945070627056e-31 9.331544984179331651e-29 2.646510883876520012e-26 7.444926762907380826e-24 4.562767254389317581e-21 1.465825056777115624e-17 4.548665012131895128e-12
2.395050167224080262e+00 5.442741908501256624e-41 4.314113112572099493e-37 4.934786593438863330e-34 2.137385924312116552e-31 6.024222673899129541e-29 1.727120030644506848e-26 4.935414780758817503e-24 3.105343216641112286e-21 1.050477578414971197e-17 4.186630626770537956e-12
2.408424749163879497e+00 3.498698385309630199e-41 2.759932006306608544e-37 3.157070774704728276e-34 1.371977120275276741e-31 3.891947986221811359e-29 1.127577233907377799e-26 3.271828825067945158e-24 2.112287213891104316e-21 7.517261903556544425e-18 3.842054119315322945e-12
2.421799331103679176e+00 2.252744859289404602e-41 1.768227302622278222e-37 2.022277634550660910e-34 8.815573836983837529e-32 2.516271837654767658e-29 7.364677615786000140e-27 2.169066922587946685e-24 1.436064656107062398e-21 5.371822679003347696e-18 3.515188295138259195e-12
2.435173913043478411e+00 1.452884912283128346e-41 1.134513703121839314e-37 1.296996995427199552e-34 5.670188258274881534e-32 1.628089702051643036e-29 4.812306415848919151e-27 1.438077242477080355e-24 9.758608067342255405e-22 3.833479632723822429e-18 3.206207756099355834e-12
2.448548494983277646e+00 9.385578466064267055e-42 7.289745069162028207e-38 8.328752583954710892e-35 3.650822606263504134e-32 1.054228691669399622e-29 3.145958806412993189e-27 9.535192088302780578e-25 6.628411039692461648e-22 2.732084606480442430e-18 2.915196496011686413e-12
2.461923076923076881e+00 6.072931467281430356e-42 4.690776962065128158e-38 5.355064231170495000e-35 2.353061899253682020e-32 6.831755591608173808e-30 2.057599634140809128e-27 6.323032382741208401e-25 4.500420576765311398e-22 1.944662283145973947e-18 2.642139110145921304e-12
2.475297658862876116e+00 3.935863792351194891e-42 3.022775504721208630e-38 3.447417965658879910e-35 1.518197143276247548e-32 4.430735555825573865e-30 1.346431870157800459e-27 4.193537460418029691e-25 3.054449557652973171e-22 1.382491471372506099e-18 2.386915682042837494e-12
2.488672240802675795e+00 2.554952852152962737e-42 1.950717636235688185e-38 2.222124578300667124e-35 9.805682872363213728e-33 2.875876133882960819e-30 8.815173729411710075e-28 2.781665664724559046e-25 2.072348121162354988e-22 9.816749542808240014e-19 2.149300255397036320e-12
2.502046822742475030e+00 1.661206569782038330e-42 1.260691980778359760e-38 1.434130335574643411e-35 6.339935875751618277e-33 1.868185369538689420e-30 5.774407280452759060e-28 1.845476120910894651e-25 1.405580504405622623e-22 6.962709934255120811e-19 1.928962662166814450e-12
2.515421404682274265e+00 1.081830068748878597e-42 8.159211977949975147e-39 9.267338597703498654e-36 4.103472881446118318e-33 1.214589725211288260e-30 3.784607110070151113e-28 1.224617735451233276e-25 9.530704672658565807e-23 4.933012427033881787e-19 1.725473365564911005e-12
2.528795986622073499e+00 7.056442772762042755e-43 5.288233198073609920e-39 5.996087299489893050e-36 2.658766071323249943e-33 7.903205792766035020e-31 2.481861867818141808e-28 8.128127371032834645e-26 6.460754701814390500e-23 3.491298816943319390e-19 1.538310891364571103e-12
2.542170568561873178e+00 4.609997055794832966e-43 3.432373783832902889e-39 3.884432506459947693e-36 1.724537228767470822e-33 5.146891863237376903e-31 1.628486476671887868e-28 5.396190102779328758e-26 4.378675819226176472e-23 2.468425095927089529e-19 1.366871364205503635e-12
2.555545150501672413e+00 3.016478099259261638e-43 2.230994625552954373e-39 2.519614106798063740e-36 1.119775055490815483e-33 3.354738630970533382e-31 1.069169467595681864e-28 3.583434198317207700e-26 2.966987105751748105e-23 1.743523684567703335e-19 1.210479636713037713e-12
2.568919732441471648e+00 1.976883338630218925e-43 1.452181005895260972e-39 1.636391828554616993e-36 7.278745158692103802e-34 2.188506678992810265e-31 7.023776028733345824e-29 2.380320727716194067e-26 2.010081005281409991e-23 1.230345824436615987e-19 1.068401496160407158e-12
2.582294314381270883e+00 1.297597056835764018e-43 9.465847631180230385e-40 1.064111887961298991e-36 4.736432556608562591e-34 1.428946853457497726e-31 4.617023991627882830e-29 1.581624964399902471e-26 1.361594834267188402e-23 8.674293766368735814e-20 9.398564528730482455e-13
2.595668896321070118e+00 8.530474680798843550e-44 6.178925912669758501e-40 6.928413793177781444e-37 3.085437793045350609e-34 9.338273590719185228e-32 3.036871545150795399e-29 1.051263084700414516e-26 9.222098641620662609e-24 6.110326381763029174e-20 8.240306525826846052e-13
2.609043478260869797e+00 5.616653751032851953e-44 4.039050873486414584e-40 4.516755546407042944e-37 2.012121376343287780e-34 6.108049771478666436e-32 1.998797354458227603e-29 6.989833339274415070e-27 6.245539602627985151e-24 4.300643885768959862e-20 7.200895070643596483e-13
2.622418060200669032e+00 3.703819098858050853e-44 2.643970461209190410e-40 2.948256268480252951e-37 1.313604793517087010e-34 3.998775084077287869e-32 1.316419178111834336e-29 4.649188145315024965e-27 4.229402510106954972e-24 3.024519890338266860e-20 6.271896991256651496e-13
2.635792642140468267e+00 2.446166883488782574e-44 1.733176720924974739e-40 1.926856153109619416e-37 8.585182900076138086e-35 2.620249518807863085e-32 8.675760823579916443e-30 3.093495382177574879e-27 2.863961338506465085e-24 2.125436150214059123e-20 5.444902850558680918e-13
2.649167224080267502e+00 1.618017161644330383e-44 1.137721730012636402e-40 1.260893019320321665e-37 5.617067598653373722e-35 1.718510780600059066e-32 5.721547816860976773e-30 2.059163336371218974e-27 1.939296969346815797e-24 1.492528998727286283e-20 4.711626860900100818e-13
2.662541806020067181e+00 1.071858370170149326e-44 7.478838501013920084e-41 8.261358217934034290e-38 3.679136518752935069e-35 1.128127904039990606e-32 3.775865850659654942e-30 1.371222079860299466e-27 1.313167747586015447e-24 1.047356933625836641e-20 4.063994269726404595e-13
2.675916387959866416e+00 7.111241445278508584e-45 4.923059092591409871e-41 5.419612605582031141e-38 2.412454249091156234e-35 7.412475695331533974e-33 2.493566404214254044e-30 9.134966473729286335e-28 8.892097980824965298e-25 7.344761107756275043e-21 3.494215416473861699e-13
2.689290969899665651e+00 4.725020289288338420e-45 3.245163537522917921e-41 3.559818441237256243e-38 1.583615964666798693e-35 4.874940704776277917e-33 1.647899789638251074e-30 6.088279025088643061e-28 6.021512315858252592e-25 5.147367393488155980e-21 2.994846214693251564e-13
2.702665551839464886e+00 3.144189026798532637e-45 2.142084437770226000e-41 2.341151045262692637e-38 1.040683890378243445e-35 3.209065854313730573e-33 1.089808246248169340e-30 4.059538197423504551e-28 4.077867767405266470e-25 3.605208523824284640e-21 2.558835288260234858e-13
2.716040133779264121e+00 2.095351131079480768e-45 1.415900779728803297e-41 1.541601420040509943e-38 6.846465806827697168e-36 2.114429221467349749e-33 7.212446452054138905e-31 2.708064931996755335e-28 2.761821373063167339e-25 2.523633271447101660e-21 2.179558379667346993e-13
2.729414715719063800e+00 1.398442576238349032e-45 9.371800464533710642e-42 1.016377136799847627e-38 4.509133455276088253e-36 1.394487981548136547e-33 4.776743981369027421e-31 1.807371950334773589e-28 1.870687946228010410e-25 1.765571647184141867e-21 1.850840950227687028e-13
2.742789297658863035e+00 9.346921477447554432e-46 6.211620737481382520e-42 6.709293099871855978e-39 2.973028424381300020e-36 9.205454799476384811e-34 3.165932534704563403e-31 1.206833901368647035e-28 1.267239251350720310e-25 1.234582229979640973e-21 1.566970109426853480e-13
2.756163879598662270e+00 6.256409143950149158e-46 4.122647376211228408e-42 4.434418213380368908e-39 1.962386582764269825e-36 6.082557291214341139e-34 2.099882531826221760e-31 8.062398378722769166e-29 8.585692985698709269e-26 8.628639397769542519e-22 1.322697149921550703e-13
2.769538461538461505e+00 4.193829212232846680e-46 2.739898372954105706e-42 2.934495168208912914e-39 1.296730494516961515e-36 4.022899388247707692e-34 1.393847244163771620e-31 5.388934474639471941e-29 5.817806899039470826e-26 6.027871892096145005e-22 1.113232034490098296e-13
2.782913043478261184e+00 2.815281631122993414e-46 1.823380651955905216e-42 1.944311370292700132e-39 8.578168570140195286e-37 2.663210838628929902e-34 9.259024541355387999e-32 3.603863900034612822e-29 3.942920136521888515e-26 4.209171383497032854e-22 9.342311917550696811e-14
2.796287625418060419e+00 1.892582923909256782e-46 1.215073201440289157e-42 1.289830526586738789e-39 5.680925379461592122e-37 1.764764052807331067e-34 6.155283583308065429e-32 2.411378863397337527e-29 2.672752207881719479e-26 2.937996989340981269e-22 7.817799395497736934e-14
2.809662207357859653e+00 1.274108487690107768e-46 8.107880143522691960e-43 8.567075703586179507e-40 3.766371332363875922e-37 1.170533025010526181e-34 4.095118211758072655e-32 1.614353729816073882e-29 1.812126664833208506e-26 2.049930833858146172e-22 6.523707791982936998e-14
2.823036789297658888e+00 8.589596811759487096e-47 5.417382679240888921e-43 5.697237543788014376e-40 2.499807358175421000e-37 7.771372383378234808e-35 2.726609878461125825e-32 1.081365642589102074e-29 1.228894041098863784e-26 1.429785610799745751e-22 5.428787009931647088e-14
2.836411371237458123e+00 5.798964990004449199e-47 3.624486987360881224e-43 3.793380655982487528e-40 1.660997761126365839e-37 5.164518064114332413e-35 1.816854975159903832e-32 7.247551643636899504e-30 8.335718821001678470e-27 9.969123328099305857e-23 4.505345201273228886e-14
2.849785953177257802e+00 3.920450677692913587e-47 2.428152207205702593e-43 2.528817325329829102e-40 1.104867821627129971e-37 3.435427817088599058e-35 1.211603752536179597e-32 4.860255212424022479e-30 5.655628956947402919e-27 6.948764347064828035e-23 3.728971314370720693e-14
2.863160535117057037e+00 2.654151856141508569e-47 1.628827440588073010e-43 1.687858148505764328e-40 7.357495173303815099e-38 2.287450073091793667e-35 8.086234241802993952e-33 3.261217791943142323e-30 3.838259300195641955e-27 4.842088959922634467e-23 3.078254374040575413e-14
2.876535117056856272e+00 1.799352594502307583e-47 1.094060943419718436e-43 1.127925361245024690e-40 4.904870828869041536e-38 1.524554393101738963e-35 5.401066736438674448e-33 2.189562394070281525e-30 2.605609870276565953e-27 3.373201405402598737e-23 2.534505724724684921e-14
2.889909698996655507e+00 1.221529586274099948e-47 7.358218157507365512e-44 7.546562058304570209e-41 3.273426366732139253e-38 1.017080618505691193e-35 3.610458286627362715e-33 1.470941230999273533e-30 1.769343268427994597e-27 2.349338751458256817e-23 2.081489220938508577e-14
2.903284280936454742e+00 8.303962793874666235e-48 4.955254190967159747e-44 5.055227482607646469e-41 2.187028369591584000e-38 6.791872997856744168e-36 2.415442027596580916e-33 9.887746706029246822e-31 1.201844295289547104e-27 1.635882781758664581e-23 1.705163200498791720e-14
2.916658862876254421e+00 5.652713483665985542e-48 3.341325289887484699e-44 3.390419160993547499e-41 1.462791623941765619e-38 4.539896442503604794e-36 1.617276345090851949e-33 6.650690915347140763e-31 8.166262144182957465e-28 1.138861672948209960e-23 1.393437044967095899e-14
2.930033444816053656e+00 3.853143810314552612e-48 2.255945048190340418e-44 2.276593806072902619e-41 9.794584905037161843e-39 3.037560668966204420e-36 1.083744502127970782e-33 4.476173313134438910e-31 5.550637481833198931e-28 7.927037316686251481e-24 1.135944228905181860e-14
2.943408026755852891e+00 2.630005340555335146e-48 1.525079899504304683e-44 1.530507528272623955e-41 6.565448356561830789e-39 2.034355919666043115e-36 7.268189894224114204e-34 3.014538719777770171e-31 3.774088827594820858e-28 5.516715870411096069e-24 9.238329881792196919e-15
2.956782608695652126e+00 1.797536496170368805e-48 1.032305808120034424e-44 1.030152264784427161e-41 4.405718435315407504e-39 1.363804567119095854e-36 4.878472269242057503e-34 2.031476050171374640e-31 2.567060997870797610e-28 3.838738895896666739e-24 7.495750950937420175e-15
2.970157190635451805e+00 1.230197935807789130e-48 6.996376920297482492e-45 6.941952568522493204e-42 2.959662867263158821e-39 9.151678755066716430e-37 3.277185846980316461e-34 1.369879342122982492e-31 1.746706881838020178e-28 2.670810170987783598e-24 6.067927076607011928e-15
2.983531772575251040e+00 8.430337995507144620e-49 4.747712704783698293e-45 4.683541150028457955e-42 1.990398429260600443e-39 6.147137742102999085e-37 2.203328753425813105e-34 9.243479467339072484e-32 1.188963299633174373e-28 1.858026965838490955e-24 4.901028518765834367e-15
2.996906354515050275e+00 5.784745150221620538e-49 3.225814652085500923e-45 3.163571824250337983e-42 1.340013387803320842e-39 4.133031701486923987e-37 1.482585652816275690e-34 6.241282919934787913e-32 8.096290762466418713e-29 1.292478725356352300e-24 3.949787876759918133e-15
3.010280936454849510e+00 3.974561939092158309e-49 2.194499420177437152e-45 2.139389570643349340e-42 9.031265723561852998e-40 2.781558139509173200e-37 9.984440105862164787e-35 4.216965442234281007e-32 5.515405949790577396e-29 8.990106953495124225e-25 3.176272885077969939e-15
3.023655518394648745e+00 2.734366080770662426e-49 1.494754737405024097e-45 1.448468312123178798e-42 6.093368645986107555e-40 1.873833934058145340e-37 6.729645077438186778e-35 2.851126244848796434e-32 3.758780609633201977e-29 6.252934181307615395e-25 2.548807183109314003e-15
3.037030100334448424e+00 1.883575194774415332e-49 1.019389451198036696e-45 9.818229531971166866e-43 4.115613465236129598e-40 1.263564711706213536e-37 4.539689327488171561e-35 1.928969815986415798e-32 2.562706149176752897e-29 4.348982854453593806e-25 2.041027055106213508e-15
3.050404682274247659e+00 1.299166338580544674e-49 6.960547081135794862e-46 6.662857237077031582e-43 2.782780186985849901e-40 8.528784308726894365e-38 3.064972375269966177e-35 1.305958079212549155e-32 1.747982495350516136e-29 3.024708242590108868e-25 1.631061797659025280e-15
3.063779264214046893e+00 8.972193627925428663e-50 4.758575559694720224e-46 4.526776427089445227e-43 1.883602637094001812e-40 5.762352136820475371e-38 2.071067759197859626e-35 8.847692154630863986e-33 1.192794829104075303e-29 2.103672751666849722e-25 1.300825428929517638e-15
3.077153846153846128e+00 6.204134393610304840e-50 3.257153488455152628e-46 3.079050702330731831e-43 1.276334686446684587e-40 3.897042941398153979e-38 1.400651667392034172e-35 5.998322029001738803e-33 8.143079108159844788e-30 1.463115263009264212e-25 1.035407811997801086e-15
3.090528428093645807e+00 4.295453781558541958e-50 2.232155485254158194e-46 2.096727154200865193e-43 8.657720191566903343e-41 2.638110506046917896e-38 9.480577137187746965e-36 4.069401209937081490e-33 5.561724985300221660e-30 1.017632969662634073e-25 8.225538420704817273e-16
3.103903010033445042e+00 2.977685481575195450e-50 1.531556157195661287e-46 1.429428027053142095e-43 5.879020495106368364e-41 1.787610029243566211e-38 6.422570002554651731e-36 2.762702100845741176e-33 3.800422734334457076e-30 7.078194678316403716e-26 6.522200747660700651e-16
3.117277591973244277e+00 2.066746229916831644e-50 1.052109570180635829e-46 9.756093501162797199e-44 3.996387471550382103e-41 1.212478794879943938e-38 4.354646685176512877e-36 1.876904565680297833e-33 2.598120667036379795e-30 4.923555297181376334e-26 5.161989931040536428e-16
3.130652173913043512e+00 1.436252156863300017e-50 7.236121936773496709e-47 6.666238986888675920e-44 2.719506433016022222e-41 8.231834079243832962e-39 2.955068238800195738e-36 1.276017380768341469e-33 1.777031379674121161e-30 3.425044649335804964e-26 4.078019781737455681e-16
3.144026755852842747e+00 9.993235172882846902e-51 4.982702284211063367e-47 4.560106982621360501e-44 1.852555171933395811e-41 5.594221048146368063e-39 2.007026272228141563e-36 8.681181826644434747e-34 1.216024957592066238e-30 2.382817165080123493e-26 3.215929267095944863e-16
3.157401337792642426e+00 6.961616171913622858e-51 3.435068916000583953e-47 3.122887645204953819e-44 1.263308485554939267e-41 3.805420243391345863e-39 1.364300172404781060e-36 5.910313163803861430e-34 8.325390734168614545e-31 1.657899043140304822e-26 2.531653206269052315e-16
3.170775919732441661e+00 4.855559580877834067e-51 2.370908100014263767e-47 2.141030226341220901e-44 8.623895682240750783e-42 2.591104912641116479e-39 9.281933732615324386e-37 4.026734036380525591e-34 5.702752623169594298e-31 1.153649774880298757e-26 1.989563790849848469e-16
3.184150501672240896e+00 3.390708486279795665e-51 1.638324910080280829e-47 1.469509073378838892e-44 5.893210924445916551e-42 1.765981253372272463e-39 6.320317677783455436e-37 2.745412247647119434e-34 3.908275156028603275e-31 8.028676424700821179e-27 1.560926991601059771e-16
3.197525083612040131e+00 2.370610989969529811e-51 1.133414323216917151e-47 1.009724028939467373e-44 4.031377352107676159e-42 1.204772939456701639e-39 4.307362991765150831e-37 1.873163285843914600e-34 2.679842316778755272e-31 5.588218370318611180e-27 1.222625081064383304e-16
3.210899665551839366e+00 1.659378827508479489e-51 7.850150954575507798e-48 6.945635025221614624e-45 2.760618768101839889e-42 8.227002164144779820e-40 2.938030556340675912e-37 1.278964125770086831e-34 1.838482828006458037e-31 3.890160027945245127e-27 9.561030386566013247e-17
3.224274247491639045e+00 1.162901572340414628e-51 5.443337633751674297e-48 4.782973386758594536e-45 1.892384833921760101e-42 5.623342590269164212e-40 2.005734818265278506e-37 8.738902211490741521e-35 1.261940168836989784e-31 2.708515690274019286e-27 7.465024948319214458e-17
3.237648829431438280e+00 8.159232326920971313e-52 3.778746855628019193e-48 3.297300977285969409e-45 1.298557000506524368e-42 3.847363269609341578e-40 1.370449811025557163e-37 5.975472502304155578e-35 8.666611477661496845e-32 1.886122984506255220e-27 5.819521226866041422e-17
3.251023411371237515e+00 5.731408340715146038e-52 2.626170361541580776e-48 2.275577930304485308e-45 8.919891895622375059e-43 2.634794385217199570e-40 9.371846579804598756e-38 4.088890478822324175e-35 5.955163655873778380e-32 1.313675998397625614e-27 4.529880245406435598e-17
3.264397993311036750e+00 4.030657634201729505e-52 1.827207537499402622e-48 1.572154401398708063e-45 6.133433152073068859e-43 1.806110331617145236e-40 6.414452123450920173e-38 2.799996501030439630e-35 4.094248780287091756e-32 9.151469676357789056e-28 3.520817245603246682e-17
3.277772575250836429e+00 2.837852309886912081e-52 1.272741088262530179e-48 1.087343840504079054e-45 4.221741066372733234e-43 1.239238609566339608e-40 4.394062502778237277e-38 1.918797531163514530e-35 2.816392411743156968e-32 6.376499630177396986e-28 2.732569105451632432e-17
3.291147157190635664e+00 2.000321566979961933e-52 8.875172013909286685e-49 7.528434461003616755e-46 2.908853724141080409e-43 8.510944796422535944e-41 3.012624572847155919e-38 1.315895100912044259e-35 1.938441426863298734e-32 4.443930078545600710e-28 2.117791165171585722e-17
3.304521739130434899e+00 1.411571359229641431e-52 6.195770882958254978e-49 5.218027560790304405e-46 2.006286309394126408e-43 5.850753875195226037e-41 2.067263006505859844e-38 9.030973957738314445e-36 1.334918851256581833e-32 3.097774719583975987e-28 1.639051518242146771e-17
3.317896321070234134e+00 9.972308647887299379e-53 4.330051975733161791e-49 3.620510606867927548e-46 1.385169952140504088e-43 4.025836305639325717e-41 1.419770530896341869e-38 6.202543172524397176e-36 9.198176115100524298e-33 2.159903840166584331e-28 1.266813104862278533e-17
3.331270903010033368e+00 7.053023243886426195e-53 3.029475181025195205e-49 2.514738770011420000e-46 9.573058498883763898e-44 2.772742927053054310e-41 9.759150544141175299e-39 4.263119589445593572e-36 6.341546359800994054e-33 1.506347235188733369e-28 9.778128278580186457e-18
3.344645484949833047e+00 4.993885044454376783e-53 2.121854320642058436e-49 1.748531099930369896e-46 6.622686849934393431e-44 1.911486644832499100e-41 6.713932989877642468e-39 2.932299468278115921e-36 4.374587090754652617e-33 1.050814061454618201e-28 7.537628298936323284e-18
3.358020066889632282e+00 3.539829126501371553e-53 1.487767115118749653e-49 1.217051917160066480e-46 4.586188790512171421e-44 1.318985525315667051e-41 4.622881524560790170e-39 2.018425534358256976e-36 3.019459291579758326e-33 7.332307347750955324e-29 5.803124243035699101e-18
3.371394648829431517e+00 2.511906749339165222e-53 1.044294360422719702e-49 8.480040656554225090e-47 3.179085213690114268e-44 9.109924932511001794e-42 3.185802983321625648e-39 1.390404648603416439e-36 2.085322386553827881e-33 5.117681399876724865e-29 4.462203208093753110e-18
3.384769230769230752e+00 1.784428398830144478e-53 7.337985716883392206e-50 5.914767443853987309e-47 2.205886997928798504e-44 6.297881119936447632e-42 2.197328726744060891e-39 9.585045398199343890e-37 1.441022539534256907e-33 3.572953136965843507e-29 3.426960544183259951e-18
3.398143812709030431e+00 1.269013076985481352e-53 5.161716126955769936e-50 4.129772656252605972e-47 1.532122572180121185e-44 4.357906139511791348e-42 1.516843108374855664e-39 6.612595928622366092e-37 9.963764180789934932e-34 2.495206387171544990e-29 2.628771961108234487e-18
3.411518394648829666e+00 9.034443400818365603e-54 3.634729338738352287e-50 2.886430909172367216e-47 1.065200141388723087e-44 3.018310257671033507e-42 1.047985590131011868e-39 4.565359279276239346e-37 6.893387512498893257e-34 1.743067458493819098e-29 2.014152471729488239e-18
3.424892976588628901e+00 6.438756929734924213e-54 2.562171115086647744e-50 2.019484661379690925e-47 7.413011264425909733e-45 2.092431747626285189e-42 7.246669496696238100e-40 3.154302714492032012e-37 4.771994715619680844e-34 1.218018477735659229e-29 1.541483118681553673e-18
3.438267558528428136e+00 4.593724997848602095e-54 1.808005203163730935e-50 1.414367081647692786e-47 5.163951096580585955e-45 1.451907456143965033e-42 5.015214790081029463e-40 2.181008888979005879e-37 3.305419463171217648e-34 8.513905294912886383e-30 1.178428920903337468e-18
3.451642140468227371e+00 3.280857095696308453e-54 1.277156496794216741e-50 9.915707962177669430e-48 3.600740838329306577e-45 1.008383114889260218e-42 3.473825297996419620e-40 1.509167130756588066e-37 2.290940787714235987e-34 5.953086774960027449e-30 8.999061213376911169e-19
3.465016722408027050e+00 2.345665267519562357e-54 9.031062902508563725e-51 6.958620298323432182e-48 2.513171632443842363e-45 7.009869802972173461e-43 2.408203296496990439e-40 1.045064782008761349e-37 1.588777348135737284e-34 4.163870204155576722e-30 6.864849713965804169e-19
3.478391304347826285e+00 1.678797141564800964e-54 6.392656207300938411e-51 4.888303869961098662e-48 1.755784556474873573e-45 4.877427709848417413e-43 1.670876734026489126e-40 7.242277377886955227e-38 1.102491567237511678e-34 2.913377410576449144e-30 5.231370940056136383e-19
3.491765886287625520e+00 1.202765443378858884e-54 4.529695344964376580e-51 3.437373409861414861e-48 1.227827438493031368e-45 3.396776421426703928e-43 1.160275432820421613e-40 5.022653479391431516e-38 7.655114461143582719e-35 2.039124978926714265e-30 3.982548842429025819e-19
3.505140468227424755e+00 8.626036527965080027e-55 3.212915036996590923e-51 2.419504949044964201e-48 8.594462356642637509e-46 2.367756443214127169e-43 8.063851145138683128e-41 3.485919982916529418e-38 5.318551057193896465e-35 1.427714342619170235e-30 3.028852354152722845e-19
3.518515050167224434e+00 6.192790441727762989e-55 2.281232454227374070e-51 1.704729287074789093e-48 6.021623418690506522e-46 1.651960783784093758e-43 5.609031812823812914e-41 2.421183593610801440e-38 3.697440626040795863e-35 9.999814616334825058e-31 2.301317840216131213e-19
3.531889632107023669e+00 4.450444021311943202e-55 1.621352157643482472e-51 1.202295606665658955e-48 4.222991358867636937e-46 1.153596058441910906e-43 3.904779812047731541e-41 1.682922360288597694e-38 2.572031381167436877e-35 7.006456171162966249e-31 1.746893994806963583e-19
3.545264214046822904e+00 3.201542805332392419e-55 1.153506768099439578e-51 8.487735840259177395e-49 2.964399517430083230e-46 8.063020916148848855e-44 2.720618621692479214e-41 1.170648173228644039e-38 1.790273524331861763e-35 4.910925103866390696e-31 1.324822566243687321e-19
3.558638795986622139e+00 2.305427426207656453e-55 8.214769838041932531e-52 5.997842198218237354e-49 2.082866468559797483e-46 5.640666944466719536e-44 1.897144698652797259e-41 8.149191491334852357e-39 1.246899436735507630e-35 3.443413519916458867e-31 1.003828921200082087e-19
3.572013377926421374e+00 1.661793089019453956e-55 5.855993702003040179e-52 4.242468575182713523e-49 1.464847738641063426e-46 3.949575490188300474e-44 1.324018641871790829e-41 5.677123060258782479e-39 8.689867885415680451e-36 2.415341091508208734e-31 7.599446349153603205e-20
3.585387959866221053e+00 1.199038111110523691e-55 4.178623566849925216e-52 3.003727191992166222e-49 1.031164867413842607e-46 2.767937644333740515e-44 9.247998581201724118e-42 3.957924888640855644e-39 6.059898737860289499e-36 1.694858933933694987e-31 5.748224807129754070e-20
3.598762541806020288e+00 8.659977897992885767e-56 2.984632432624204552e-52 2.128719459206391655e-49 7.265516575591258831e-47 1.941541712929570032e-44 6.464881330117666915e-42 2.761417107746986783e-39 4.228523064819117481e-36 1.189752827726056798e-31 4.344343917533750334e-20
3.612137123745819522e+00 6.260738530471691372e-56 2.133884626167799313e-52 1.510046457016682212e-49 5.123961438511625967e-47 1.363076709862546504e-44 4.523052466921184067e-42 1.928063950768255682e-39 2.952458710779083367e-36 8.355073393224166626e-32 3.280667979973894869e-20
3.625511705685618757e+00 4.530608985971255383e-56 1.527112461257889553e-52 1.072195470165319952e-49 3.616965505294554845e-47 9.578017254621878049e-45 3.167087458545662746e-42 1.347210708117089860e-39 2.062772617817003738e-36 5.869705215974843150e-32 2.475465048629586372e-20
3.638886287625418436e+00 3.281762082386823165e-56 1.093927787436696525e-52 7.620215598169151953e-50 2.555525582593135378e-47 6.736142511211257747e-45 2.219447767982834875e-42 9.420500207246471876e-40 1.442088249296537873e-36 4.125313008708539056e-32 1.866450234815115510e-20
3.652260869565217671e+00 2.379437921730603622e-56 7.843707419963353280e-53 5.420858068259223232e-50 1.807222565819972258e-47 4.741610001432451691e-45 1.556629667328242729e-42 6.592291401103959053e-40 1.008801665139353840e-36 2.900508508959532606e-32 1.406208237617005677e-20
3.665635451505016906e+00 1.726854459251856532e-56 5.629460515931960327e-53 3.859883176561852714e-50 1.279195075801210809e-47 3.340549224142852664e-45 1.092647868356299643e-42 4.616602122678166593e-40 7.061446769264759204e-37 2.040186959285643128e-32 1.058680297598993038e-20
3.679010033444816141e+00 1.254435914038669247e-56 4.044104814140324997e-53 2.750955059528978670e-50 9.062621343559921400e-48 2.355515485723903488e-45 7.675889495686979046e-43 3.235427783059309348e-40 4.946021158542038084e-37 1.435642400721648005e-32 7.964714498327297995e-21
3.692384615384615376e+00 9.121157131537057709e-57 2.907942713486615319e-53 1.962428814129603713e-50 6.426299967285539168e-48 1.662373655926372721e-45 5.396718765926379026e-43 2.269152880090349759e-40 3.466514535608754128e-37 1.010659608121031606e-32 5.987890643733519612e-21
3.705759197324415055e+00 6.638308909357947899e-57 2.092930003022245832e-53 1.401210182084096791e-50 4.560961871781627943e-48 1.174206482950496808e-45 3.797365810402233617e-43 1.592641873059894490e-40 2.431113374849522169e-37 7.117830505405785676e-33 4.498665579458060526e-21
3.719133779264214290e+00 4.835800825855154160e-57 1.507740431896093884e-53 1.001404397396497678e-50 3.239950413101922726e-48 8.301029942416830333e-46 2.674149242584231499e-43 1.118650317057552638e-40 1.706054297949043840e-37 5.015060686989293317e-33 3.377594903515730684e-21
3.732508361204013525e+00 3.525982550453957930e-57 1.087174097316048237e-53 7.163255259629171309e-51 2.303588723291091672e-48 5.873401634488649640e-46 1.884683239007814846e-43 7.863065871836197232e-41 1.197998341700679105e-37 3.535022809401631643e-33 2.534271128742758961e-21
3.745882943143812760e+00 2.573298199403447635e-57 7.846389791741376229e-54 5.128660798400183556e-51 1.639284634055534172e-48 4.159260847808145575e-46 1.329350699507406408e-43 5.531084522510373366e-41 8.417741050536642353e-38 2.492856775822201435e-33 1.900324580993949855e-21
3.759257525083611995e+00 1.879730944833664669e-57 5.668087810932356023e-54 3.675259763478116217e-51 1.167575091642834524e-48 2.947880507450997821e-46 9.384003911453085394e-44 3.893578591037690877e-41 5.918492407537122468e-38 1.758705251715849977e-33 1.424095420453823763e-21
3.772632107023411674e+00 1.374340401358178881e-57 4.098234646637153028e-54 2.636091754088571976e-51 8.323279725262978875e-49 2.091073830681602549e-46 6.629535935420524689e-44 2.742883073785417416e-41 4.163925912711251966e-38 1.241311881131899838e-33 1.066582017704160936e-21
3.786006688963210909e+00 1.005734691134682513e-57 2.965843939616110485e-54 1.892427870628586546e-51 5.938565657675711669e-49 1.484544234638752728e-46 4.687306240653025491e-44 1.933680653931782944e-41 2.931375155371371138e-38 8.765209930910656555e-34 7.983630550984286113e-22
3.799381270903010144e+00 7.366488332468973058e-58 2.148269034786793988e-54 1.359760422102217728e-51 4.240765187152491793e-49 1.054823284608761705e-46 3.316711379129107485e-44 1.364208363863945765e-41 2.064982780043493515e-38 6.192110211567300770e-34 5.972616506754456184e-22
3.812755852842809379e+00 5.400363797099352509e-58 1.557455432349671886e-54 9.778846505095685936e-52 3.030963255803260160e-49 7.501145060160449549e-47 2.348740713584405869e-44 9.631513356051921796e-42 1.455587006169274874e-38 4.376342623910597067e-34 4.465743233868135994e-22
3.826130434782609058e+00 3.962492581191779154e-58 1.130126012916534864e-54 7.038708271764704320e-52 2.168148830565417644e-49 5.338696203999510481e-47 1.664578934492919531e-44 6.804959948676710891e-42 1.026683684487072006e-38 3.094436130215893784e-34 3.337294723266867509e-22
3.839505016722408293e+00 2.910009134715094809e-58 8.207674212130390280e-55 5.070798390274481620e-52 1.552271477428579994e-49 3.802779413462167322e-47 1.180631877699106254e-44 4.811418873898750484e-42 7.246226870501099721e-39 2.189024081398472832e-34 2.492721297515470897e-22
3.852879598662207528e+00 2.138938097781945165e-58 5.966134833997995186e-55 3.656248529880324465e-52 1.112281280848319937e-49 2.710964511776932028e-47 8.380390749042550075e-45 3.404369010833834445e-42 5.117572012159297647e-39 1.549243045063622091e-34 1.860963155594995748e-22
3.866254180602006763e+00 1.573539313311438033e-58 4.340537060994929468e-55 2.638572387283919029e-52 7.976789685743337678e-50 1.934201833577305058e-47 5.953228270201172591e-45 2.410545065171272167e-42 3.616535491060164007e-39 1.096957283431346669e-34 1.388651081729666493e-22
3.879628762541805997e+00 1.158590753752848859e-58 3.160596601730611005e-55 1.905786371289244165e-52 5.725407715604165567e-50 1.381126613294244063e-47 4.232316590380809455e-45 1.708080476425462003e-42 2.557397116122613206e-39 7.770735412312167992e-35 1.035728961811037723e-22
3.893003344481605676e+00 8.537941482862438847e-59 2.303390766944259802e-55 1.377682960733796585e-52 4.112895396296623389e-50 9.870006186088142433e-48 3.011202317761295022e-45 1.211197917437503514e-42 1.809590020425222029e-39 5.507288505720062341e-35 7.721522206288369359e-23
3.906377926421404911e+00 6.297157233825495585e-59 1.680106826036401017e-55 9.967636656869536279e-53 2.956991558219255175e-50 7.059144376579163842e-48 2.144058980389532102e-45 8.594782004272749473e-43 1.281264168227610882e-39 3.904971309517284198e-35 5.753997106087520111e-23
3.919752508361204146e+00 4.648381423272120175e-59 1.226520111058757695e-55 7.217735017847476029e-53 2.127707335367522246e-50 5.052844014286087433e-48 1.527802935995652734e-45 6.103329483443221570e-43 9.077651300386982124e-40 2.770149130930203591e-35 4.286000776035545230e-23
3.933127090301003381e+00 3.434175272655957347e-59 8.961459501661890275e-56 5.230864657372247599e-53 1.532255879584465548e-50 3.619656708119853839e-48 1.089508399078766642e-45 4.337207361328849857e-43 6.435532297720269735e-40 1.966050480841514233e-35 3.191219075305356282e-23
3.946501672240803060e+00 2.539243076514890555e-59 6.553101871803961971e-56 3.794091888524551167e-53 1.104349449792850758e-50 2.595045741107747736e-48 7.775445077659525084e-46 3.084353770359339210e-43 4.565322131481072488e-40 1.396025272174633663e-35 2.375136275307237778e-23
3.959876254180602295e+00 1.879078281567077876e-59 4.795976084590972482e-56 2.754241541601381764e-53 7.965917053491204367e-51 1.861946799725835665e-48 5.553287565369811030e-46 2.194967056896861966e-43 3.240665035741661034e-40 9.917446040143782434e-36 1.767069597065788418e-23
3.973250836120401530e+00 1.391688107398585777e-59 3.512908541583200571e-56 2.001032010130601307e-53 5.750654871732385038e-51 1.337003704365183555e-48 3.969210100990785730e-46 1.563150636537900714e-43 2.301825463995509802e-40 7.048799752044046942e-36 1.314188172204465082e-23
3.986625418060200765e+00 1.031556672790058719e-59 2.575219560763300025e-56 1.454996343138052466e-53 4.154792323237351119e-51 9.608144352761071375e-49 2.839133517249385800e-46 1.113991378782711567e-43 1.636009841385676924e-40 5.012334358085082336e-36 9.770250535462022690e-24
4.000000000000000000e+00 7.652372550321513971e-60 1.889370451664582808e-56 1.058823695734560734e-53 3.004208446894452258e-51 6.910133986879630812e-49 2.032329534235529409e-46 7.944565638273050156e-44 1.163521551785575646e-40 3.565949307784059833e-36 7.261117511058939494e-24
