1.000000000000000021e-03 2.839578382523074319e-10 2.019526589882832043e-26 2.122228820290956612e-38 2.490345341347954933e-51 2.260612930934682151e-65 1.617127182740553139e-81 1.731233964116303361e-101 5.593154731565211081e-126 2.128777379557979641e-162 1.018767227524787728e-227
1.437458193979933296e-02 3.473503262493900841e-10 4.554008500124708664e-25 2.012347780156264127e-36 9.543629646906618073e-49 3.561164667936439075e-62 1.189201795696203064e-77 7.901941962301529461e-97 2.187514304980362395e-120 1.804646671406052741e-155 1.710937556357065875e-218
2.774916387959866504e-02 4.064328594922307694e-10 8.276966498384409937e-24 1.440014483208911686e-34 2.592677535253023642e-46 3.736195409641769887e-59 5.445175585288053513e-74 2.075160475750496003e-92 4.489160616292411746e-115 7.042965523864022411e-149 1.058699135921928674e-209
4.112374581939799711e-02 4.586912264404018842e-10 1.229835522402042672e-22 7.915719866254594689e-33 5.099637791750442995e-44 2.675318233899951745e-56 1.596692418272972662e-70 3.238592789944531909e-88 5.017475503962185383e-110 1.322611902464128715e-142 2.552946204432632470e-201
5.449832775919732919e-02 5.028883031120860918e-10 1.513141686172167230e-21 3.396800910883813472e-31 7.403790218860964939e-42 1.337100029108893991e-53 3.076713595093537854e-67 3.094359585869336096e-84 3.161072146508057915e-105 1.245021201839960593e-136 2.526980518680218964e-193
6.787290969899666127e-02 5.389387575654880949e-10 1.559919005059548127e-20 1.154998973247953560e-29 8.077016020803205286e-40 4.762456309665479078e-51 3.990433141057829748e-64 1.860865658055381059e-80 1.159057090908069408e-100 6.102824530785838111e-131 1.077691464895715850e-185
8.124749163879599334e-02 5.675303153719339670e-10 1.362326899750916540e-19 3.155337110735744352e-28 6.732099228254140227e-38 1.232519431981066104e-48 3.562250274847099767e-61 7.227708500511810645e-77 2.548366792935966190e-96 1.614147476326395951e-125 2.071963511424210819e-178
9.462207357859532542e-02 5.897210851944873063e-10 1.018253803388946128e-18 7.015727870088767266e-27 4.353978293963934064e-36 2.359969869500680950e-46 2.234914083075514084e-58 1.857381284706147440e-73 3.454804270711555384e-92 2.381549699413123865e-120 1.873535792411841001e-171
1.079966555183946575e-01 6.066331059822659969e-10 6.576067918036534804e-18 1.284983419542210976e-25 2.216897353995893315e-34 3.400221412777923702e-44 1.004844266652672961e-55 3.230064567949508570e-70 2.964332680520693535e-88 2.022099505655328506e-115 8.290177927457195558e-165
1.213712374581939896e-01 6.192785515362361203e-10 3.702364451496248638e-17 1.960697765000608019e-24 9.007525533419133293e-33 3.745060160320107553e-42 3.297333175337682889e-53 3.882396314913076956e-67 1.649642124490705870e-84 1.017280777542774152e-110 1.863108166390982316e-158
1.347458193979933216e-01 6.284973070198325121e-10 1.832361732595118474e-16 2.518751401126530767e-23 2.957770330635813832e-31 3.200259179950832015e-40 8.032933934077937191e-51 3.289705646144429798e-64 6.092041589177348859e-81 3.116404007579833148e-106 2.202092095905827991e-152
1.481204013377926398e-01 6.349617014243910267e-10 8.034310792179757818e-16 2.751070629976943211e-22 7.942751036922253032e-30 2.151315741605048240e-38 1.476345465628535732e-48 2.001873814099897643e-61 1.525387002612579697e-77 5.964696164944725702e-102 1.414425363738203751e-146
1.614949832775919858e-01 6.392075428123896910e-10 3.143877598162733641e-15 2.578513762908948979e-21 1.763801272532631500e-28 1.152544331589471954e-36 2.077913687981813962e-46 8.902168737073602190e-59 2.642423603466654371e-74 7.306547956341425157e-98 5.091377372408026467e-141
1.748695652173913317e-01 6.416655234566893627e-10 1.105455464994355827e-14 2.091931018106634851e-20 3.272842138718631093e-27 4.981254060268220552e-35 2.271513387207849889e-44 2.940560226847369286e-56 3.227450137795262889e-71 5.859520791426446707e-94 1.057219760747715620e-135
1.882441471571906499e-01 6.426817667403639190e-10 3.515400240526863717e-14 1.481024560670752224e-19 5.124402740081696732e-26 1.756777137374669474e-33 1.954347647610773248e-42 7.326668263610363838e-54 2.829350012652269026e-68 3.142590144131349748e-90 1.301338921149720766e-130
2.016187290969899681e-01 6.425253284203585511e-10 1.017185081352192645e-13 9.219891064104938263e-19 6.832691643074598139e-25 5.110461672183439997e-32 1.339959158293463276e-40 1.396991104130735985e-51 1.810337206738530697e-65 1.149987072837665827e-86 9.741794107447737618e-126
2.149933110367893141e-01 6.413837496428005276e-10 2.693383936125404174e-13 5.083349599196152931e-18 7.825608704133032989e-24 1.238676596674016564e-30 7.407423396234131038e-39 2.066278728330664333e-49 8.588663192571923047e-63 2.925990737318464987e-83 4.543537905263417332e-121
2.283678929765886600e-01 6.393479906758327304e-10 6.561615681945117669e-13 2.498973192331272538e-17 7.761509003478525902e-23 2.525448890574089365e-29 3.338194225027362372e-37 2.401287944438755026e-47 3.066435067824286616e-60 5.269250590934454246e-80 1.350635038914109854e-116
2.417424749163879782e-01 6.363884052638407747e-10 1.478255861516178762e-12 1.102339512043438217e-16 6.717258309470131443e-22 4.370067609346707222e-28 1.239163335448988997e-35 2.219164126371147494e-45 8.355279582019358810e-58 6.829668032798380579e-77 2.614516242676670648e-112
2.551170568561872964e-01 6.323258693670017257e-10 3.094623375457719185e-12 4.389410534026924955e-16 5.109499070188715877e-21 6.472420662112725863e-27 3.826143932568322917e-34 1.649505229306781031e-43 1.760504142476036988e-55 6.472786117394624897e-74 3.363186518073366923e-108
2.684916387959866424e-01 6.268067920579133844e-10 6.047397487016105828e-12 1.586647321356820587e-15 3.439118747397088568e-20 8.270345348315551342e-26 9.917680099020107162e-33 9.967488273967682001e-42 2.904475238367163697e-53 4.553069180049160360e-71 2.930379803271946567e-104
2.818662207357859883e-01 6.192954576886631486e-10 1.107931295604803410e-11 5.234149731910074542e-15 2.061449084456952061e-19 9.185684048925347842e-25 2.176948904916842412e-31 4.946204715189727532e-40 3.796257539081259657e-51 2.410784695122323198e-68 1.760999725236465018e-100
2.952408026755852788e-01 6.090986786145327639e-10 1.910848553423463440e-11 1.583736847641831501e-14 1.107061639283534364e-18 8.930982451639908792e-24 4.079782003055280178e-30 2.034952449997195650e-38 3.974848117360967915e-49 9.737250355902599589e-66 7.424676076248446389e-97
3.086153846153846247e-01 5.954332577932267018e-10 3.114610800047931816e-11 4.416222139281789686e-14 5.356923914496990628e-18 7.652161368487525643e-23 6.578686641844748529e-29 7.003974262806059247e-37 3.369121830934483466e-47 3.038118936606574739e-63 2.232017458114277753e-93
3.219899665551839707e-01 5.775358361656666509e-10 4.815629860576343978e-11 1.139982128235357851e-13 2.348213798307556779e-17 5.814373771323272488e-22 9.194590084160886152e-28 2.033951557272076584e-35 2.334803757592359007e-45 7.410281786704757346e-61 4.858053966682810997e-90
3.353645484949833167e-01 5.548002319663408490e-10 7.087552069754934263e-11 2.735699450996732374e-13 9.372263440010510772e-17 3.941326168610440326e-21 1.121554007918458756e-26 5.023878835568131206e-34 1.335350039909144403e-43 1.428959559480403171e-58 7.767152024125710691e-87
3.487391304347826626e-01 5.269147815174466902e-10 9.962527725350512796e-11 6.127852256682556366e-13 3.422336839438131344e-16 2.396892468188729847e-20 1.201831766570846773e-25 1.063527009445562057e-32 6.359257835525057859e-42 2.201882375685073591e-56 9.248153677334204596e-84
3.621137123745819530e-01 4.939669924633338690e-10 1.341596213654664759e-10 1.286093180774126229e-12 1.148543161419951351e-15 1.314728302923425508e-19 1.138390773544169161e-24 1.943570876570160534e-31 2.542934745557944992e-40 2.738715387773932947e-54 8.307881244391208769e-81
3.754882943143812990e-01 4.564879353506421675e-10 1.735849183433362464e-10 2.538218917835563591e-12 3.557855690726369494e-15 6.537263690138067942e-19 9.587575499531935637e-24 3.087170791296655518e-30 8.606772406557706306e-39 2.776123414937857723e-52 5.700642423377984994e-78
3.888628762541806450e-01 4.154229982498065131e-10 2.163744379388168504e-10 4.726770697852622633e-12 1.021451329019904045e-14 2.960766578496918104e-18 7.219503832761755375e-23 4.289825772972476530e-29 2.484278084734074205e-37 2.314274414927147088e-50 3.022994797959168838e-75
4.022374581939799354e-01 3.720340495039921628e-10 2.604798613120838251e-10 8.332724966087822496e-12 2.728443806035698877e-14 1.226952436377635775e-17 4.886213993483657842e-22 5.246884578199181917e-28 6.159193272440421615e-36 1.600360602765474751e-48 1.252722056287631632e-72
4.156120401337792813e-01 3.277544102477752626e-10 3.035221482543851043e-10 1.394857847648101867e-11 6.805706271670807816e-14 4.672315036785498374e-17 2.987248705267555755e-21 5.681630473291513520e-27 1.320567931360937405e-34 9.255503026359985769e-47 4.099741476586056933e-70
4.289866220735786273e-01 2.840272942177468716e-10 3.430305240348461940e-10 2.223587761829073785e-11 1.590755044107851082e-13 1.641675031998030394e-16 1.657525128782262682e-20 5.477112457319107699e-26 2.464396338480175825e-33 4.511639821762852706e-45 1.070273027661897591e-67
4.423612040133779733e-01 2.421585486654767637e-10 3.766927599017455842e-10 3.384939194133576547e-11 3.495740002773224287e-13 5.342849625006358911e-16 8.384754141833559399e-20 4.725128164939722745e-25 4.027464451679306508e-32 1.867348179537901799e-43 2.250118915923595473e-65
4.557357859531773192e-01 2.032069657365739249e-10 4.025817623349229906e-10 4.933352783452936872e-11 7.245047373177191613e-13 1.616534035131822329e-15 3.883429540332404775e-19 3.666236474741167793e-24 5.797620280857797965e-31 6.608728794354268292e-42 3.844345491201104888e-63
4.691103678929766096e-01 1.679236784453623820e-10 4.193305135165386397e-10 6.900551029361744758e-11 1.420367289534007222e-12 4.562876758256072587e-15 1.653470400201661457e-18 2.570551371591260681e-23 7.392051938627140476e-30 2.013296192744318612e-40 5.383777227737052670e-61
4.824849498327759556e-01 1.367402647840820808e-10 4.262371954650924672e-10 9.284659467014655731e-11 2.641448798421483656e-12 1.205522626871756533e-14 6.496917612037881860e-18 1.636001002824510484e-22 8.391888131989104840e-29 5.313106679312917363e-39 6.231037762537528247e-59
4.958595317725753016e-01 1.097962523510011742e-10 4.232930428850382559e-10 1.204246932632131595e-10 4.672263105294012766e-12 2.990643085595643562e-14 2.364505777003592460e-17 9.491814153070152505e-22 8.525202468493103774e-28 1.221971679572878951e-37 6.006653176642494788e-57
5.092341137123745920e-01 8.699215581364314097e-11 4.111358764526944027e-10 1.508682025744749976e-10 7.880553884893144947e-12 6.987296542605098828e-14 7.998535381872560394e-17 5.040690636213114748e-21 7.786923632203336657e-27 2.463429773889710806e-36 4.858840587361873844e-55
5.226086956521739380e-01 6.805378781279269321e-11 3.909414037180691938e-10 1.829021022494498280e-10 1.270495472679108857e-11 1.541872093046345685e-13 2.523247654359765576e-16 2.459731900533088147e-20 6.424066463519103505e-26 4.376847789946349467e-35 3.321524029550704352e-53
5.359832775919732839e-01 5.259612279955561242e-11 3.642712772490381360e-10 2.149456674436127276e-10 1.962289263910777629e-11 3.222262806053001614e-13 7.446672091309216424e-16 1.106990646094160265e-19 4.807398171187725982e-25 6.889509616439689737e-34 1.931877282494523801e-51
5.493578595317726299e-01 4.017890080194306264e-11 3.329006739522481784e-10 2.452592762698824190e-10 2.909773951611417514e-11 6.393938023654523472e-13 2.062179049927736878e-15 4.610886155250212909e-19 3.276805946261836976e-24 9.655570819449492987e-33 9.621783893776157894e-50
5.627324414715719758e-01 3.035010073825208259e-11 2.986482848143479027e-10 2.721185839428461589e-10 4.150905973748595518e-11 1.207639701712421307e-12 5.374027954347168547e-15 1.783460319793752853e-18 2.042362909352090083e-23 1.210562101474210711e-31 4.128889377685853947e-48
5.761070234113713218e-01 2.267655832698017254e-11 2.632282317387133343e-10 2.939897136364656113e-10 5.707494650932121283e-11 2.176116491477890374e-12 1.321516491323937434e-14 6.426402352664962838e-18 1.168365255632491214e-22 1.363883631821387891e-30 1.535529406523245719e-46
5.894816053511705567e-01 1.676303812183099409e-11 2.281374464846221787e-10 3.096797791761478712e-10 7.577942667469183165e-11 3.749444194074736269e-12 3.074533334064839868e-14 2.163818272008078434e-17 6.156517163002656634e-22 1.386820843159698536e-29 4.976916765431724358e-45
6.028561872909699026e-01 1.226206048123587334e-11 1.945848578413327625e-10 3.184424501079590060e-10 9.731941318115835424e-11 6.190244563525833503e-12 6.784261203767617454e-14 6.827862130277072592e-17 2.998325615530090556e-21 1.277917101312170582e-28 1.413385375291771070e-43
6.162307692307692486e-01 8.876998644989649363e-12 1.634618449007393821e-10 3.200268772719188815e-10 1.210839521373040366e-10 9.812393406254634012e-12 1.423232849567841059e-13 2.024722088344156960e-16 1.354002011259967429e-20 1.071346754633813229e-27 3.534887827088137337e-42
6.296053511705685946e-01 6.360709158493979426e-12 1.353480333179930931e-10 3.146681052616642619e-10 1.461736700459449037e-10 1.496215523567206313e-11 2.845021798502260716e-13 5.657368385503992346e-16 5.687257093566808931e-20 8.202227036917003589e-27 7.823911938691575620e-41
6.429799331103679405e-01 4.511501533936591134e-12 1.105432885266757043e-10 3.030261077058382260e-10 1.714613641538298034e-10 2.198613033988516473e-11 5.430911402854328804e-13 1.493249503202038329e-15 2.228515652147771663e-19 5.755256200565315937e-26 1.539680588970210466e-39
6.563545150501672865e-01 3.167765376168786513e-12 8.911574668043229492e-11 2.860872303758624512e-10 1.956871702676313724e-10 3.118757243320985275e-11 9.920545760699407691e-13 3.732254524635395419e-15 8.169344693270848181e-19 3.713784707812420770e-25 2.706027305139717083e-38
6.697290969899666324e-01 2.202148096087828670e-12 7.095650728033025552e-11 2.650452563189560168e-10 2.175754014207854474e-10 4.277561439165836966e-11 1.737525469447020813e-12 8.853952764942546203e-15 2.809267339384933567e-18 2.211112234511411094e-24 4.265608128726053928e-37
6.831036789297659784e-01 1.515846548690243991e-12 5.583353580248551134e-11 2.411794282903988603e-10 2.359563620954042577e-10 5.681454203501295298e-11 2.923324516346711237e-12 1.997987200676558806e-14 9.085688869709163029e-18 1.218450165860421273e-23 6.055492515497266637e-36
6.964782608695653243e-01 1.033339271453268751e-12 4.343971317346200700e-11 2.157441457194377573e-10 2.498759210508389195e-10 7.318173502032819567e-11 4.733174354856991100e-12 4.297924120640603136e-14 2.770498371927123148e-17 6.233182409549253485e-23 7.772027278674095871e-35
7.098528428093645593e-01 6.977251973444284819e-13 3.343227814358732707e-11 1.898806815537230191e-10 2.586782882346962388e-10 9.154271257478070755e-11 7.387547752110657430e-12 8.831140663590011042e-14 7.984058271515181586e-17 2.968679762162743106e-22 9.052320874740560148e-34
7.232274247491639052e-01 4.667297399070969168e-13 2.546279822108281906e-11 1.645562516346769552e-10 2.620525037222806108e-10 1.113497307054084283e-10 1.113339801568203726e-11 1.736643449774690806e-13 2.179427167696726738e-16 1.319962809193129986e-21 9.602453236498461891e-33
7.366020066889632512e-01 3.093729691141070642e-13 1.919813439151688277e-11 1.405310994390740344e-10 2.600393889499479124e-10 1.318668817702835194e-10 1.622586921270515670e-11 3.274523332686302471e-13 5.647546761350775626e-16 5.493484411470834157e-21 9.308757503732822009e-32
7.499765886287625971e-01 2.032547461675694635e-13 1.433364572777923555e-11 1.183506163027563022e-10 2.530018142101743207e-10 1.522203385972083951e-10 2.290241280531041547e-11 5.930650776628177830e-13 1.392140440042359954e-15 2.145443808247683123e-20 8.274028873741160032e-31
7.633511705685619431e-01 1.323897042945659198e-13 1.060021263918731237e-11 9.835722426083758674e-11 2.415659956546193315e-10 1.714681631375732767e-10 3.135133439950534759e-11 1.033507451272273099e-12 3.271010331988361990e-15 7.881686390480881835e-20 6.764373977563892499e-30
7.767257525083612890e-01 8.551522078455205901e-14 7.766675325981139916e-12 8.071579987207735741e-11 2.265444655599148467e-10 1.886808392155463503e-10 4.167833045240751810e-11 1.735762063350313444e-12 7.339918456555049793e-15 2.729985834890889178e-19 5.101955488928702720e-29
7.901003344481606350e-01 5.479415123546014624e-14 5.639114414179674156e-12 6.544657408508187584e-11 2.088521712470402050e-10 2.030220269500194736e-10 5.387568009507109868e-11 2.813906898945693181e-12 1.575841304585659710e-14 8.935240443568786518e-19 3.560441388426009647e-28
8.034749163879598699e-01 3.483826218815646226e-14 4.058144773727211621e-12 5.246034956986694815e-11 1.894261003682607405e-10 2.138192328999887534e-10 6.779911847518982212e-11 4.409813332096860355e-12 3.242764967677601456e-14 2.769382705437946979e-18 2.305354638067493581e-27
8.168494983277592159e-01 2.198583605751846273e-14 2.895120090128371179e-12 4.159216425247623220e-11 1.691564504965221354e-10 2.206159968939016457e-10 8.315686752591665895e-11 6.690228861768215777e-12 6.406782160181432914e-14 8.144786058633367797e-18 1.388667731360010670e-26
8.302240802675585618e-01 1.377615813083463667e-14 2.047894966196858886e-12 3.263088868089850676e-11 1.488343279408444972e-10 2.232003295682398819e-10 9.951386834799166302e-11 9.839286656111011908e-12 1.217298429246149489e-13 2.277456450700765647e-17 7.801879733521823187e-26
8.435986622073579078e-01 8.573279572287186654e-15 1.436581659330874047e-12 2.534346064253248395e-11 1.291179044142265318e-10 2.216078167126938564e-10 1.163121756873937764e-10 1.404600492496094252e-11 2.227771530203882424e-13 6.066165454004437571e-17 4.098357775601225799e-25
8.569732441471572537e-01 5.300715769738963412e-15 9.995745126533320737e-13 1.949341709097929199e-11 1.105163596323953029e-10 2.161013365187061481e-10 1.329061160651060839e-10 1.948710030961809287e-11 3.932951312449244481e-13 1.541914382753813277e-16 2.017703907639911654e-24
8.703478260869565997e-01 3.257052353899495563e-15 6.899934964232420237e-13 1.485404688046758945e-11 9.338907033862332119e-11 2.071321378437781457e-10 1.486086140023492244e-10 2.630632801060739330e-11 6.707702476249634433e-13 3.746672422910355638e-16 9.331016710834652266e-24
8.837224080267559456e-01 1.989528453771581942e-15 4.726124383354961770e-13 1.121688032121766732e-11 7.795645147536033645e-11 1.952887477838703264e-10 1.627434541814930572e-10 3.459241222090853779e-11 1.106739531244805806e-12 8.717647362212849945e-16 4.062310328012840279e-23
8.970969899665552916e-01 1.208484904614143450e-15 3.212800993345815410e-13 8.396405875630500859e-12 6.431853833692376909e-11 1.812407148955083397e-10 1.746974474636820454e-10 4.435826116271784569e-11 1.768966587179468859e-12 1.945458995037683931e-15 1.668406295403594760e-22
9.104715719063546375e-01 7.301733518050716995e-16 2.168063855411746868e-13 6.231922817524709816e-12 5.247764979780621659e-11 1.656836752978378036e-10 1.839666087634730414e-10 5.552441481839302173e-11 2.742587117154786715e-12 4.170508130038252201e-15 6.477272298387631882e-22
9.238461538461538725e-01 4.389647327525933343e-16 1.452658630182974228e-13 4.587359739348801381e-12 4.236208668983055330e-11 1.492909336778138414e-10 1.901914574965618974e-10 6.790945851200937856e-11 4.129622855388369981e-12 8.601019747679602258e-15 2.381703643175852240e-21
9.372207357859532184e-01 2.626481600160657185e-16 9.666168368760050584e-14 3.349759627647804981e-12 3.384860137037210155e-11 1.326750314139229704e-10 1.931781904282112673e-10 8.122945004162292001e-11 6.046320975453199036e-12 1.708957567425351778e-14 8.309984972443717522e-21
9.505953177257525644e-01 1.564512779005462445e-16 6.389140130272766938e-14 2.426986783444751192e-12 2.678216909022311801e-11 1.163609718255815021e-10 1.929044365000621931e-10 9.510734411119880742e-11 8.617953749110543140e-12 3.275945969341275594e-14 2.756201440410729944e-20
9.639698996655519103e-01 9.280244833294950538e-17 4.195920394448767192e-14 1.745070820417891993e-12 2.099229437969512937e-11 1.007711625129376480e-10 1.895102484588579602e-10 1.090921232375349416e-10 1.197100427435145872e-11 6.066645809737292798e-14 8.705064733674161080e-20
9.773444816053512563e-01 5.483115331383878443e-17 2.738478872520959171e-14 1.245480212681406385e-12 1.630564101610032801e-11 8.622089341092335227e-11 1.832766265298405539e-10 1.226860681412676080e-10 1.622303557186574337e-11 1.086748391039708943e-13 2.622452918476272476e-19
9.907190635451506022e-01 3.227687409626295677e-17 1.776601594884459552e-14 8.825172904069126106e-13 1.255516668725427587e-11 7.292237115805220165e-11 1.745950051232513091e-10 1.353775306443989628e-10 2.147093661634416706e-11 1.885473755239866453e-13 7.547719707190774023e-19
1.004093645484949837e+00 1.893462166505545227e-17 1.145962879636358455e-14 6.209486400725899830e-13 9.586184944918069578e-12 6.099496420871648400e-11 1.639316760465458483e-10 1.466758747854265650e-10 2.777859157784181654e-11 3.172103834459205084e-13 2.078588431035498679e-18
1.017468227424749072e+00 1.107195288315535785e-17 7.351094937316489261e-15 4.339274933068641563e-13 7.259894308639616887e-12 5.047930785763406530e-11 1.517910897655233729e-10 1.561450234167778221e-10 3.516526071406160588e-11 5.181035444553696942e-13 5.485471216013943561e-18
1.030842809364548529e+00 6.454937728517889175e-18 4.690671654676371246e-15 3.012246716017731901e-13 5.454939726533622362e-12 4.135317253478303908e-11 1.386814732604207780e-10 1.634323009854863940e-10 4.359604171998438903e-11 8.224665867027373120e-13 1.389238647917494703e-17
1.044217391304347764e+00 3.752791106057414800e-18 2.977962197995857431e-15 2.077584901476683213e-13 4.067536138566174463e-12 3.354740548521561487e-11 1.250853831473506537e-10 1.682899326633925254e-10 5.297567439736289479e-11 1.270360549644374906e-12 3.381114177273004355e-17
1.057591973244147221e+00 2.176216175605418642e-18 1.881494231011045707e-15 1.423984047281487449e-13 3.010613852229624581e-12 2.696072085234199140e-11 1.114368454466463690e-10 1.705875194258817432e-10 6.314666653071268094e-11 1.911183007790937981e-12 7.918523893058115023e-17
1.070966555183946456e+00 1.258990295634751284e-18 1.183268019228007464e-15 9.700923506539909368e-14 2.212360751135133840e-12 2.147256416810853771e-11 9.810577312373109171e-11 1.703148993978645126e-10 7.389229208756652338e-11 2.803427414329973953e-12 1.786862318131991710e-16
1.084341137123745691e+00 7.267741889764144691e-19 7.408924673089411866e-16 6.570015430795691897e-14 1.614450704190480678e-12 1.695366752268464087e-11 8.538951810727448961e-11 1.675758665164620119e-10 8.494450374753961259e-11 4.013467107947514777e-12 3.889932379448353561e-16
1.097715719063545148e+00 4.187108094631939071e-19 4.619686354881208393e-16 4.424344393754171794e-14 1.170169295826449365e-12 1.327421765077904239e-11 7.351077948499113174e-11 1.625741108741029189e-10 9.599628055998765467e-11 5.613219099355942223e-12 8.179376398211476467e-16
1.111090301003344383e+00 2.407931023827790445e-19 2.869105431665932955e-16 2.963088055133436443e-14 8.425814333589291306e-13 1.030977557137010528e-11 6.262068267822312221e-11 1.555933759258235217e-10 1.067174670331554790e-10 7.676657905543290418e-12 1.663147814251987117e-15
1.124464882943143840e+00 1.382495235622298389e-19 1.775197023506965885e-16 1.973953856263497602e-14 6.028319138700105795e-13 7.945220487053306136e-12 5.280565690065624505e-11 1.469741518030148762e-10 1.167728089276550556e-10 1.027529293108863577e-11 3.273877193752130096e-15
1.137839464882943075e+00 7.925825732079885044e-20 1.094459703105249456e-16 1.308306863109567500e-14 4.286292334852072318e-13 6.077056635224291269e-12 4.409673538436519827e-11 1.370892464227388005e-10 1.258406909545036898e-10 1.347287422381408850e-11 6.245783804409134899e-15
1.151214046822742532e+00 4.537904033344497755e-20 6.724980063720621203e-17 8.628698659270239977e-15 3.029333613532373954e-13 4.614436544098173264e-12 3.648003611750359846e-11 1.263203422558142770e-10 1.336310474752824688e-10 1.731972674488002696e-11 1.156008910420847967e-14
1.164588628762541767e+00 2.595146216861647833e-20 4.119104034892366887e-17 5.664039120895867317e-15 2.128479949771258212e-13 3.479234083868105037e-12 2.990739842776469920e-11 1.150372280715879456e-10 1.399010422662095689e-10 2.184720897946019298e-11 2.077910870926194683e-14
1.177963210702341001e+00 1.482610927071812349e-20 2.515447299522740286e-17 3.701125469943491802e-15 1.487050008995210215e-13 2.605459954966585923e-12 2.430640567051348379e-11 1.035808741034619736e-10 1.444673721193063032e-10 2.706282949235363271e-11 3.630879337873443188e-14
1.191337792642140458e+00 8.462757069371387749e-21 1.531814524309243043e-17 2.407955006707896774e-15 1.033215036169274933e-13 1.938261900802767222e-12 1.958927906666491959e-11 9.225097521455209620e-11 1.472144031288798222e-10 3.294652582180922852e-11 6.173479744728670197e-14
1.204712374581939693e+00 4.826961104023304604e-21 9.303600689575853466e-18 1.560088265259718245e-15 7.140684495492961429e-14 1.432699907280950064e-12 1.566035630377903886e-11 8.129808565118120553e-11 1.480977526547323046e-10 3.944851599481197462e-11 1.022310377166089263e-13
1.218086956521739150e+00 2.751493276062069211e-21 5.636673960783406932e-18 1.006732784355714602e-15 4.909611398150783133e-14 1.052438088860466754e-12 1.242205584265835858e-11 7.092005720300843632e-11 1.471433380256506347e-10 4.648898682348952134e-11 1.650284894927114322e-13
1.231461538461538385e+00 1.567649490968414927e-21 3.407159363034464821e-18 6.471726106939724222e-16 3.358814579199166520e-14 7.684527328115806648e-13 9.779368253457905322e-12 6.126219514375341560e-11 1.444422833881314452e-10 5.395970609641620311e-11 2.599175461427608444e-13
1.244836120401337842e+00 8.928246535996025706e-22 2.055076737860366801e-18 4.145167698595162170e-16 2.286806291792485065e-14 5.578212768504874134e-13 7.643010546070740304e-12 5.242036883553097254e-11 1.401423756584119874e-10 6.172746297051180493e-11 3.997409626297060715e-13
1.258210702341137077e+00 5.083569109093923473e-22 1.237074336079430393e-18 2.645780372265636134e-16 1.549705736822060580e-14 4.026298901260318807e-13 5.931434002384855196e-12 4.444624660665093645e-11 1.344369674921496042e-10 6.963907683319654314e-11 6.008184104983437343e-13
1.271585284280936534e+00 2.894031005573011481e-22 7.432921596661866587e-19 1.683167105969199708e-16 1.045482861819299634e-14 2.890171781509727857e-13 4.571898369238434000e-12 3.735384753857805606e-11 1.275523300489000510e-10 7.752758934182870487e-11 8.832308825884802834e-13
1.284959866220735769e+00 1.647456757544357574e-22 4.458419617284074787e-19 1.067413862538125222e-16 7.022679994855643935e-15 2.063573435746653999e-13 3.500823920119652829e-12 3.112669120403610785e-11 1.197344634474604128e-10 8.521917924577876845e-11 1.270886776454849347e-12
1.298334448160535004e+00 9.378725312354122757e-23 2.670050256749422233e-19 6.748998112594329433e-17 4.697607183566057496e-15 1.465767869497989585e-13 2.663615771469163701e-12 2.572495468131403524e-11 1.112362906014248504e-10 9.254031812852326572e-11 1.791294337137292220e-12
1.311709030100334461e+00 5.339901253300080630e-23 1.596733342337706222e-19 4.255137726035993988e-17 3.129730832640711412e-15 1.035925319099296939e-13 2.014128661694280500e-12 2.109219146960261506e-11 1.023060103459276986e-10 9.932471241534441255e-11 2.474979187323273304e-12
1.325083612040133696e+00 3.041032865126945972e-23 9.536194723823670742e-20 2.675598977986757579e-17 2.077118821857938153e-15 7.285802815121449384e-14 1.513910398593551213e-12 1.716131096641252780e-11 9.317719226648141983e-11 1.054196418752313686e-10 3.354511323310069573e-12
1.338458193979933153e+00 1.732385738919025970e-23 5.688540702272325907e-20 1.678127634557362625e-17 1.373429159545608297e-15 5.100099825403998917e-14 1.131332100685767248e-12 1.385964700977073101e-11 8.406098309403938226e-11 1.106913932151631746e-10 4.463141723368431569e-12
1.351832775919732388e+00 9.872772581187659865e-24 3.389697948387065287e-20 1.049995041032268198e-17 9.049136187338556511e-16 3.553838962194487866e-14 8.406856290011065747e-13 1.111305191562720607e-11 7.514058556097523479e-11 1.150295847766801712e-10 5.833091189670248506e-12
1.365207357859531845e+00 5.629094693829923388e-24 2.017924571885185862e-20 6.554925561116475114e-18 5.941937789486649629e-16 2.465466444116373131e-14 6.213045861406053136e-13 8.849035212219116130e-12 6.656798362990440972e-11 1.183502725061970136e-10 7.493578233471343909e-12
1.378581939799331080e+00 3.211257713923902334e-24 1.200273542376176515e-20 4.083426627064058867e-18 3.888947990509882694e-16 1.703123797395112719e-14 4.567455018560483713e-13 6.999024082597274797e-12 5.846273592265909121e-11 1.205978096479541203e-10 9.468712832322430545e-12
1.391956521739130537e+00 1.833073013049038092e-24 7.133993333482866794e-21 2.538719447580536370e-18 2.537353030933481049e-16 1.171660037412392288e-14 3.340503246360901705e-13 5.499857897668748107e-12 5.091254901606937262e-11 1.217454985128580207e-10 1.177541288182183066e-11
1.405331103678929772e+00 1.047084547993177349e-24 4.237467435700215258e-21 1.575405636363326848e-18 1.650573035700458947e-16 8.028359930119357983e-15 2.430997434772587486e-13 4.294645995454138264e-12 4.397527556546245595e-11 1.217951214496947786e-10 1.442151527954423324e-11
1.418705685618729007e+00 5.985619953226753219e-25 2.515611771859509241e-21 9.759125194297735242e-19 1.070662797504006493e-16 5.480023663825768298e-15 1.760586332605213736e-13 3.333120372582567944e-12 3.768195596507187619e-11 1.207754717315325534e-10 1.740425080614480240e-11
1.432080267558528464e+00 3.424432647507171138e-25 1.492743409870355426e-21 6.035616045610195114e-19 6.926159198933508339e-17 3.726730578549140836e-15 1.269094418677320817e-13 2.571607431993922659e-12 3.204053021436051046e-11 1.187400268263395740e-10 2.070923068632448849e-11
1.445454849498327698e+00 1.960855809580518606e-25 8.854624649680246965e-22 3.727128045422942177e-19 4.468999670645918278e-17 2.525353093639325517e-15 9.106601743194681038e-14 1.972729121298481987e-12 2.703988072570952316e-11 1.157639199983399234e-10 2.431005482777552998e-11
1.458829431438127155e+00 1.123839918648429440e-25 5.250929894778637489e-22 2.298355376834469803e-19 2.876478930217754278e-17 1.705384634707461059e-15 6.505866615010937837e-14 1.504926761267634657e-12 2.265391828778595194e-11 1.119403742270611939e-10 2.816860140595214789e-11
1.472204013377926390e+00 6.447451328120563710e-26 3.113289433251668448e-22 1.415457385154077372e-19 1.847134989531151875e-17 1.147850295071169701e-15 4.628067088986002782e-14 1.141882925981436922e-12 1.884548403950798023e-11 1.073767666951529862e-10 3.223600045292739201e-11
1.485578595317725847e+00 3.702699382347205796e-26 1.845672760746658273e-22 8.706792915498930068e-20 1.183517797244075289e-17 7.701340433232535789e-16 3.278671148787178144e-14 8.618995174098691777e-13 1.556990303042526020e-11 1.021904930235088398e-10 3.645423692453188344e-11
1.498953177257525082e+00 2.128709817982204691e-26 1.094145726645371202e-22 5.349891495186957484e-20 7.567291205437952945e-18 5.151337396925443887e-16 2.313431625647350528e-14 6.472746950227067457e-13 1.277808424207571237e-11 9.650479753655932470e-11 4.075827766377814323e-11
1.512327759197324317e+00 1.225185742716982228e-26 6.486536910780601144e-23 3.283969747118651093e-20 4.828864264546051881e-18 3.435576562626281183e-16 1.626042281359358599e-14 4.837081086314196450e-13 1.041911402734057976e-11 9.044472819211200148e-11 4.507857700147168380e-11
1.525702341137123774e+00 7.059821324230077212e-27 3.845905323897528855e-23 2.014008853800657187e-20 3.075646963284980388e-18 2.284848958187822745e-16 1.138618007806773644e-14 3.597531128199955937e-13 8.442332616298184695e-12 8.413336155139734854e-11 4.934379101017410049e-11
1.539076923076923009e+00 4.072955646301351525e-27 2.280666167421565430e-23 1.234158387719225167e-20 1.955516978604884207e-18 1.515460969672254375e-16 7.944178001063981676e-15 2.663262390130420684e-13 6.798915847040680075e-12 7.768842393099965662e-11 5.348352222422129908e-11
1.552451505016722466e+00 2.352701479884648747e-27 1.352790524282359002e-23 7.557281515680447117e-21 1.241268320854403931e-18 1.002562523379636293e-16 5.523282264289718787e-15 1.962779381198695000e-13 5.443006890001120803e-12 7.121941004184109210e-11 5.743092451076372284e-11
1.565826086956521701e+00 1.360759096005832663e-27 8.026610563282187832e-24 4.624683723924299637e-21 7.866703109230107858e-19 6.616168648556021797e-17 3.827141533534278908e-15 1.440241747533086931e-13 4.332456467260654926e-12 6.482527113692987702e-11 6.112501953493991248e-11
1.579200668896321158e+00 7.880761814965950512e-28 4.764228981777834858e-24 2.828495428911148190e-21 4.978351919773573711e-19 4.355899759587151799e-17 2.643209034167411733e-15 1.052355190974560470e-13 3.429236380339611569e-12 5.859271276476546981e-11 6.451260844366951287e-11
1.592575250836120393e+00 4.570273018840431996e-28 2.829024860128842798e-24 1.729099373537064615e-21 3.146194976416870925e-19 2.861357313135756125e-17 1.819775961444409147e-15 7.657862031368120783e-14 2.699591683144719567e-12 5.259510985784684608e-11 6.754970083738854803e-11
1.605949832775919628e+00 2.654096756227893602e-28 1.680693307876072874e-24 1.056594293724134487e-21 1.985788936414007217e-19 1.875576554394399350e-17 1.249057803083586507e-15 5.550406330131173752e-14 2.113993182832547954e-12 4.689201635502079393e-11 7.020242353177021773e-11
1.619324414715719085e+00 1.543494026277590688e-28 9.990117825421608800e-25 6.454342861813713033e-22 1.251892196085448850e-19 1.226903602016210695e-17 8.548170431687462759e-16 4.007435867234330115e-14 1.646945578766326636e-12 4.152921992015570619e-11 7.244741014621807719e-11
1.632698996655518320e+00 8.989157030692493824e-29 5.941622793438989237e-25 3.941683516023561795e-22 7.883606571265555738e-20 8.010181963789640738e-18 5.833600846464671156e-16 2.882598993377737806e-14 1.276698686717023520e-12 3.653927117294542628e-11 7.427170606929312196e-11
1.646073578595317777e+00 5.242884914976736910e-29 3.536004677830082511e-25 2.406726801420738909e-22 4.959566438612905666e-20 5.220028348811269107e-18 3.970261273248588488e-16 2.065988238556743270e-14 9.849008090318084351e-13 3.194240217409664418e-11 7.567224969852993064e-11
1.659448160535117012e+00 3.062456287582048038e-29 2.105784535639833597e-25 1.469316858690458940e-22 3.117157033583133619e-20 3.395807249108652266e-18 2.695040554376448946e-16 1.475524515045037744e-14 7.562251102549112600e-13 2.774774103039625010e-11 7.665500892649844124e-11
1.672822742474916469e+00 1.791545856684540009e-29 1.254953320454899611e-25 8.969639966704722957e-23 1.957510780842810579e-20 2.205428371550958417e-18 1.824817448741722635e-16 1.050238479978155732e-14 5.779923167305501812e-13 2.395472811186237842e-11 7.723386150531922118e-11
1.686197324414715704e+00 1.049673057880875055e-29 7.484660493754752183e-26 5.475599702704015004e-23 1.228325219280134585e-20 1.430084288488129893e-18 1.232606853927209961e-16 7.450737355088418428e-15 4.398064568989609499e-13 2.055464370519958772e-11 7.742930982400323694e-11
1.699571906354515161e+00 6.159668137036694129e-30 4.467505336230651349e-26 3.342802912260619530e-23 7.702264671989199416e-21 9.259488638725189709e-19 8.306593623927701753e-17 5.268977499269157778e-15 3.332148207617110810e-13 1.753216581557183942e-11 7.726711600693576500e-11
1.712946488294314396e+00 3.620313791479865785e-30 2.668844469308965079e-26 2.040969787466157503e-23 4.826701737264192357e-21 5.986954473021889254e-19 5.585420261879310239e-17 3.714618081922153422e-15 2.513988533228198734e-13 1.486688893827005392e-11 7.677693365311245868e-11
1.726321070234113630e+00 2.131222087104004025e-30 1.595742022601870901e-26 1.246328450803630658e-23 3.023009510709295474e-21 3.865933336242546562e-19 3.747689519204435923e-17 2.610999389063513773e-15 1.888992418121710376e-13 1.253474859114397866e-11 7.599099966326969704e-11
1.739695652173913087e+00 1.256643930546302330e-30 9.549895674602913077e-27 7.612391039455245509e-24 1.892407532065855106e-21 2.493257170549647949e-19 2.509490996143020697e-17 1.829983960789166870e-15 1.413758978621075361e-13 1.050931096691392978e-11 7.494293505410491097e-11
1.753070234113712322e+00 7.421706105624675966e-31 5.720654277847631612e-27 4.650760503579145262e-24 1.184142683455611099e-21 1.606119921005294280e-19 1.677105916855103938e-17 1.279021819288662125e-15 1.054017386002877577e-13 8.762901164709294015e-12 7.366668883903220137e-11
1.766444816053511779e+00 4.390456994399120039e-31 3.430187321520336543e-27 2.842248167021142275e-24 7.406871087407574925e-22 1.033522481446768716e-19 1.118731250780874751e-17 8.915386073118294010e-16 7.828799465979141716e-14 7.267556272805695069e-12 7.219564508101043088e-11
1.779819397993311014e+00 2.601573999039913584e-31 2.058867108024455958e-27 1.737621457370362427e-24 4.631622674131189658e-22 6.643927575132401111e-20 7.449346902367235079e-18 6.198325879186185881e-16 5.793808472857579652e-14 5.995800544872580692e-12 7.056190089353031850e-11
1.793193979933110471e+00 1.544147224779109117e-31 1.237057243679785700e-27 1.062729528955377901e-24 2.895506569719204987e-22 4.267011883951663117e-20 4.951919903216814192e-18 4.298534159178685551e-16 4.272677548035840602e-14 4.921248738509342844e-12 6.879571296663454353e-11
1.806568561872909706e+00 9.180629461478510079e-32 7.440709349502344259e-28 6.502542790261353446e-25 1.809811875653070051e-22 2.738084822085374272e-20 3.286449482345935240e-18 2.973835422161938942e-16 3.140128985106116024e-14 4.019050286252487326e-12 6.692510233362564332e-11
1.819943143812709163e+00 5.467543041045582115e-32 4.480365323714617623e-28 3.980653243202927260e-25 1.131054326731496178e-22 1.755590450551142048e-20 2.177771613909030001e-18 2.052589371990909310e-16 2.300115128157888697e-14 3.266191439754089244e-12 6.497560155236584683e-11
1.833317725752508398e+00 3.261762529447766647e-32 2.700834549860531288e-28 2.438109435485039005e-25 7.068015458232179754e-23 1.124814987871751725e-20 1.440996592775271789e-18 1.413556062095483918e-16 1.679379002140257525e-14 2.641675087431813034e-12 6.297012506738220170e-11
1.846692307692307633e+00 1.949202036925938632e-32 1.629965402348869644e-28 1.494156682848989676e-25 4.416696501292734371e-23 7.201915148320000953e-21 9.521627891669072657e-19 9.713734614463906823e-17 1.222323908846089093e-14 2.126598892232925123e-12 6.092894195132624981e-11
1.860066889632107090e+00 1.166834923376598256e-32 9.848373531938625403e-29 9.162181883670423158e-26 2.759973697459159150e-23 4.608403918933169637e-21 6.283312099551297668e-19 6.661273966866800327e-17 8.869574895980193777e-15 1.704152062286514845e-12 5.886973014658303352e-11
1.873441471571906325e+00 6.997023688227033059e-33 5.957523011941840690e-29 5.621815430733345677e-26 1.724805705228484229e-23 2.947233179172292709e-21 4.141197651557917835e-19 4.558910565834268460e-17 6.417085040933602305e-15 1.359549787432247603e-12 5.680769237646702300e-11
1.886816053511705782e+00 4.203118395578801433e-33 3.608202675220962886e-29 3.451784192297761557e-26 1.078010705946370953e-23 1.883930492436704625e-21 2.726171043854349363e-19 3.114093465961417720e-17 4.629456391046964312e-15 1.079922459421060402e-12 5.475571572560627292e-11
1.900190635451505017e+00 2.529221918296969781e-33 2.188006085078323661e-29 2.120869480403698569e-26 6.738647331623857877e-24 1.203721134284930498e-21 1.792665151369746789e-19 2.123255830124087894e-17 3.330560331473640457e-15 8.541745134725661519e-13 5.272455919589722455e-11
1.913565217391304474e+00 1.524620180125727928e-33 1.328453976024293889e-29 1.304069707351729585e-26 4.213156227984862363e-24 7.688134710688638131e-22 1.177585698992859786e-19 1.445125894589397751e-17 2.389663788658378313e-15 6.728253058096345564e-13 5.072305607456535648e-11
1.926939799331103709e+00 9.206570818926699122e-34 8.075927986468822988e-30 8.024481400558936446e-27 2.634785954456750402e-24 4.908772304051780975e-22 7.727886062637502278e-20 9.819141934874085661e-18 1.710112929584795250e-15 5.278420469438598282e-13 4.875832050692013936e-11
1.940314381270902944e+00 5.569259547514128623e-34 4.915791302165377442e-30 4.941680434977495500e-27 1.648174438801834327e-24 3.133311628652837106e-22 5.066762583761403268e-20 6.660962314515101502e-18 1.220722094850880500e-15 4.124725665474489335e-13 4.683595010457007093e-11
1.953688963210702401e+00 3.374907686981194995e-34 2.996099618124911545e-30 3.045688940175091945e-27 1.031329793471925128e-24 1.999559750709535726e-22 3.319159579558918153e-20 4.511556100909294187e-18 8.692558812274383813e-16 3.210836722792119040e-13 4.496021864448695196e-11
1.967063545150501636e+00 2.048766767006300126e-34 1.828467434716771535e-30 1.878714694863220441e-27 6.455715771604613062e-25 1.275809654508515957e-22 2.172595110369862781e-20 3.051204684991462296e-18 6.175204583587231571e-16 2.490091253755246157e-13 4.313425486955382214e-11
1.980438127090301093e+00 1.245920656888778193e-34 1.117358054714696495e-30 1.159875091999256313e-27 4.042583461014185970e-25 8.139130818636973301e-23 1.421042909190933843e-20 2.060633998497377517e-18 4.376846268145722189e-16 1.924098050927170195e-13 4.136020506235098299e-11
1.993812709030100327e+00 7.590254241866054806e-35 6.837184209277576466e-31 7.167157603129960676e-28 2.532538678889641982e-25 5.191945399954783966e-23 9.288322014338121594e-21 1.389770747463531910e-18 3.095352522664774147e-16 1.481474659870828448e-13 3.963937842859537019e-11
2.007187290969899784e+00 4.632238779552124089e-35 4.189355998324320806e-31 4.432796723733895176e-28 1.587266574381028866e-25 3.311774931371456032e-23 6.067255448865540853e-21 9.361077109244986726e-19 2.184388041602813050e-16 1.136725858685539736e-13 3.797237540725069081e-11
2.020561872909699019e+00 2.832008971503149498e-35 2.570438858976289057e-31 2.744183552410195235e-28 9.953000075683575452e-26 2.112458453414095392e-23 3.960908823257868409e-21 6.297609405011527655e-19 1.538337435049115352e-16 8.692612856823381908e-14 3.635919984185793796e-11
2.033936454849498254e+00 1.734473121383690686e-35 1.579290244441570016e-31 1.700442320448087788e-28 6.244269557665164641e-26 1.347502750991300228e-23 2.584442717805710516e-21 4.231741095184283268e-19 1.081200425826910249e-16 6.625457061377873604e-14 3.479935652704974838e-11
2.047311036789297489e+00 1.064166986012914497e-35 9.716629038992188755e-32 1.054708827380628282e-28 3.919633162120225501e-26 8.596113599309321395e-24 1.685504020809383337e-21 2.840413068348388838e-19 7.584440991368626445e-17 5.033722979974219723e-14 3.329193601152459223e-11
2.060685618729097168e+00 6.540652204748055832e-36 5.986490876611707756e-32 6.548371517025702377e-29 2.461826894354617328e-26 5.484309417642039264e-24 1.098763405648650337e-21 1.904530335884601459e-19 5.310471293405852727e-17 3.812475325070785466e-14 3.183568871946998913e-11
2.074060200668896403e+00 4.027179889695319817e-36 3.693480523095768600e-32 4.069788508371989989e-29 1.547139956075598211e-26 3.499490655139365797e-24 7.159953156152199735e-22 1.275741168765272979e-19 3.711619077689463874e-17 2.878754270864225549e-14 3.042909047118699244e-11
2.087434782608695638e+00 2.483986098546257987e-36 2.281968090506969511e-32 2.531952480099326675e-29 9.729105990415848668e-27 2.233397624778404542e-24 4.664093749924683751e-22 8.537470486438297969e-20 2.589659604538118051e-17 2.167288911278671385e-14 2.907040136458828994e-11
2.100809364548494873e+00 1.534845792095674840e-36 1.411876807034552671e-32 1.576853922139691498e-29 6.122070260974714888e-27 1.425674246680362985e-24 3.037346755853572223e-22 5.708354111336651354e-20 1.803841681529392330e-17 1.626963496147613148e-14 2.775771974667181300e-11
2.114183946488294552e+00 9.500510253198992033e-37 8.747833079400373266e-33 9.830741090233182307e-30 3.854926494425811196e-27 9.102942934463612408e-25 1.977469743231499845e-22 3.813555966922832218e-20 1.254461993363893576e-17 1.217926348281960343e-14 2.648903268331714455e-11
2.127558528428093787e+00 5.891077037261373322e-37 5.427793760382225426e-33 6.135448106513777277e-30 2.429048980585693987e-27 5.813856753994959459e-25 1.287156900095222513e-22 2.545709045954225604e-20 8.710563819784294353e-18 9.092414184028362194e-15 2.526226395358816581e-11
2.140933110367893022e+00 3.659374943673632360e-37 3.372623324985785904e-33 3.833342101419383669e-30 1.531681210640453796e-27 3.714335097979934437e-25 8.376769545616148460e-23 1.698119123339791039e-20 6.039353225747271601e-18 6.769934203425065999e-15 2.407532017934541861e-11
2.154307692307692257e+00 2.277100863886387593e-37 2.098631815789420910e-33 2.397650374674219846e-30 9.665439684882233146e-28 2.373804135256693054e-25 5.450819807955266132e-23 1.131954695754523732e-20 4.181336947611247207e-18 5.027686273251347154e-15 2.292613528144252648e-11
2.167682274247491492e+00 1.419447580311391337e-37 1.307767739379789582e-33 1.501331291043941895e-30 6.103862814369327657e-28 1.517637597374431378e-25 3.546528832962476186e-23 7.540699817921750151e-21 2.890979931445513291e-18 3.724441630800063453e-15 2.181271305886550290e-11
2.181056856187291171e+00 8.863732500972181873e-38 8.161176570976268333e-34 9.411411411862940759e-31 3.857680634534865528e-28 9.706498317037983036e-26 2.307370370401544335e-23 5.020369051857766992e-21 1.996200760703649021e-18 2.752286414831447103e-15 2.073316734383542061e-11
2.194431438127090406e+00 5.544628521976272987e-38 5.100401300314308047e-34 5.906434300707147750e-31 2.440024699737559256e-28 6.210690637501190099e-26 1.501130763994135508e-23 3.340566791128662695e-21 1.376626404604589379e-18 2.029060949221096597e-15 1.968575891746687798e-11
2.207806020066889641e+00 3.474441685329173653e-38 3.192175642636041495e-34 3.711017311589026227e-31 1.544601195950440762e-28 3.975677097786840591e-26 9.766116832629371015e-24 2.221691857624895115e-21 9.482081591960530541e-19 1.492431935264974949e-15 1.866892819505776737e-11
2.221180602006688876e+00 2.180983986852415548e-38 2.000789141107453159e-34 2.334328083195753400e-31 9.785885310852507001e-29 2.546167054432476801e-26 6.353920844814858553e-24 1.476878447610152775e-21 6.523631850417107151e-19 1.095267816728719595e-15 1.768132261865909912e-11
2.234555183946488555e+00 1.371427396950649199e-38 1.255882613243588581e-34 1.470063851467996557e-31 6.205154317768838960e-29 1.631464292090767437e-26 4.134205405364817601e-24 9.813424144494097961e-22 4.483274155112037339e-19 8.020478438899263532e-16 1.672181773061730905e-11
2.247929765886287790e+00 8.638612191594102748e-39 7.894613261541915183e-35 9.268719231683238517e-32 3.938043894836997221e-29 1.045907001189941489e-26 2.690209493400604919e-24 6.518210961615091663e-22 3.077816121774486455e-19 5.860863721127870196e-16 1.578953104055708088e-11
2.261304347826087024e+00 5.450844245651111454e-39 4.969898199140835915e-35 5.850811162162984503e-32 2.501442428995992659e-29 6.708770793224654778e-27 1.750801708213752957e-24 4.327977002835673915e-22 2.110826259045917314e-19 4.273965979579776105e-16 1.488382802729894502e-11
2.274678929765886259e+00 3.445322983890560109e-39 3.133282291315564266e-35 3.697674162041040553e-32 1.590335185686061534e-29 4.305627372473264132e-27 1.139612566225838321e-24 2.872806453426380957e-22 1.446256036328133189e-19 3.110532485407994646e-16 1.400431991734550346e-11
2.288053511705685494e+00 2.181424248057753922e-39 1.978278254202083516e-35 2.339702059908978234e-32 1.012001002704225702e-29 2.764918952799197936e-27 7.419234510428387714e-25 1.906375426222581584e-22 9.900125730336283333e-20 2.259426862582326399e-16 1.315085322869480102e-11
2.301428093645485173e+00 1.383540666803625935e-39 1.250867556709749853e-35 1.482227226063860978e-32 6.445743057040015167e-30 1.776598901646833098e-27 4.831192830929706140e-25 1.264755107660908337e-22 6.771089302192928106e-20 1.638124119622946605e-16 1.232349143582528768e-11
2.314802675585284408e+00 8.789877340520657009e-40 7.920844979469420597e-36 9.401433336494553837e-33 4.109322230338489394e-30 1.142261696145398626e-27 3.146693707293802420e-25 8.389098148234374395e-23 4.627193812867425599e-20 1.185509089200453112e-16 1.152248947109840494e-11
2.328177257525083643e+00 5.593842267425689738e-40 5.023054985194708441e-36 5.970366080555623381e-33 2.622271790672874893e-30 7.348843308765242531e-28 2.050078297331854400e-25 5.563516564274815239e-23 3.159633511582418262e-20 8.564393895805182394e-17 1.074826210353291918e-11
2.341551839464882878e+00 3.565919110784619557e-40 3.190071764857292832e-36 3.796101519919570866e-33 1.674944403585587265e-30 4.731045410351331607e-28 1.336020099169358752e-25 3.689120269072561485e-23 2.155925304606853099e-20 6.176545519092450012e-17 1.000134750555704637e-11
2.354926421404682113e+00 2.277004648430871319e-40 2.028938207080536169e-36 2.416611404940303693e-33 1.070885231228012551e-30 3.047805953203178409e-28 8.709484322958569381e-26 2.445959158078897721e-23 1.470030522392181869e-20 4.447081122823673297e-17 9.282367514788558678e-12
2.368301003344481792e+00 1.456413622640930644e-40 1.292327712870689558e-36 1.540316512539824833e-33 6.853457509533456616e-31 1.964792102240565488e-28 5.679613672301691591e-26 1.621592752310350582e-23 1.001686618113602756e-20 3.196741371192959937e-17 8.591986210237869698e-12
2.381675585284281027e+00 9.331062570052534221e-41 8.243496773953782175e-37 9.829900060257337491e-34 4.390409017771492653e-31 1.267511006483974192e-28 3.705115237427127098e-26 1.075012364780232587e-23 6.821298894977467145e-21 2.294379129053283928e-17 7.930868446360856887e-12
2.395050167224080262e+00 5.988252958387272685e-41 5.266046164117736185e-37 6.280957915072347399e-34 2.815351887898121762e-31 8.182748470508494095e-29 2.417968042902309932e-26 7.126506523971368625e-24 4.642462144397689106e-21 1.644257491922669277e-17 7.299639926410050262e-12
2.408424749163879497e+00 3.849363300436998327e-41 3.368926353062512121e-37 4.018295076263243818e-34 1.807160013446398759e-31 5.286463192925524151e-29 1.578608127470328402e-26 4.724366745844076294e-24 3.157851723453482529e-21 1.176637603471533118e-17 6.698850256683862919e-12
2.421799331103679176e+00 2.478531279806022330e-41 2.158396491071762680e-37 2.573939211898793534e-34 1.161182085207439353e-31 3.417871590331906439e-29 1.031054866210040020e-26 3.132030490125667511e-24 2.146904653616915027e-21 8.408232471328562271e-18 6.128940218409878377e-12
2.435173913043478411e+00 1.598503570523229542e-41 1.384850461396872799e-37 1.650807667161270464e-34 7.468737880272870635e-32 2.211446893726953187e-29 6.737228982188487959e-27 2.076515815943634117e-24 1.458903746673556399e-21 6.000344734391976064e-18 5.590214240333357635e-12
2.448548494983277646e+00 1.032626917837109969e-41 8.898267861124684122e-38 1.060077137569084241e-34 4.808841585420760145e-32 1.431967024011170116e-29 4.404342328978190679e-27 1.376836834252100398e-24 9.909419082688259715e-22 4.276388830259721853e-18 5.082818770671524247e-12
2.461923076923076881e+00 6.681604683152281584e-42 5.725822986845037912e-38 6.815884016790328757e-35 3.099438985281540670e-32 9.279626707745378392e-30 2.880639487797132492e-27 9.130160995295175865e-25 6.728091133224327498e-22 3.043877940876039176e-18 4.606726950361019866e-12
2.475297658862876116e+00 4.330344593695140906e-42 3.689767731225694811e-38 4.387846717983107234e-35 1.999760148556195104e-32 6.018302535485991073e-30 1.885004618220920715e-27 6.055270610020049903e-25 4.566376549743877697e-22 2.163941435811839388e-18 4.161729697910875500e-12
2.488672240802675795e+00 2.811028748496726930e-42 2.381154331730351525e-38 2.828302844323858315e-35 1.291598652018013331e-32 3.906324900283178975e-30 1.234124322117639088e-27 4.016594225160315036e-25 3.098143113763839415e-22 1.536564350706644233e-18 3.747433045040736038e-12
2.502046822742475030e+00 1.827704734713192240e-42 1.538870677768053162e-38 1.825349913702304674e-35 8.350925414976151963e-33 2.537570704590960997e-30 8.084170192633862863e-28 2.664780611100488531e-25 2.101331101708187147e-22 1.089836490442528033e-18 3.363261324099332293e-12
2.515421404682274265e+00 1.190258920699340835e-42 9.959587478940697059e-39 1.179539633877835395e-35 5.405069806210188068e-33 1.649786661991906591e-30 5.298449954098211918e-28 1.768290340071974654e-25 1.424832379723555635e-22 7.721385784489289798e-19 3.008465612107383948e-12
2.528795986622073499e+00 7.763690621390967496e-43 6.455111264125483247e-39 7.631773182100503470e-36 3.502110682603296568e-33 1.073498584191826682e-30 3.474606614945398621e-28 1.173663315252903306e-25 9.658774259373309032e-23 5.464747039114900757e-19 2.682136687682455753e-12
2.542170568561873178e+00 5.072044379764042968e-43 4.189746148634265840e-39 4.944075419482715897e-36 2.271550068490160681e-33 6.991063212894020988e-31 2.279881067340643149e-28 7.791844390054289694e-26 6.546083738638922300e-23 3.863696418301587873e-19 2.383221658156547474e-12
2.555545150501672413e+00 3.318811401581548442e-43 2.723275997521512627e-39 3.206945197602354693e-36 1.474960970144824142e-33 4.556767551183905626e-31 1.496837254633954700e-28 5.174310230639486994e-26 4.435620915444995142e-23 2.729046235351999047e-19 2.110543363858383576e-12
2.568919732441471648e+00 2.175020917756269845e-43 1.772612821257261413e-39 2.082786765568603128e-36 9.587519357622898349e-34 2.972665628349894944e-31 9.833286440226682584e-29 3.437071036328506289e-26 3.005054296151340719e-23 1.925795829491306347e-19 1.862821661156349385e-12
2.582294314381270883e+00 1.427651640481895236e-43 1.155453955600626116e-39 1.354393317453577417e-36 6.238800484494446354e-34 1.940949614998087524e-31 6.463833588279033496e-29 2.283791966424939767e-26 2.035572892625417821e-23 1.357741736288221766e-19 1.638695719803285493e-12
2.595668896321070118e+00 9.385460692882235943e-44 7.542340279850154791e-40 8.818431076840355530e-37 4.064120108977550393e-34 1.268424958338894614e-31 4.251620163211112438e-29 1.517974388036319272e-26 1.378696036115909371e-23 9.564173608032727240e-20 1.436746536395118268e-12
2.609043478260869797e+00 6.179595506508421962e-44 4.930289912198971650e-40 5.748891256487465558e-37 2.650354178500252216e-34 8.296611468547735505e-32 2.798316296241517804e-29 1.009299017541803214e-26 9.337029485552017739e-24 6.731572452918763821e-20 1.255518956639024788e-12
2.622418060200669032e+00 4.075042698869300009e-44 3.227377248110707389e-40 3.752517600212640266e-37 1.730272335619773170e-34 5.431567270066151106e-32 1.842986849356567622e-29 6.713208741426950772e-27 6.322921389613766353e-24 4.734122451867601647e-20 1.093542606767381776e-12
2.635792642140468267e+00 2.691339461435954933e-44 2.115611803586568063e-40 2.452487494022705165e-37 1.130835129526683678e-34 3.559105282623665837e-32 1.214606515301188190e-29 4.466861652421088025e-27 4.281598254835163812e-24 3.326833799599863035e-20 9.493512513192734119e-13
2.649167224080267502e+00 1.780186571000953780e-44 1.388766357262801273e-40 1.604854807761924020e-37 7.398767666821625454e-35 2.334266547356206066e-32 8.010166943605367902e-30 2.973334887228247309e-27 2.899232754270542826e-24 2.336177409680736426e-20 8.215002138534123850e-13
2.662541806020067181e+00 1.179287786201680300e-44 9.129085810371690419e-41 1.051499235188226054e-37 4.846136500706851357e-35 1.532344898424276894e-32 5.286212190923517199e-30 1.979980109480397496e-27 1.963174802946947855e-24 1.639372910205174080e-20 7.085816131546308758e-13
2.675916387959866416e+00 7.823981614116505942e-45 6.009359461326053702e-41 6.898040684660066695e-38 3.177670231375038239e-35 1.006842333724649761e-32 3.490992965899954681e-30 1.319046140257381707e-27 1.329361213248008867e-24 1.149636958080778387e-20 6.092372754948579532e-13
2.689290969899665651e+00 5.198596075550848786e-45 3.961226920292462927e-41 4.530909167265220905e-38 2.085929426743630531e-35 6.621669841099837322e-33 2.307059705493551714e-30 8.791188201892398129e-28 9.002110564974352810e-25 8.056904377903796607e-21 5.221692800517278829e-13
2.702665551839464886e+00 3.459322444087698211e-45 2.614747282323992782e-41 2.979798803797003034e-38 1.370782563015375333e-35 4.358899086668520490e-33 1.525731544747437216e-30 5.861781984573453034e-28 6.096378216291184298e-25 5.643043932632940255e-21 4.461481773876852411e-13
2.716040133779264121e+00 2.305362411167858973e-45 1.728327161412035252e-41 1.962138272395420564e-38 9.018123594542578242e-36 2.872045642157836472e-33 1.009742503287579359e-30 3.910318233120366808e-28 4.128899860512912129e-25 3.950110881665128689e-21 3.800189887406887778e-13
2.729414715719063800e+00 1.538604628893744931e-45 1.143974035898896969e-41 1.293636898213451129e-38 5.939403474916086530e-36 1.894143861513335937e-33 6.687441573916639265e-31 2.609759983197053026e-28 2.796662838363572531e-25 2.763556755575011747e-21 3.227051465043712562e-13
2.742789297658863035e+00 1.028373770612090689e-45 7.582249399591130573e-42 8.539535966197502246e-39 3.916055164464724391e-36 1.250384078714613516e-33 4.432305548586387276e-31 1.742611321136246727e-28 1.894512085093782953e-25 1.932426853033428994e-21 2.732105741816210383e-13
2.756163879598662270e+00 6.883471822652932963e-46 5.032332448178097570e-42 5.644092940737108969e-39 2.584843807441747947e-36 8.261984834509757794e-34 2.939835544556709764e-31 1.164172358295487943e-28 1.283553922668817612e-25 1.350595697272188056e-21 2.306201283766922732e-13
2.769538461538461505e+00 4.614165178014063552e-46 3.344472187092257306e-42 3.735002579039424729e-39 1.708045610438053770e-36 5.464335499884059786e-34 1.951386141829280312e-31 7.781367604703687726e-29 8.697572670057586524e-26 9.435111917271079890e-22 1.940986375621809922e-13
2.782913043478261184e+00 3.097449564884456388e-46 2.225719733675253711e-42 2.474704358409737733e-39 1.129911206205075068e-36 3.617459977177034244e-34 1.296263435789754210e-31 5.203809757840217045e-29 5.894632636448362487e-26 6.588395339712341013e-22 1.628887741905566664e-13
2.796287625418060419e+00 2.082271304356893881e-46 1.483185861056849122e-42 1.641686241475617394e-39 7.482880751740188457e-37 2.397092726416599386e-34 8.617397016631292477e-32 3.481917521656741499e-29 3.995742203294191045e-26 4.598692690099311641e-22 1.363079901033919954e-13
2.809662207357859653e+00 1.401808876661868448e-46 9.896928989761270444e-43 1.090410718489973881e-39 4.961041672672482538e-37 1.589944103756903015e-34 5.733165496461302155e-32 2.331050762416957463e-29 2.709114212322534340e-26 3.208649285575749926e-22 1.137447320097699444e-13
2.823036789297658888e+00 9.450508472399077031e-47 6.612758296586636184e-43 7.251399542237571653e-40 3.292731221426847194e-37 1.055591549750622252e-34 3.817253829845575717e-32 1.561441064032490061e-29 1.837186316380279483e-26 2.237968473299502428e-22 9.465413584919351691e-14
2.836411371237458123e+00 6.380179299470148267e-47 4.424250198972369778e-43 4.828185333840763160e-40 2.187856263761378775e-37 7.015005018513472245e-35 2.543596965223865529e-32 1.046512327040051911e-29 1.246182994055694769e-26 1.560414620639629139e-22 7.855337775246366594e-14
2.849785953177257802e+00 4.313386664952230662e-47 2.963937496072295598e-43 3.218658982420949850e-40 1.455325251333317107e-37 4.666368299701194985e-35 1.696245253550651135e-32 7.017979646723893195e-30 8.455118002636597576e-27 1.087653660776472880e-22 6.501683649081603899e-14
2.863160535117057037e+00 2.920170195783735948e-47 1.988237274197149346e-43 2.148292696480913846e-40 9.691248403363872748e-38 3.107061209416016637e-35 1.132072793852419071e-32 4.709044913708550045e-30 5.738165561233675352e-27 7.579068047241784836e-23 5.367119895581969226e-14
2.876535117056856272e+00 1.979696755486485256e-47 1.335471575285487838e-43 1.435614608895557817e-40 6.460666363935688438e-38 2.070814079036339575e-35 7.561493431014145185e-33 3.161624985769713615e-30 3.895364969966838917e-27 5.279895350994627468e-23 4.419061730360087698e-14
2.889909698996655507e+00 1.343960136588161563e-47 8.981849917231523716e-44 9.605205370930088685e-41 4.311737527906098124e-38 1.381508507565607486e-35 5.054641601278307938e-33 2.123969867732797136e-30 2.645153392418445245e-27 3.677296805304602033e-23 3.629200466456066167e-14
2.903284280936454742e+00 9.136246142608422163e-48 6.048658587213815100e-44 6.434254140106440842e-41 2.880740618331727083e-38 9.225453870736318645e-36 3.381618838635212872e-33 1.427744060795227737e-30 1.796747172564426893e-27 2.560561572263678689e-23 2.973053629287446990e-14
2.916658862876254421e+00 6.219269406952193016e-48 4.078607298126911215e-44 4.315299083646016461e-41 1.926780331629351938e-38 6.166576616119510271e-36 2.264186883127192113e-33 9.603284486223339029e-31 1.220849362557877026e-27 1.782600482376931489e-23 2.429540505279005291e-14
2.930033444816053656e+00 4.239333815400663982e-48 2.753731869677443659e-44 2.897630852906594334e-41 1.290136834434775640e-38 4.125942260692098833e-36 1.517242302979159163e-33 6.463383471403914923e-31 8.298156625198461947e-28 1.240777601020159042e-23 1.980586439718368723e-14
2.943408026755852891e+00 2.893603541361301778e-48 1.861597261173685930e-44 1.948018053417541000e-41 8.647969098745125164e-39 2.763281454093864203e-36 1.017546585191375920e-33 4.352851950157177872e-31 5.642231241239361993e-28 8.635026189153791617e-24 1.610757854472969522e-14
2.956782608695652126e+00 1.977698634614361478e-48 1.260089825926212616e-44 1.311169773750746812e-41 5.803185832434405678e-39 1.852466341262128715e-36 6.829861176938881188e-34 2.933355749810354501e-31 3.837734728036102964e-28 6.008576783368205832e-24 1.306928836043404874e-14
2.970157190635451805e+00 1.353497290951180266e-48 8.540166398624691439e-45 8.835663124579727882e-42 3.898450132992704478e-39 1.243079636814586233e-36 4.588060185772444157e-34 1.978041259420159989e-31 2.611312183734409543e-28 4.180479168128564406e-24 1.057979236948166026e-14
2.983531772575251040e+00 9.275287583074383480e-49 5.795321917846767949e-45 5.961174672872453679e-42 2.621740843217979163e-39 8.349704962788465135e-37 3.084660254796137834e-34 1.334714905523285310e-31 1.777490191759083591e-28 2.908272219749781276e-24 8.545235213084443049e-15
2.996906354515050275e+00 6.364534244261057914e-49 3.937608595673033717e-45 4.026569561456599047e-42 1.765057577224848112e-39 5.613929076764324052e-37 2.075619913942785880e-34 9.012118620763174177e-32 1.210388699495917614e-28 2.023049202558359433e-24 6.886690481287426325e-15
3.010280936454849510e+00 4.372921349235161213e-49 2.678727922109125209e-45 2.722998371403039067e-42 1.189592890816966926e-39 3.778212035606480430e-37 1.397821614820703156e-34 6.089099512487965829e-32 8.245485779373593578e-29 1.407174319110604404e-24 5.538021009265299744e-15
3.023655518394648745e+00 3.008424071498475200e-49 1.824580683401585672e-45 1.843599178505038147e-42 8.026148542480586861e-40 2.545243193671154512e-37 9.421503108413461704e-35 4.116892031809526884e-32 5.619345583382233180e-29 9.787390121765075111e-25 4.443997175097627205e-15
3.037030100334448424e+00 2.072360755308846178e-49 1.244323403014109354e-45 1.249656602634510404e-42 5.421061310179877203e-40 1.716309766718900712e-37 6.355565058483440079e-35 2.785341574889370818e-32 3.831224265650386193e-29 6.807234906877515200e-25 3.558652269696162272e-15
3.050404682274247659e+00 1.429378207019259197e-49 8.496430506181699201e-46 8.480432761947059598e-43 3.665461330085960478e-40 1.158471400134376719e-37 4.290961325377952327e-35 1.885741965969153191e-32 2.613219215269896176e-29 4.734417269774785462e-25 2.843853418666190460e-15
3.063779264214046893e+00 9.871451915022485638e-50 5.808581722108472322e-46 5.761645755318643472e-43 2.481070067914461726e-40 7.827047685071777903e-38 2.899494862877003744e-35 1.277565081416982352e-32 1.783218296281791447e-29 3.292768692598777208e-25 2.268066635156686716e-15
3.077153846153846128e+00 6.825957717881111442e-50 3.975862520580886204e-46 3.918991736223472453e-43 1.681180374683147908e-40 5.293383710133025785e-38 1.960912334348847467e-35 8.661294535814015214e-33 1.217383518056284989e-29 2.290137630904338650e-25 1.805295207140389911e-15
3.090528428093645807e+00 4.725975298379848655e-50 2.724693007371993697e-46 2.668697980260126504e-43 1.140389697946856597e-40 3.583366000383216583e-38 1.327280799206284308e-35 5.876023710172292887e-33 8.314732350176523206e-30 1.592847547417441712e-25 1.434171629282537805e-15
3.103903010033445042e+00 3.276130706535663739e-50 1.869502541142823470e-46 1.819364852065292217e-43 7.743810446967503206e-41 2.428124593739637224e-38 8.991598003576511622e-36 3.989211731954877172e-33 5.681600211631334830e-30 1.107912712108491220e-25 1.137184557941536531e-15
3.117277591973244277e+00 2.273890519446508874e-50 1.284263398225561205e-46 1.241747977061199796e-43 5.264017548175256789e-41 1.646919368919391483e-38 6.096505359247115088e-36 2.710161805313508212e-33 3.884168673741691183e-30 7.706583034833713645e-26 9.000236982792075198e-16
3.130652173913043512e+00 1.580203759780164881e-50 8.832812486345634873e-47 8.484737026750420018e-44 3.582117521807310083e-41 1.118136419711965838e-38 4.137095534320272764e-36 1.842509007388496269e-33 2.656647054449357807e-30 5.361042863320752973e-26 7.110270447341345266e-16
3.144026755852842747e+00 1.099482964540456511e-50 6.082163254886572528e-47 5.804068626625840135e-44 2.440174533486119107e-41 7.598673920826021401e-39 2.809836781119398122e-36 1.253521774189186034e-33 1.817947144138950375e-30 3.729698811350745370e-26 5.607164273938418247e-16
3.157401337792642426e+00 7.659359811183446790e-51 4.193035976703921768e-47 3.974787055454601463e-44 1.664022341192065731e-41 5.168931887455990553e-39 1.910020241366693785e-36 8.534213878997657409e-34 1.244638953709700119e-30 2.595022472205504898e-26 4.414088194487012268e-16
3.170775919732441661e+00 5.342218961255866687e-51 2.894062158261764661e-47 2.725086585188242562e-44 1.135934353916308358e-41 3.519517937592781922e-39 1.299470722566145347e-36 5.814414320846868873e-34 8.525567489627083516e-31 1.805747523201774209e-26 3.468923002416873411e-16
3.184150501672240896e+00 3.730549870880236439e-51 1.999830413153686567e-47 1.870379695442406395e-44 7.762501995169798184e-42 2.398746059402484469e-39 8.848444748896837610e-37 3.964245998152957889e-34 5.842838680285461131e-31 1.256686637848670378e-26 2.721569205853591292e-16
3.197525083612040131e+00 2.608210808544374472e-51 1.383508497201647258e-47 1.285168874382178333e-44 5.310106008459287167e-42 1.636452445617952050e-39 6.030308188471211164e-37 2.704759573414797201e-34 4.006341856813247612e-31 8.746945304401857164e-27 2.131719669679148099e-16
3.210899665551839366e+00 1.825693802859210006e-51 9.582330421893094502e-48 8.840350126765802854e-45 3.636270442383413779e-42 1.117480096929315001e-39 4.113242778876945525e-37 1.846763968402368980e-34 2.748516455896668232e-31 6.089063586086635756e-27 1.667022610046515027e-16
3.224274247491639045e+00 1.279455998088704936e-51 6.644440356160610506e-48 6.087731248821221390e-45 2.492637924770673621e-42 7.638229937786782596e-40 2.808028745571389993e-37 1.261856325943113875e-34 1.886590001042589502e-31 4.239497641104230532e-27 1.301571574429335782e-16
3.237648829431438280e+00 8.977009739068778889e-52 4.612548365100227793e-48 4.196778985173490021e-45 1.710451473145148781e-42 5.225903425895432589e-40 1.918629735435779819e-37 8.628300895296745478e-35 1.295651169559463153e-31 2.952249445096538165e-27 1.014668197107956229e-16
3.251023411371237515e+00 6.305851633053790559e-52 3.205649457454879005e-48 2.896337854146150678e-45 1.174922797167278818e-42 3.578861687691561594e-40 1.312058521172643533e-37 5.904165296650409969e-35 8.902919873053795720e-32 2.056228182978897320e-27 7.898116086427151293e-17
3.264397993311036750e+00 4.434639361560528818e-52 2.230391042797428376e-48 2.001025868942346578e-45 8.078921268999745876e-43 2.453253698214351300e-40 8.980232972831289495e-38 4.043063089546950975e-35 6.120867693584140008e-32 1.432431580325481223e-27 6.138754628903910721e-17
3.277772575250836429e+00 3.122282440694666528e-52 1.553578487830601130e-48 1.383962765583344172e-45 5.560851948276361737e-43 1.683267433150965922e-40 6.151687503889532188e-38 2.770653274640175101e-35 4.210483107058632773e-32 9.980800642105251151e-28 4.764397034762000974e-17
3.291147157190635664e+00 2.200808295260883970e-52 1.083352807869869839e-48 9.582132706369465860e-46 3.831524635175894298e-43 1.156048245315489070e-40 4.217674401986018391e-38 1.900090557347203485e-35 2.897953725411070104e-32 6.955850820018759114e-28 3.692495069002479368e-17
3.304521739130434899e+00 1.553049273690301102e-52 7.562902186517346498e-49 6.641464810775623281e-46 2.642668263399721053e-43 7.947124453251411489e-41 2.894168209108202686e-38 1.304030110671720178e-35 1.995692521068521199e-32 4.848784396379082058e-28 2.857783972509772201e-17
3.317896321070234134e+00 1.097180571237227995e-52 5.285502026080443309e-49 4.608157682653441785e-46 1.824537532253837835e-43 5.468324737599059610e-41 1.987678743254878459e-38 8.956180249841753539e-36 1.375119638403316889e-32 3.380784268032726824e-28 2.208764121779066262e-17
3.331270903010033368e+00 7.759928362542404691e-53 3.697945728366897339e-49 3.200739906938026597e-46 1.260957509414940323e-43 3.766238264026780014e-41 1.366281076179764699e-38 6.155743927561662514e-36 9.480558784791336797e-33 2.357806370920609690e-28 1.704874920932334449e-17
3.344645484949833047e+00 5.494408405548404731e-53 2.590053277340214235e-49 2.225516756177407299e-46 8.723363298053681612e-44 2.596387163304655381e-41 9.399506185828697628e-39 4.234102343817363516e-36 6.539971123760781987e-33 1.644784171187617434e-28 1.314230401161433068e-17
3.358020066889632282e+00 3.894616462678146135e-53 1.816051203395670469e-49 1.549054194623948716e-46 6.040900299173196977e-44 1.791588288504279670e-41 6.472034134385104802e-39 2.914511419553461446e-36 4.514066394525992760e-33 1.147687636304462626e-28 1.011809285288143061e-17
3.371394648829431517e+00 2.763668253206818151e-53 1.274723718969698766e-49 1.079332965537680763e-46 4.187471928370614823e-44 1.237408182651114871e-41 4.460124176650275386e-39 2.007678835396465507e-36 3.117539532043306956e-33 8.010438448117449137e-29 7.780117139849467829e-18
3.384769230769230752e+00 1.963276748734779494e-53 8.957153076059666565e-50 7.528269903643037204e-47 2.905581090184948756e-44 8.554460864284312661e-42 3.076260217441685705e-39 1.384035417431057143e-36 2.154316647886580051e-33 5.592556266273719533e-29 5.975109878238392924e-18
3.398143812709030431e+00 1.396202766958500427e-53 6.300677497631516514e-50 5.256342449990996072e-47 2.018102639778003439e-44 5.919377773369931606e-42 2.123580351724797799e-39 9.548277119368760490e-37 1.489574414098293090e-33 3.905615769725063220e-29 4.583420529633611343e-18
3.411518394648829666e+00 9.939940811419140895e-54 4.436752582144868310e-50 3.673826764744018053e-47 1.403075221435847941e-44 4.099794277440299033e-42 1.467179826183416550e-39 6.592163806551046698e-37 1.030555669400533228e-33 2.728332128591981338e-29 3.511794832460601022e-18
3.424892976588628901e+00 7.084095825414390906e-54 3.127528421333159463e-50 2.570384337414835746e-47 9.764373864784516933e-45 2.842166302503294534e-42 1.014533729537473106e-39 4.554664576733286551e-37 7.134092200118479458e-34 1.906500479847424233e-29 2.687667655002722705e-18
3.438267558528428136e+00 5.054141418210167705e-54 2.206951606595399607e-50 1.800195398136199486e-47 6.801925334775777754e-45 1.972137180047544106e-42 7.021300706113442554e-40 3.149274127221118713e-37 4.941574460077204033e-34 1.332636969539442607e-29 2.054661031345333475e-18
3.451642140468227371e+00 3.609688377591890000e-54 1.558968180811422988e-50 1.262063581257828842e-47 4.742874181827891125e-45 1.369694620817538086e-42 4.863355417194987223e-40 2.179166266841383309e-37 3.424937322555907438e-34 9.318054693335929540e-30 1.569039936633858597e-18
3.465016722408027050e+00 2.580764844952604807e-54 1.102381715886602271e-50 8.856877681164340509e-48 3.310334563136931083e-45 9.521560625116872614e-43 3.371484615095786207e-40 1.509024330841162151e-37 2.375208851334240045e-34 6.517487778184459032e-30 1.196927446630841332e-18
3.478391304347826285e+00 1.847058361118538063e-54 7.803231352668419536e-51 6.221795066909885095e-48 2.312708860663417646e-45 6.625047959415148207e-43 2.339227427637085266e-40 1.045750747903427686e-37 1.648215674837385590e-34 4.560156953912879152e-30 9.121206905552027769e-19
3.491765886287625520e+00 1.323315315265930063e-54 5.529197815063772462e-51 4.375062085649997154e-48 1.617286919341426965e-45 4.613867808624445701e-43 1.624385605948590625e-40 7.252475096536308757e-38 1.144433211325691213e-34 3.191735447248571079e-30 6.943811176745205452e-19
3.505140468227424755e+00 9.490600441123529081e-55 3.921862608772599892e-51 3.079527041851391425e-48 1.132057413966101009e-45 3.216141975991547278e-43 1.128939160319415454e-40 5.033504295757953535e-38 7.951189360890073827e-35 2.234726425783522863e-30 5.280984530662792772e-19
3.518515050167224434e+00 6.813476792905720036e-55 2.784599082494313473e-51 2.169766150160205848e-48 7.931646160474229382e-46 2.243871169539648330e-43 7.852644537953339100e-41 3.496075090358857378e-38 5.527642820789136916e-35 1.565218567116445186e-30 4.012484760987759050e-19
3.531889632107023669e+00 4.896499783524877544e-55 1.979112528496500193e-51 1.530272477635346794e-48 5.562498826032927873e-46 1.566938490454317334e-43 5.466691736866824362e-41 2.430060635772949506e-38 3.845165409506073424e-35 1.096683859606530331e-30 3.045813755376647448e-19
3.545264214046822904e+00 3.522424634078302831e-55 1.408034451793105025e-51 1.080312402522125394e-48 3.904689220112197252e-46 1.095206396588781511e-43 3.808866070369470085e-41 1.690360833766928279e-38 2.676443949992097566e-35 7.686813655258826788e-31 2.309907073751381104e-19
3.558638795986622139e+00 2.536494075490106709e-55 1.002740448985106124e-51 7.634006803524499986e-49 2.743539188594009294e-46 7.661761742716039533e-44 2.656002578113916724e-41 1.176704875028978655e-38 1.864104232309855162e-35 5.389794693622519047e-31 1.750235529645845257e-19
3.572013377926421374e+00 1.828350039160408702e-55 7.148151280888641973e-52 5.399780937268547009e-49 1.929488633548326121e-46 5.364739079370441707e-44 1.853626098620507008e-41 8.197498350909041805e-39 1.299127983073502330e-35 3.780606808622626164e-31 1.325008746512786772e-19
3.585387959866221053e+00 1.319214402737285756e-55 5.100660096596914296e-52 3.823120559325756900e-49 1.358244163202343783e-46 3.759711211168625837e-44 1.294719801368241351e-41 5.715057151883599405e-39 9.059497944909796143e-36 2.652873851983997019e-31 1.002237241561286678e-19
3.598762541806020288e+00 9.527943661305118801e-56 3.643208178134992298e-52 2.709417536727479550e-49 9.570094747502867805e-47 2.637211195850444092e-44 9.050833862164733682e-42 3.987356262433402996e-39 6.321606626261690340e-36 1.862257739452642077e-31 7.574622445006085665e-20
3.612137123745819522e+00 6.888235131676485224e-56 2.604738136687636749e-52 1.921975361393789823e-49 6.749251197615881495e-47 1.851477687094582524e-44 6.332273453689657567e-42 2.784033548173515643e-39 4.413901086436074161e-36 1.307775844497434495e-31 5.720040076806369211e-20
3.625511705685618757e+00 4.984699462078499880e-56 1.864078318982440724e-52 1.364682037880513453e-49 4.764245215599355433e-47 1.300989526504900623e-44 4.433922441963927718e-42 1.945308819431058029e-39 3.083827816325499046e-36 9.187541909563383931e-32 4.316120794097345715e-20
3.638886287625418436e+00 3.610684068609006049e-56 1.335309037694255069e-52 9.698951022424039664e-50 3.366122931609101691e-47 9.149754717659716136e-45 3.107226875175968952e-42 1.360275866736647425e-39 2.155909875070548668e-36 6.457136221155531132e-32 3.254267182682740017e-20
3.652260869565217671e+00 2.617922439395209928e-56 9.574465085532576456e-53 6.899625899848629436e-50 2.380462697287962964e-47 6.440565710672275372e-45 2.179281534259539885e-42 9.518958337816660159e-40 1.508150054563215201e-36 4.540013936745049940e-32 2.451807840538783949e-20
3.665635451505016906e+00 1.899932331563870797e-56 6.871632287430042442e-53 4.912829223722563546e-50 1.684948062342072324e-47 4.537493969627951124e-45 1.529707015698819437e-42 6.666156059286191130e-40 1.055680387768863934e-36 3.193397709439905457e-32 1.845872172300631114e-20
3.679010033444816141e+00 1.380164575067608411e-56 4.936459032966029414e-53 3.501394159198289318e-50 1.193723034229705478e-47 3.199514988311516839e-45 1.074624529396177035e-42 4.671805355388052741e-40 7.394260277212741520e-37 2.247135799576218885e-32 1.388695424494477728e-20
3.692384615384615376e+00 1.003534562084027904e-56 3.549596445954194328e-53 2.497764099720451058e-50 8.464683677057383232e-48 2.258015054686025629e-45 7.555406272296931273e-43 3.276549899493147186e-40 5.182410246418788578e-37 1.581932510110347496e-32 1.044024408040284820e-20
3.705759197324415055e+00 7.303648351038127302e-57 2.554746648172874740e-53 1.783449398914743126e-50 6.007671553504936053e-48 1.594933790222180251e-45 5.316312134563127224e-43 2.299699863719715057e-40 3.634494168308286910e-37 1.114116700368631563e-32 7.843691456657013964e-21
3.719133779264214290e+00 5.320479840568588038e-57 1.840431743603002432e-53 1.274579712196365317e-50 4.267643203067523451e-48 1.127535347576925971e-45 3.743808939617924019e-43 1.615278378148308314e-40 2.550536910725887702e-37 7.849811625176396861e-33 5.889037942657232887e-21
3.732508361204013525e+00 3.879382082401920203e-57 1.327065108287342553e-53 9.117335465017181388e-51 3.034273215374348009e-48 7.977887080689079651e-46 2.638556534610940704e-43 1.135389683001308872e-40 1.790997504105961559e-37 5.533185912684032549e-33 4.418652698288977400e-21
3.745882943143812760e+00 2.831212799438729646e-57 9.577739337561629089e-54 6.527719492117889125e-51 2.159255863339675315e-48 5.649556330031807436e-46 1.861090979310368692e-43 7.986625579673537268e-41 1.258445248790520408e-37 3.901938046236577232e-33 3.313329123391559985e-21
3.759257525083611995e+00 2.068131206771091013e-57 6.918782909900810310e-54 4.677841982479396677e-51 1.537922890353733232e-48 4.004129000426512104e-46 1.313760547603431756e-43 5.622144128352099014e-41 8.848096663407144455e-38 2.752809146655763151e-33 2.482995209486912851e-21
3.772632107023411674e+00 1.512086759324308650e-57 5.002532914050316307e-54 3.355197039262746469e-51 1.096337400816598469e-48 2.840321833365339374e-46 9.281350309588734166e-44 3.960593990200971897e-41 6.225034423971910319e-38 1.942960423242346821e-33 1.859649292068058462e-21
3.786006688963210909e+00 1.106536712705965230e-57 3.620273899651080940e-54 2.408667444410205473e-51 7.822242977072592995e-49 2.016467969888302305e-46 6.562228736914235488e-44 2.792143803038849633e-41 4.382381347385945422e-38 1.371972366980072763e-33 1.391993550972177965e-21
3.799381270903010144e+00 8.104811194690594608e-58 2.622296545068356140e-54 1.730692467463608608e-51 5.585910405779832992e-49 1.432774664221121206e-46 4.643395930780751376e-44 1.969852633872843209e-41 3.087131990374432284e-38 9.692185550064565215e-34 1.041361271258623701e-21
3.812755852842809379e+00 5.941627405450993429e-58 1.901116635400284824e-54 1.244643961668395206e-51 3.992366576065026196e-49 1.018886362451847640e-46 3.288236999018168116e-44 1.390745171717222390e-41 2.176090403729114908e-38 6.850059719925725269e-34 7.786289385692691396e-22
3.826130434782609058e+00 4.359642312792169312e-58 1.379494602945306724e-54 8.958813029565602080e-52 2.855872603044750085e-49 7.251592539409170813e-47 2.330410508290087592e-44 9.826041705486056247e-42 1.534883523972424127e-38 4.843558677435890241e-34 5.818772177412725089e-22
3.839505016722408293e+00 3.201671345590248096e-58 1.001874317461929431e-54 6.454072670027246676e-52 2.044642656620579811e-49 5.165344827642034924e-47 1.652884628778748706e-44 6.947462273703077075e-42 1.083304858404852515e-38 3.426364655273712113e-34 4.346208092112609907e-22
3.852879598662207528e+00 2.353317979646217437e-58 7.282595666216269488e-55 4.653644632527101725e-52 1.465090215244058335e-49 3.682324162494418683e-47 1.173254704865957135e-44 4.915748532483650530e-42 7.650727368994846414e-39 2.424948933701720220e-34 3.244700133156458319e-22
3.866254180602006763e+00 1.731250830276939781e-58 5.298300703718791860e-55 3.358354369860066244e-52 1.050697941147495124e-49 2.627241380690109991e-47 8.334519578281641876e-45 3.480713556283680501e-42 5.406690320459325507e-39 1.717009737916196886e-34 2.421195893239222788e-22
3.879628762541805997e+00 1.274713118012076198e-58 3.857999819792365208e-55 2.425670039936750279e-52 7.541472617445218083e-50 1.875995011186614336e-47 5.925243226533131743e-45 2.466387770724032290e-42 3.823287305624479742e-39 1.216312483196640374e-34 1.805855150973043993e-22
3.893003344481605676e+00 9.393675871977384557e-59 2.811646750147261772e-55 1.753504134948049766e-52 5.417481086115876884e-50 1.340650609962403965e-47 4.215683244865813280e-45 1.748912754828642120e-42 2.705321950142055138e-39 8.620270029345309026e-35 1.346293399500649015e-22
3.906377926421404911e+00 6.928303981488824653e-59 2.050831741238715786e-55 1.268673025045689990e-52 3.894931500782035057e-50 9.588490661346190890e-48 3.001682572545344756e-45 1.241046046714318765e-42 1.915479218559215113e-39 6.112246908786913044e-35 1.003243676274439417e-22
3.919752508361204146e+00 5.114275906807916194e-59 1.497158594945460436e-55 9.186676876669602533e-53 2.802603308735412151e-50 6.863317288843928141e-48 2.138924110393913516e-45 8.812920354997504788e-43 1.357101279377180355e-39 4.335969235200330190e-35 7.472897701870338685e-23
3.933127090301003381e+00 3.778373213688771675e-59 1.093885538051810917e-55 6.657803767254533153e-53 2.018278231489459607e-50 4.916607833980191072e-48 1.525311758710273330e-45 6.262723181206350229e-43 9.621066976142855724e-40 3.077355765650441650e-35 5.564080582382144886e-23
3.946501672240803060e+00 2.793744425260059778e-59 7.999080245374369134e-56 4.829090585077051955e-53 1.454642455070054288e-50 3.524870795522085086e-48 1.088562310872333450e-45 4.453661595453989361e-43 6.825118414867731692e-40 2.185125184823088396e-35 4.141191600480740076e-23
3.959876254180602295e+00 2.067413128860604930e-59 5.854234880828847169e-56 3.505577167965649376e-53 1.049265804564705729e-50 2.529096806735978140e-48 7.774602591517734042e-46 3.169429064373938373e-43 4.844767132496508028e-40 1.552325845626332157e-35 3.080991119925163480e-23
3.973250836120401530e+00 1.531173178222003436e-59 4.288051348582131286e-56 2.546897946722453296e-53 7.574728019692010785e-51 1.816062521121473713e-48 5.556894141387099243e-46 2.257115906988593550e-43 3.441209822587160110e-40 1.103311678374790515e-35 2.291365374174277056e-23
3.986625418060200765e+00 1.134946760552934817e-59 3.143456079118253694e-56 1.851908005502182359e-53 5.472667466365700229e-51 1.305081713656073374e-48 3.974786924149139809e-46 1.608551090679000360e-43 2.445821033821282894e-40 7.845544245445212059e-36 1.703501389486124438e-23
4.000000000000000000e+00 8.419348801303495876e-60 2.306270549696763536e-56 1.347662547602837387e-53 3.957125302640804792e-51 9.386088691099210733e-49 2.845261347929740473e-46 1.147157865474617980e-43 1.739454991451162309e-40 5.581593539566434971e-36 1.266019097915179705e-23
