1.000000000000000021e-03 5.682469802321180532e-09 3.642689161453867138e-25 3.671135148857639414e-37 4.162703789078328148e-50 3.664322542611588137e-64 2.543207606127216813e-80 2.639784084558186694e-100 8.237278363109585412e-125 2.994421116004283458e-161 1.286482391042964223e-226
1.437458193979933296e-02 1.427053739627187949e-06 1.686381061934428327e-21 7.146617614563979702e-33 3.275056915711535738e-45 1.185083316945345434e-58 3.839569510834796479e-74 2.473636153130211011e-93 6.614045096352098234e-117 5.211516971136818319e-152 4.435600067727108347e-215
2.774916387959866504e-02 6.182262804898636993e-06 1.134799432791013037e-19 1.893434995543816130e-30 3.294123004884033156e-42 4.603333548590543376e-55 6.509159293294208739e-70 2.405136362493160505e-88 5.025362877935292209e-111 7.530322346037819666e-145 1.016194438418789171e-205
4.112374581939799711e-02 1.522368099363377082e-05 3.679048705102895930e-18 2.270986473860448169e-28 1.413745481260899323e-39 7.192152753772050167e-52 4.164615066057853724e-66 8.190019834170326606e-84 1.225541820188392275e-105 3.085538878557166718e-138 5.346708536160923148e-197
5.449832775919732919e-02 2.911963034966838409e-05 7.897382663484915091e-17 1.700236386664890893e-26 3.580973321569644176e-37 6.271370131402529912e-49 1.400089359767599019e-62 1.365257185298893920e-79 1.347076824743893205e-100 5.067461120284823207e-132 9.233403661492036296e-189
6.787290969899666127e-02 4.808326995697940548e-05 1.254428434710345894e-15 8.907607363790524444e-25 6.019191761985041275e-35 3.441674499546910751e-46 2.797879316564852555e-59 1.265024586072071354e-75 7.610322117033384080e-96 3.827232234591750609e-126 6.067288222147164605e-181
8.124749163879599334e-02 7.207166038037505313e-05 1.559358806302315538e-14 3.463746639690102812e-23 7.140993347864574757e-33 1.267807887295045263e-43 3.555119900403018911e-56 6.993675193331609839e-72 2.381666965783506703e-91 1.440847537704921511e-120 1.660363472824711884e-173
9.462207357859532542e-02 1.008931895064271500e-04 1.570219979585685735e-13 1.037559043400331361e-21 6.222058819736827499e-31 3.270437585650552388e-41 3.004902526263321135e-53 2.421283418378321746e-68 4.349930081299791312e-87 2.864007818063287869e-115 2.022659575737395729e-166
1.079966555183946575e-01 1.342867548333368487e-04 1.312086973973327886e-12 2.458835557154797768e-20 4.099069800012358592e-29 6.096751319426697294e-39 1.748075521631116136e-50 5.448132263823654621e-65 4.829227292709724779e-83 3.146363889104562245e-110 1.158021247794380611e-159
1.213712374581939896e-01 1.719658874404100281e-04 9.266691321069020762e-12 4.706432235678873430e-19 2.089269314751768025e-27 8.423629886957150958e-37 7.195706815175513059e-48 8.214582580754684501e-62 3.371239740257293075e-79 1.985621467199716696e-105 3.264674906683131449e-153
1.347458193979933216e-01 2.136385628745062989e-04 5.614055512459900729e-11 7.400932127155622084e-18 8.397950921282997895e-26 8.811413665605568360e-35 2.145876793214448458e-45 8.520451998743574791e-59 1.523992112721500527e-75 7.446108077589865144e-101 4.723428110204656977e-147
1.481204013377926398e-01 2.590163135997708139e-04 2.954047520326171134e-10 9.700770207633932180e-17 2.706345220844286905e-24 7.108336093269431516e-33 4.732841307411747136e-43 6.222224162843340592e-56 4.579343924595553243e-72 1.710280199759027416e-96 3.640870463784583411e-141
1.614949832775919858e-01 3.078207357165368366e-04 1.364617299288019132e-09 1.073372153394540590e-15 7.094769488493021377e-23 4.495705265160657339e-31 7.863897531156805394e-41 3.266488773087163274e-53 9.364876488290729850e-69 2.473247476014131611e-92 1.547165860949021747e-135
1.748695652173913317e-01 3.597887995252275909e-04 5.586881342752929269e-09 1.013937494211836331e-14 1.532839380635068771e-21 2.262360649919970685e-29 1.000941269428411457e-38 1.256314522249678315e-50 1.331809500161404047e-65 2.309406523610312340e-88 3.740673569571643979e-130
1.882441471571906499e-01 4.146742407898075479e-04 2.044443533646643507e-08 8.260345823459330368e-14 2.761766716326361955e-20 9.181464552780031384e-28 9.909854108408455962e-37 3.602027088698665412e-48 1.343511502023899377e-62 1.425273394084598523e-84 5.298428809741328983e-125
2.016187290969899681e-01 4.722407085368387028e-04 6.738487299328045464e-08 5.857655803659866782e-13 4.194668536370507607e-19 3.042408436309546524e-26 7.739610267758955392e-35 7.823411558735039187e-46 9.792109920986458275e-60 5.941081124842643294e-81 4.518119580507803571e-120
2.149933110367893141e-01 5.322416204512028142e-04 2.014551660023474654e-07 3.646412097419066444e-12 5.424274587546384099e-18 8.325935156984408853e-25 4.830726062901986779e-33 1.306499212962389662e-43 5.245176244716727223e-57 1.706723553924768295e-77 2.379198301176672269e-115
2.283678929765886600e-01 5.943807949468388630e-04 5.498288405126557013e-07 2.008232313117580738e-11 6.027070711635715815e-17 1.901736137884227134e-23 2.438896815034334065e-31 1.700987302075142571e-41 2.097997034002680735e-54 3.443306413277534532e-74 7.923390878575991546e-111
2.417424749163879782e-01 6.582477024185848192e-04 1.378180072135678498e-06 9.856151208032876347e-11 5.803524204631420239e-16 3.661334949009502473e-22 1.007279533292780172e-29 1.748984191312916040e-39 6.360213779296038943e-52 4.965534947692864500e-71 1.706491159806608435e-106
2.551170568561872964e-01 7.232240591723960001e-04 3.190281311169806225e-06 4.339732960037995423e-10 4.881383144361794052e-15 5.996293232121427192e-21 3.439121981318174348e-28 1.437523586892163003e-37 1.481878509506427058e-49 5.203823126092779088e-68 2.427328046053240618e-102
2.684916387959866424e-01 7.883669878745853911e-04 6.855711197572978956e-06 1.725043412344840069e-09 3.613054939355130376e-14 8.425634060994539079e-20 9.803004306921113814e-27 9.552341431426272637e-36 2.688475282408442151e-47 4.025300806587026403e-65 2.325756556832431715e-98
2.818662207357859883e-01 8.522882877507326205e-04 1.374329024340398099e-05 6.226724595884714412e-09 2.369702876525559181e-13 1.023963180671374895e-18 2.354459491448123574e-25 5.186687472799837158e-34 3.844925473800869010e-45 2.332095903716735543e-62 1.529302924448966392e-94
2.952408026755852788e-01 9.130655231429123586e-04 2.581842928676705921e-05 2.052211882533856533e-08 1.386177185408631188e-12 1.084420539358574774e-17 4.806241688154256029e-24 2.324330707941239607e-32 4.385089468919952156e-43 1.026006183310158767e-59 7.023238279687990725e-91
3.086153846153846247e-01 9.682307826534379807e-04 4.564979645043289739e-05 6.207569601591494357e-08 7.276020815987565921e-12 1.007892303819261913e-16 8.406967318747828487e-23 8.678001208352634911e-31 4.031866526002726762e-41 3.472561323477291457e-57 2.290282157791156538e-87
3.219899665551839707e-01 1.014878529491503902e-03 7.627416971072707469e-05 1.731641796629436394e-07 3.446715366354417285e-11 8.276034368571494093e-16 1.269760640101815993e-21 2.723360284191561122e-29 3.019459050210926585e-39 9.153121030887583705e-55 5.386951523333694743e-84
3.353645484949833167e-01 1.049910727847699465e-03 1.208930305230090837e-04 4.475164585402257443e-07 1.481470077524157228e-10 6.041465890096621936e-15 1.667977900330391755e-20 7.244097104249437756e-28 1.859749695241460043e-37 1.900793911363426170e-52 9.275197158118874734e-81
3.487391304347826626e-01 1.070399421444921369e-03 1.824165716945734593e-04 1.076065380010522210e-06 5.807121240042142416e-10 3.944012167119412608e-14 1.918684309054152046e-19 1.646202946550245313e-26 9.507263933277592906e-36 3.144118845429393897e-50 1.185512470253866510e-77
3.621137123745819530e-01 1.074006421608023195e-03 2.629178274210827032e-04 2.417164867985990025e-06 2.085878107464630516e-09 2.315416758509158580e-13 1.945157073128189439e-18 3.219872673427386776e-25 4.069001006918283351e-34 4.185575738591226996e-48 1.139842466869856870e-74
3.754882943143812990e-01 1.059372477989501760e-03 3.630953057485958942e-04 5.091823584617956381e-06 6.896684646565613144e-09 1.228852046025641243e-12 1.748568056124950915e-17 5.458953637174120787e-24 1.469952611160700322e-32 4.528532677233978552e-46 8.348122006297331168e-72
3.888628762541806450e-01 1.026386231096542302e-03 4.818540315263255343e-04 1.009507862385143009e-05 2.108000049164485310e-08 5.925277067777242159e-12 1.401786890090474323e-16 8.075869693322295089e-23 4.517145949408722136e-31 4.019152548567155196e-44 4.713063449020470837e-69
4.022374581939799354e-01 9.762687744917854541e-04 6.160984611529984195e-04 1.890160340546036746e-05 5.980457113575140693e-08 2.607946322434971797e-11 1.007658920055385220e-15 1.049101691469768270e-21 1.189471867238211924e-29 2.951915460227147501e-42 2.074373895192774055e-66
4.156120401337792813e-01 9.114543902904400675e-04 7.607921923695105558e-04 3.353059319941781514e-05 1.580855795286200920e-07 1.052453039081839619e-10 6.528480927924292155e-15 1.203895381749269888e-20 2.702656034239519953e-28 1.809196666193093914e-40 7.194298838109764690e-64
4.289866220735786273e-01 9.267262947943755462e-04 1.008819431221911469e-03 6.271487687889235605e-05 4.335382054723160037e-07 4.338731891124302556e-10 4.250165989793694856e-14 1.361671772351070632e-19 5.917599885604839444e-27 1.034725579106250090e-38 2.203594070647388691e-61
4.423612040133779733e-01 8.339418842586407464e-04 1.169263834890366723e-03 1.007654718034639883e-04 1.005559476345213483e-06 1.490366720204573514e-09 2.269241280865130455e-13 1.239877964305467299e-18 1.020731060633819962e-25 4.520231098039618291e-37 4.889754524363093348e-59
4.557357859531773192e-01 7.372592021809570720e-04 1.316512449295806006e-03 1.547207897109280079e-04 2.195611504685778634e-06 4.750624185127185854e-09 1.107264565635664874e-12 1.013517966890135038e-17 1.548014454553451491e-24 1.685384111766775071e-35 8.801356789000694061e-57
4.691103678929766096e-01 6.407470547960509395e-04 1.442183120315908371e-03 2.276058084459478548e-04 4.526973987212997235e-06 1.410254940816818281e-08 4.958216262616637832e-12 7.473608334604496178e-17 2.075789555209427622e-23 5.399850131411141781e-34 1.296305506258477296e-54
4.824849498327759556e-01 5.478404548991864208e-04 1.539211470105692836e-03 3.215500282935303158e-04 8.839598445345868335e-06 3.912165875896026269e-08 2.045593822207817185e-11 4.994253878155877043e-16 2.474349262814339641e-22 1.496254857881353780e-32 1.575301443940669199e-52
4.958595317725753016e-01 4.611658823367964337e-04 1.602507411257834188e-03 4.372301398906247864e-04 1.639191153678763312e-05 1.017462591894114462e-07 7.804847002732253833e-11 3.037723542035995703e-15 2.635226739494801795e-21 3.607697778200471408e-31 1.592017418401496114e-50
5.092341137123745920e-01 3.824957581171155286e-04 1.629375448600353226e-03 5.734151135653383106e-04 2.894249253424196650e-05 2.488513015258022295e-07 2.763830219929809389e-10 1.688752251550181639e-14 2.519742019117506244e-20 7.613530125633228334e-30 1.348108308699962607e-48
5.226086956521739380e-01 3.128050655388896206e-04 1.619654587385389996e-03 7.267165680297724964e-04 4.877836665481948821e-05 5.740557011090974890e-07 9.114560124727464095e-10 8.614669401782909548e-14 2.173077090896156892e-19 1.414107003622367117e-28 9.633952007329259074e-47
5.359832775919732839e-01 2.523939192152336143e-04 1.575575968156949641e-03 8.916178247944390577e-04 7.865400507621797934e-05 1.252478636366752645e-06 2.808288674107975065e-09 4.047608275886440117e-13 1.697770112011087683e-18 2.323875311973265925e-27 5.849924989840641495e-45
5.493578595317726299e-01 2.010407267019801260e-04 1.501377596911649586e-03 1.060806876000645795e-03 1.216124122899166172e-04 2.591424904043672173e-06 8.108989270593537234e-09 1.757922645645828248e-12 1.206647313521500137e-17 3.395965756695620014e-26 3.037995999037108626e-43
5.627324414715719758e-01 1.649129955703573238e-04 1.462662177109894449e-03 1.278138260678878934e-03 1.883954009734308650e-04 5.315159938985896055e-06 2.294822112412928604e-08 7.383929848463041811e-12 8.167164283163686959e-17 4.623609760120089486e-25 1.415707705830025370e-41
5.761070234113713218e-01 1.281812021989071383e-04 1.341123980523975219e-03 1.436495348161901525e-03 2.694792745744079552e-04 9.963537299799456241e-06 5.870487226674455929e-08 2.767862293274804643e-11 4.860371503192457228e-16 5.419058897438437129e-24 5.477103428301647563e-40
5.894816053511705567e-01 9.846532779105781968e-05 1.207859549515765286e-03 1.572419194410193486e-03 3.718044392799123516e-04 1.783945999425688432e-05 1.419267198226071482e-07 9.684579071292183775e-11 2.661394934972182340e-15 5.725986414605451725e-23 1.844746015730870563e-38
6.028561872909699026e-01 7.477040516957533052e-05 1.069460094862621606e-03 1.678503018077200570e-03 4.956766021332917023e-04 3.057442506959399378e-05 3.251046654001801345e-07 3.172344844812988423e-10 1.345515510101205175e-14 5.477322553600467042e-22 5.438416669826450052e-37
6.162307692307692486e-01 5.613585534974314560e-05 9.317080541769031483e-04 1.749385547483338181e-03 6.395778811542905977e-04 5.026125800092089878e-05 7.073013893725579624e-07 9.755936813091785418e-10 6.301401231067239323e-14 4.762155845216158187e-21 1.410572565064968817e-35
6.296053511705685946e-01 4.167528144181574491e-05 7.993081029620462087e-04 1.782176111539500191e-03 7.999720467326186741e-04 7.940564381339300848e-05 1.464916810908895721e-06 2.824339043825781112e-09 2.742328628911635034e-13 3.777497141749016002e-20 3.234763708878523907e-34
6.429799331103679405e-01 3.059858424589011211e-05 6.757746032445795855e-04 1.776581602583151513e-03 9.713576288124776232e-04 1.207850638655608871e-04 2.894724937996635627e-06 7.716883956385960835e-09 1.112345098022628178e-12 2.743748116777453270e-19 6.589560702728859916e-33
6.563545150501672865e-01 2.222108664578192522e-05 5.634507977963904273e-04 1.734745014745623553e-03 1.146587745118109484e-03 1.772058555125156421e-04 5.468928066774062980e-06 1.994862220690940409e-08 4.217383933026937837e-12 1.831168729943027531e-18 1.197815875441013489e-31
6.697290969899666324e-01 1.596361185083385262e-05 4.636242351559908626e-04 1.660846756548842130e-03 1.317428602385249149e-03 2.511684612899495617e-04 9.898518016784277435e-06 4.890476825455118074e-08 1.498722890713567468e-11 1.126664939063770853e-17 1.951242279610683884e-30
6.831036789297659784e-01 1.174246546803203511e-05 3.898418386137382226e-04 1.614987641830697117e-03 1.526751662140904192e-03 3.564903468344002269e-04 1.779653456430812286e-05 1.179304949925368524e-07 5.179711205220652042e-11 6.634545525847544087e-17 2.960050559845970071e-29
6.964782608695653243e-01 8.259289763558476017e-06 3.129507377967913708e-04 1.490608788734092615e-03 1.668233481896837841e-03 4.737908632809835117e-04 2.973080250856557005e-05 2.617507164701099308e-07 1.629676115244652122e-10 3.501942082686776608e-16 3.919942435173365539e-28
7.098528428093645593e-01 5.749914023198768501e-06 2.483317091964589015e-04 1.352641211689822919e-03 1.780613162488029659e-03 6.110615150744034673e-04 4.784445435449623778e-05 5.545275316381011206e-07 4.842217297877559623e-10 1.719648361464589441e-15 4.707415018892935232e-27
7.232274247491639052e-01 3.962901370851904541e-06 1.948691900116722973e-04 1.207777861009488038e-03 1.858526506990615390e-03 7.658102440185676285e-04 7.428991907154585794e-05 1.123538137213853246e-06 1.361864133305984982e-09 7.877870517128410878e-15 5.144884087765449884e-26
7.366020066889632512e-01 2.704619736831281446e-06 1.512767333356316332e-04 1.061991843414927068e-03 1.898871786477436454e-03 9.337783402094324741e-04 1.114772328494213885e-04 2.181229206304785995e-06 3.633518002681656953e-09 3.375756392952089116e-14 5.135245014395140695e-25
7.499765886287625971e-01 1.828339078614472233e-06 1.162149434573525619e-04 9.202619376385008220e-04 1.900957201113042880e-03 1.109105711252338046e-03 1.619017883480915263e-04 4.064880336443916906e-06 9.216005577825666487e-09 1.356539816249435018e-13 4.696547116153564846e-24
7.633511705685619431e-01 1.224585037965664073e-06 8.837686194304758514e-05 7.864405358047975693e-04 1.866393418532956818e-03 1.284702129168545414e-03 2.279004214549980810e-04 7.284130470626478329e-06 2.226692702622068577e-08 5.124520583999880956e-13 3.948280073399662491e-23
7.767257525083612890e-01 8.128925750611793290e-07 6.654480375025549784e-05 6.632437709846569687e-04 1.798770885840773447e-03 1.452786335297554009e-03 3.113539718946730837e-04 1.257214249877230271e-05 5.134812664468433799e-08 1.824103529753778594e-12 3.060356398521059539e-22
7.901003344481606350e-01 5.516619240390789196e-07 5.117277571727878627e-05 5.695745987885790420e-04 1.756347543479456000e-03 1.655641015672672158e-03 4.262711419350975577e-04 2.158628452872344078e-05 1.167602237356221441e-07 6.323308988043699863e-12 2.261977348925540479e-21
8.034749163879598699e-01 3.600397004215750843e-07 3.780164571008972610e-05 4.686514641669618070e-04 1.635183079281237947e-03 1.789884005432696877e-03 5.506457819568016075e-04 3.472509813436592586e-05 2.466340383917234781e-07 2.011760324510348991e-11 1.503409384567048718e-20
8.168494983277592159e-01 2.331067723970034069e-07 2.766736195102531204e-05 3.811959826629424163e-04 1.498073517608800378e-03 1.894667988684329988e-03 6.928901515111740919e-04 5.404832603544821364e-05 4.999142272634160385e-07 6.070031456360100454e-11 9.290858694080256366e-20
8.302240802675585618e-01 1.497714130073901383e-07 2.006770689012464805e-05 3.066582120320441749e-04 1.351563877100087291e-03 1.965530788408665231e-03 8.502346064991443686e-04 8.150678981156012244e-05 9.739608559420470669e-07 1.740404685390513613e-10 5.352364287952584683e-19
8.435986622073579078e-01 9.552460016120487029e-08 1.442739168807319344e-05 2.440950932218904120e-04 1.201675947483285328e-03 2.000034692917105131e-03 1.018468926237528320e-03 1.192478138509244564e-04 1.826764339441555679e-06 4.750965191564225485e-10 2.881533784946632980e-18
8.569732441471572537e-01 6.050008670517785148e-08 1.028314396738518632e-05 1.923243814979159506e-04 1.053611998872116618e-03 1.997851224081368619e-03 1.192122287605197140e-03 1.694720439893632787e-04 3.303571287530823840e-06 1.237032454301452067e-09 1.453197090685551332e-17
8.703478260869565997e-01 3.806205157931932352e-08 7.267779020360341182e-06 1.500503918280522242e-04 9.115828865874049192e-04 1.960645844465277229e-03 1.364789897044169564e-03 2.342378387027720956e-04 5.768791971310000009e-06 3.077602544953929624e-09 6.880848982402653345e-17
8.837224080267559456e-01 2.379375246516264664e-08 5.094566018327624376e-06 1.159604148149472920e-04 7.787490033976137002e-04 1.891795624956436146e-03 1.529574642466051404e-03 3.152267027094325744e-04 9.740961800314084813e-06 7.328438312965143156e-09 3.065712936569837676e-16
8.970969899665552916e-01 1.478444489543538886e-08 3.542720424078055308e-06 8.879369043571358130e-05 6.572530598664437290e-04 1.795989408585036253e-03 1.679595543589737115e-03 4.134925353238471583e-04 1.592674607519896875e-05 1.672958736341046210e-08 1.287986224106014642e-15
9.104715719063546375e-01 9.414176829929340987e-09 2.519519386769668764e-06 6.945497000793976450e-05 5.651495769880883089e-04 1.730295602218978645e-03 1.864016431579751561e-03 5.454685679873786091e-04 2.602318429263353016e-05 3.779590070772255443e-08 5.269799990980867048e-15
9.238461538461538725e-01 5.784505402491189758e-09 1.725398565626277752e-06 5.225457137539708086e-05 4.662798019793212216e-04 1.593507996613746690e-03 1.969617839689038682e-03 6.818616046719815083e-04 4.004890307123235065e-05 7.966836435701563171e-08 1.980477566964511822e-14
9.372207357859532184e-01 3.536016016195875782e-09 1.172960747723502350e-06 3.898328153753464825e-05 3.806389672467659548e-04 1.446815895586590732e-03 2.043865512240809843e-03 8.332642335632029678e-04 5.990660282248719840e-05 1.617225181413301176e-07 7.059691190237245267e-14
9.505953177257525644e-01 2.151050278490283234e-09 7.917774393666390459e-07 2.884454865829239983e-05 3.075741636924414577e-04 1.295874661860706460e-03 2.084337412514152520e-03 9.963567518732098505e-04 8.720055297437026500e-05 3.165975369324112460e-07 2.391266651685108628e-13
9.639698996655519103e-01 1.302554394231040133e-09 5.308269173686202510e-07 2.117260915889096931e-05 2.461098521971575117e-04 1.145663071701700023e-03 2.090371600701272300e-03 1.166699994930708558e-03 1.236547071786106523e-04 5.985279408394892637e-07 7.709994077254259704e-13
9.773444816053512563e-01 7.853569100809368854e-10 3.535398275647413595e-07 1.542060490626704240e-05 1.950788660290996750e-04 1.000314164991743769e-03 2.063009044843521454e-03 1.338949828605135979e-03 1.710076118402888124e-04 1.094127790177366629e-06 2.370243659151675773e-12
9.907190635451506022e-01 4.716038525141332624e-10 2.339726997687238448e-07 1.114638368763315493e-05 1.532290172788175161e-04 8.630398900896897943e-04 2.004804610048056129e-03 1.507168578368425337e-03 2.308769087946549036e-04 1.936447478819064623e-06 6.959006543894353997e-12
1.004093645484949837e+00 2.821214505753640875e-10 1.539002371575770409e-07 7.997606760602075517e-06 1.193048055326557103e-04 7.361353419565345524e-04 1.919538011796330552e-03 1.665204326599325482e-03 3.046024077789682614e-04 3.322203457994238251e-06 1.954310598078169361e-11
1.017468227424749072e+00 1.681701918297454279e-10 1.006389471916334603e-07 5.697270605256360933e-06 9.210596268087947063e-05 6.210440334357713622e-04 1.811863310355410137e-03 1.807100495529480365e-03 3.930811929121228398e-04 5.531471877105932321e-06 5.257561193600491454e-11
1.030842809364548529e+00 1.030488150580160602e-10 6.749556568738603817e-08 4.156869346491530191e-06 7.274004391846925551e-05 5.347416236221570968e-04 1.739897857003586167e-03 1.988008366554641984e-03 5.122024340921993739e-04 9.229295759330474410e-06 1.399501624981787734e-10
1.044217391304347764e+00 6.103322455303244102e-11 4.365363049875575957e-08 2.920758134697702750e-06 5.525556224247068522e-05 4.419316182286185885e-04 1.598721624201516860e-03 2.085448304554108224e-03 6.340624757928594452e-04 1.452239610193968587e-05 3.469903258022652690e-10
1.057591973244147221e+00 3.604446447348536630e-11 2.808850968525999069e-08 2.038762125336379235e-06 4.165088715806417697e-05 3.617031199080953372e-04 1.450506616485714969e-03 2.152846992295046839e-03 7.697161624183706781e-04 2.225041797136942124e-05 8.276112393339967098e-10
1.070966555183946456e+00 2.123004228240624237e-11 1.798460343798411839e-08 1.414055470555636226e-06 3.116140846025919559e-05 2.932895555728624718e-04 1.300101928093863818e-03 2.188318269510981535e-03 9.170040378403056681e-04 3.322899047198292212e-05 1.901363585113418335e-09
1.084341137123745691e+00 1.247356968839368581e-11 1.146134814239514315e-08 9.747259800533501281e-07 2.314454826609395335e-05 2.356889036489048198e-04 1.151728692696122333e-03 2.191452711272909477e-03 1.072927012050259223e-03 4.841838789605632236e-05 4.212878357536766325e-09
1.097715719063545148e+00 7.312106051684945271e-12 7.271601363395316529e-09 6.678856674305710791e-07 1.706906234025155095e-05 1.877679456398630522e-04 1.008866492147038156e-03 2.163261711225464030e-03 1.233747677918307093e-03 6.890324218405056544e-05 9.013513382382426980e-09
1.111090301003344383e+00 4.277469683849946569e-12 4.593869653131290834e-09 4.550009939299421072e-07 1.250222873646409229e-05 1.483461641499491594e-04 8.742085648944708434e-04 2.106024257048073542e-03 1.395153650347280691e-03 9.585492689132901008e-05 1.864315251503247327e-08
1.124464882943143840e+00 2.497478956614448972e-12 2.890506950580786296e-09 3.082478670794130073e-07 9.096348430332762159e-06 1.162594756071697765e-04 7.496749599330886169e-04 2.023058885658714223e-03 1.552471208204024046e-03 1.304763384833075200e-04 3.732039090016765284e-08
1.137839464882943075e+00 1.455666099136347272e-12 1.811783446447447232e-09 2.077072988765642918e-07 6.575544083201849551e-06 9.040547746167905256e-05 6.364701619073965437e-04 1.918447881114424252e-03 1.700912513069265629e-03 1.739309459370815502e-04 7.238520372688360457e-08
1.151214046822742532e+00 8.770493798719045082e-13 1.171518098868852968e-09 1.441580604437910200e-07 4.890446358884612872e-06 7.223898384344469635e-05 5.540875084651293581e-04 1.860250369482636902e-03 1.900727001802831814e-03 2.352930661141661422e-04 1.409858494210573227e-07
1.164588628762541767e+00 5.096662406931330849e-13 7.291486217931721246e-10 9.615573005524083277e-08 3.491614243371129447e-06 5.534672101664960550e-05 4.615906820348924340e-04 1.721439687388691062e-03 2.022034767870614994e-03 3.015916777677182846e-04 2.575114568712604936e-07
1.177963210702341001e+00 2.958004378659953737e-13 4.523515695707307523e-10 6.383080384220804677e-08 2.478162878453620516e-06 4.210563585057825576e-05 3.811068186189475108e-04 1.574637372535401441e-03 2.121216624148342372e-03 3.795283059287873646e-04 4.571187522544161716e-07
1.191337792642140458e+00 1.714849462152341957e-13 2.797754307550959071e-10 4.217813617899074664e-08 1.748789360402047615e-06 3.181345216377733548e-05 3.119514019195982250e-04 1.424342589713888064e-03 2.195371707173268943e-03 4.692703418621135803e-04 7.893866182863957795e-07
1.204712374581939693e+00 9.931799124138230069e-14 1.725418510010499976e-10 2.774777649584102317e-08 1.227231883716907312e-06 2.387775942807479989e-05 2.532270688462778742e-04 1.274570358779589414e-03 2.242571142318216301e-03 5.705374448599417198e-04 1.327340977770992546e-06
1.218086956521739150e+00 5.747282512082222303e-14 1.061222055631784924e-10 1.817745973024881432e-08 8.565917074857833157e-07 1.780634808265807326e-05 2.039115981218112006e-04 1.128736409760255867e-03 2.261925658337779824e-03 6.825642311265800932e-04 2.175197119982085337e-06
1.231461538461538385e+00 3.323421072376544134e-14 6.510556518890865271e-11 1.185991078383219709e-08 5.947782659128904362e-07 1.319586228416636672e-05 1.629301903694334200e-04 9.895968974492999094e-04 2.253587275750342737e-03 8.040912452860222298e-04 3.477103408666668506e-06
1.244836120401337842e+00 1.920655852348077510e-14 3.984746391376605906e-11 7.708153859000924982e-09 4.109087749728390099e-07 9.719919475953242748e-06 1.292118069942946106e-04 8.592367021617136310e-04 2.218689297348430418e-03 9.333857415496885253e-04 5.426347959269100722e-06
1.258210702341137077e+00 1.109445537491869376e-14 2.433449374458125228e-11 4.991325995197406254e-09 2.825004563552734725e-07 7.117500066191468478e-06 1.017305328641342633e-04 7.390974679913044293e-04 2.159233433933256934e-03 1.068291113191965208e-03 8.274201495595351016e-06
1.271585284280936534e+00 6.406242497760116320e-15 1.483026833068144906e-11 3.220715172807220847e-09 1.933079742836232761e-07 5.182127123791880232e-06 7.953368838457540208e-05 6.300353297506824154e-04 2.077936271859294037e-03 1.206301392940367428e-03 1.233729773097516070e-05
1.284959866220735769e+00 3.698182296834443235e-15 9.020788382989488986e-12 2.071247606527035629e-09 1.316769709965333282e-07 3.752134790842696384e-06 6.175881014164613799e-05 5.323982456414489209e-04 1.978049232761733885e-03 1.344655377789589915e-03 1.800224870315928830e-05
1.298334448160535004e+00 2.134545372833729962e-15 5.477347226527006404e-12 1.327778924236348108e-09 8.930400373047753552e-08 2.702159519619740497e-06 4.764172889780052240e-05 4.461136996238459335e-04 1.863166666326520086e-03 1.480443772243741733e-03 2.572611061026635227e-05
1.311709030100334461e+00 1.231961781662160378e-15 3.320363766773097057e-12 8.485990089881897596e-10 6.031198952454915156e-08 1.935872135025913913e-06 3.651788192325540201e-05 3.707789596135932790e-04 1.737035887044034417e-03 1.610722332444990135e-03 3.603140236469428494e-05
1.325083612040133696e+00 7.444728962255427651e-16 2.104224876983865958e-12 5.662049847498552535e-10 4.247386437188161981e-08 1.444739019346910066e-06 2.912609828654950800e-05 3.201161651485309278e-04 1.678730690373521827e-03 1.814047558610419695e-03 5.182062477565862617e-05
1.338458193979933153e+00 4.297449358747474525e-16 1.271909761082854064e-12 3.598454755403972577e-10 2.845804676991023070e-08 1.024776260248430509e-06 2.205518164744921651e-05 2.619676741932671802e-04 1.534632055895673256e-03 1.930098068583568829e-03 6.986383967405805889e-05
1.351832775919732388e+00 2.481214899415831782e-16 7.678484472999074102e-13 2.281063549946679653e-10 1.899612544288723070e-08 7.234478049304777738e-07 1.660401939143475269e-05 2.128080036594966282e-04 1.389771673243166443e-03 2.032048896586764308e-03 9.250593948550154318e-05
1.365207357859531845e+00 1.432997079371673470e-16 4.630212702805237505e-13 1.442445471164629513e-10 1.263477488924829617e-08 5.083818748056706065e-07 1.242984380575086206e-05 1.716453494725934698e-04 1.247141657945253623e-03 2.117753302600527097e-03 1.203764694230702537e-04
1.378581939799331080e+00 8.279183750303070478e-17 2.789214130716685850e-13 9.100431961045673413e-11 8.374852240727176891e-09 3.556663597691647140e-07 9.254245176147667308e-06 1.374925656564756162e-04 1.109264538988640175e-03 2.185501635140723719e-03 1.540454628944352999e-04
1.391956521739130537e+00 4.785457620036499433e-17 1.678671327950546442e-13 5.729059204666578451e-11 5.532956610530682565e-09 2.477590572703299400e-07 6.853461385341523375e-06 1.094018199162141518e-04 9.781651487013904179e-04 2.234065890479851671e-03 1.939837986847270000e-04
1.405331103678929772e+00 2.767477733679067016e-17 1.009480702094648434e-13 3.599313449371723357e-11 3.643928007151672502e-09 1.718752848786621038e-07 5.049417099941569208e-06 8.648865093817088097e-05 8.553711286484222713e-04 2.262724254750334788e-03 2.405242583535316999e-04
1.418705685618729007e+00 1.601397180513563415e-17 6.066284887514668341e-14 2.256969550540820507e-11 2.392628605454075139e-09 1.187562749233792522e-07 3.701703318383185879e-06 6.794699996468393549e-05 7.419369353660556663e-04 2.271266096116933940e-03 2.938264304664075437e-04
1.432080267558528464e+00 9.272491463280568728e-18 3.643193501162386014e-14 1.412714189790910734e-11 1.566509165789302052e-09 8.173724996140000010e-08 2.700574165102799110e-06 5.305689771322915358e-05 6.384856497877332195e-04 2.259978516580900178e-03 3.538485206675169993e-04
1.445454849498327698e+00 5.372830896745230277e-18 2.186839608753169450e-14 8.827885984795481254e-12 1.022823017154147969e-09 5.604847929603724464e-08 1.960957665678818561e-06 4.118644765635014155e-05 5.452628602523941926e-04 2.229616100293067490e-03 4.203287111024880691e-04
1.458829431438127155e+00 3.115622865603658213e-18 1.312096905072426352e-14 5.507855007829484885e-12 6.660921000822631841e-10 3.829543311851118761e-08 1.417424530580582022e-06 3.178960712442778182e-05 4.621972862160055604e-04 2.181355943557995464e-03 4.927780082937184992e-04
1.472204013377926390e+00 1.808198074273145442e-18 7.869854269580458425e-15 3.431465354007877739e-12 4.327023186987845744e-10 2.607518461137958276e-08 1.020027633055069370e-06 2.440107032018526807e-05 3.889635093332033085e-04 2.116740440975014518e-03 5.704856023136512357e-04
1.485578595317725847e+00 1.050339752368567922e-18 4.719057992324938133e-15 2.134983159931380908e-12 2.804263371214065198e-10 1.769546103446252345e-08 7.309094369909708347e-07 1.862933505638002450e-05 3.250430540560761417e-04 2.037610632228215556e-03 6.525367354175057571e-04
1.498953177257525082e+00 6.106866729484507442e-19 2.829217986665161735e-15 1.326697292270964557e-12 1.813322638069419877e-10 1.197033174770291747e-08 5.215704868035992092e-07 1.414881197539304096e-05 2.697809995359867026e-04 1.946033167243572948e-03 7.378420596424409977e-04
1.512327759197324317e+00 3.554127583649928683e-19 1.696028851331301465e-15 8.234839075458665540e-13 1.170061621753260872e-10 8.072627673711330931e-09 3.706954665434697539e-07 1.069162737685094332e-05 2.224362186340667253e-04 1.844224095947797227e-03 8.251765595962758408e-04
1.525702341137123774e+00 2.070587477288917484e-19 1.016688063987795724e-15 5.106062641447173266e-13 7.534752901793355232e-11 5.428021772557902875e-09 2.624413618572115568e-07 8.039588143960138046e-06 1.822241635181334773e-04 1.734472704140824781e-03 9.132254186842709946e-04
1.539076923076923009e+00 1.207589234612892999e-19 6.094815098544420677e-16 3.163044782967799630e-13 4.842881030408543463e-11 3.639473146617268684e-09 1.851027537818063452e-07 6.016624050222131763e-06 1.483518105225630911e-04 1.619068478741754989e-03 1.000633774593248388e-03
1.552451505016722466e+00 7.050632840244918833e-20 3.654105559624392991e-16 1.957725347450655627e-13 3.107131277902231597e-11 2.433643456437273122e-09 1.300807023680505224e-07 4.481899647495896618e-06 1.200449212528461083e-04 1.500233988377636584e-03 1.086057168361385028e-03
1.565826086956521701e+00 4.121330210526389117e-20 2.191177811808719749e-16 1.210774019594471481e-13 1.990130630217334439e-11 1.623106231841415248e-09 9.109300966225355689e-08 3.323693205066824399e-06 9.656817130109136837e-05 1.380066021189677505e-03 1.168209631594648674e-03
1.579200668896321158e+00 2.411923503413855618e-20 1.314247674438055459e-16 7.482999198013775382e-14 1.272663470952482173e-11 1.079835041222878895e-09 6.357424321546280695e-08 2.454070544312935706e-06 7.723895394445442987e-05 1.260486760050235754e-03 1.245906739407189089e-03
1.592575250836120393e+00 1.574257317912531359e-20 8.783338142199229567e-17 5.148472758323181438e-14 9.052152601103981420e-12 7.983436616319200468e-10 4.926129915098501867e-08 2.009881630245207653e-06 6.843453028568438460e-05 1.273439442884093673e-03 1.468258795480450020e-03
1.605949832775919628e+00 9.235942149921261932e-21 5.271596807550079792e-17 3.178319872334615515e-14 5.772051493793147568e-12 5.286685308411422448e-10 3.415870131761433544e-08 1.471697654899259083e-06 5.413917935609524043e-05 1.146998144389563008e-03 1.541566141429179205e-03
1.619324414715719085e+00 5.425598775419907103e-21 3.165210476439438661e-17 1.961189877111747676e-14 3.675719065413560214e-12 3.493311990468081842e-10 2.361403785378359547e-08 1.073343349034944318e-06 4.260549381025977565e-05 1.026114558884784001e-03 1.606982663096458456e-03
1.632698996655518320e+00 3.191452145020053203e-21 1.901357180639593555e-17 1.209695347403204286e-14 2.337905591752873549e-12 2.303541087674823200e-10 1.627647819560637379e-08 7.797995269837495797e-07 3.335810830139779244e-05 9.118609228762876657e-04 1.663942730492559089e-03
1.646073578595317777e+00 1.879817482437992829e-21 1.142740061973268448e-17 7.459282298319302232e-15 1.485325815458864733e-12 1.516011280009381815e-10 1.118713318017806481e-08 5.644202302045950461e-07 2.598851634659852372e-05 8.050304127491425717e-04 1.712094018983061376e-03
1.659448160535117012e+00 1.108770155545721451e-21 6.871868241089859313e-18 4.598455419021674641e-15 9.426771233847379367e-13 9.958613373155271681e-11 7.668162278926553182e-09 4.070496877137009731e-07 2.014959661701786400e-05 7.061526877760788577e-04 1.751288810422913607e-03
1.672822742474916469e+00 6.549030631219570729e-22 4.134908727064894750e-18 2.834320732869056091e-15 5.977036565575515053e-13 6.530196678217103435e-11 5.242312172157872489e-09 2.925272891169198213e-07 1.554944137625897344e-05 6.155164915109240633e-04 1.781568178513843548e-03
1.686197324414715704e+00 3.873759835260061080e-22 2.489659816300722216e-18 1.746767980975085674e-15 3.786384098779012563e-13 4.274885516724415758e-11 3.574848004374478184e-09 2.095112091505124008e-07 1.194493733893248449e-05 5.331973096987889776e-04 1.803140777284941874e-03
1.699571906354515161e+00 2.294660602755879246e-22 1.500083684256230521e-18 1.076457297634320171e-15 2.396692077762518033e-13 2.794038329698301142e-11 2.431859446010439815e-09 1.495604819730635568e-07 9.135431968300677794e-06 4.590881353455314061e-04 1.816358005775415858e-03
1.712946488294314396e+00 1.361268091812346030e-22 9.045029301545631779e-19 6.633747172516160094e-16 1.515934965000069664e-13 1.823423792508960135e-11 1.650470124127705399e-09 1.064243449410030780e-07 6.956717625715513838e-06 3.929315503698789123e-04 1.821687247921509713e-03
1.726321070234113630e+00 8.087552117815371542e-23 5.458085426376518073e-19 4.088328484094111372e-16 9.582096821727372966e-14 1.188302351323264170e-11 1.117651356076353573e-09 7.549610072111487754e-08 5.275483049436390061e-06 3.343515697161001808e-04 1.819684713673083536e-03
1.739695652173913087e+00 4.812236817119499574e-23 3.296268979498086178e-19 2.519885064569442984e-16 6.053158957280109798e-14 7.733677217336327765e-12 7.552222152697664968e-10 5.339632945615381724e-08 3.984315883318946266e-06 2.828839783067218150e-04 1.810969167312382645e-03
1.753070234113712322e+00 2.867748743441256308e-23 1.992380628946839251e-19 1.553410408350516309e-16 3.821853528249470522e-14 5.026891666676851280e-12 5.092748129031689926e-10 3.765690876130017143e-08 2.997289921192167899e-06 2.380041959604600374e-04 1.796197552609340694e-03
1.766444816053511779e+00 1.711617254693344690e-23 1.205324622604316885e-19 9.578198057772292619e-17 2.411928180817253173e-14 3.263631137916822843e-12 3.427496812167438570e-10 2.648295547351967915e-08 2.246134354368886106e-06 1.991520064856166432e-04 1.776043238999202743e-03
1.779819397993311014e+00 1.023176213984262910e-23 7.298470049251917998e-20 5.907371895742269191e-17 1.521528461648878382e-14 2.116524759150353794e-12 2.302431998010890254e-10 1.857453819006617388e-08 1.676957359002339298e-06 1.657527658184957710e-04 1.751177340358400347e-03
1.793193979933110471e+00 6.126024840036274012e-24 4.423531330423740018e-20 3.644497745284155383e-17 9.595050398106881652e-15 1.371191499608384702e-12 1.543895924725123392e-10 1.299390830615746727e-08 1.247480598458691895e-06 1.372349471532736931e-04 1.722253314196913474e-03
1.806568561872909706e+00 3.673647579220533700e-24 2.683667056481199924e-20 2.249226234270146437e-17 6.049104998547261672e-15 8.874750276621459270e-13 1.033490179200133399e-10 9.067161042557745465e-09 9.247325670364355362e-07 1.130440807905762389e-04 1.689894844295901366e-03
1.819943143812709163e+00 2.206541559769522060e-24 1.629756009675690166e-20 1.388670271923254195e-17 3.812729756903938648e-15 5.738882364447718758e-13 6.906954500409320250e-11 6.311772607458848897e-09 6.831453377025399247e-07 9.265330001837731092e-05 1.654686848797594541e-03
1.833317725752508398e+00 1.327479053478878274e-24 9.907465779807030659e-21 8.577355739460070981e-18 2.402732847809483718e-15 3.708007841508263736e-13 4.608850838873653783e-11 4.383467009410861370e-09 5.029996577830541309e-07 7.557081274001975783e-05 1.617169338912986983e-03
1.846692307692307633e+00 7.999242522565414674e-25 6.029199525685713978e-21 5.300453619836249155e-18 1.513987264686922282e-15 2.394000404157918089e-13 3.070842720790717441e-11 3.037439307056066924e-09 3.691662137271882575e-07 6.134468567026366416e-05 1.577833777855347031e-03
1.860066889632107090e+00 4.828141396280360936e-25 3.673028821542726668e-21 3.277135207398532287e-18 9.539116697721239674e-16 1.544561872691785424e-13 2.043212583464049208e-11 2.100183413577560462e-09 2.700952830279263637e-07 4.956535948859277423e-05 1.537121550223814010e-03
1.873441471571906325e+00 2.918938729745623929e-25 2.240095976598886718e-21 2.027277067239147484e-18 6.010138389013079363e-16 9.958876440771128882e-14 1.357662914290488656e-11 1.449112406149154912e-09 1.970121736558317068e-07 3.986631608501571290e-05 1.495424142515414806e-03
1.886816053511705782e+00 1.767614164851941948e-25 1.367716343017092213e-21 1.254828502118700519e-18 3.786793132200448191e-16 6.417486099490290612e-14 9.009969303326791003e-12 9.978766492197019564e-10 1.432812890795498806e-07 3.192329988373854781e-05 1.453084648999927687e-03
1.900190635451505017e+00 1.072187524423538744e-25 8.360294978384651024e-22 7.771818417187366598e-19 2.386103063239808450e-16 4.133271278438352311e-14 5.972241350614201373e-12 6.858284634409842499e-10 1.039069868533783432e-07 2.545246075872772750e-05 1.410400247343762898e-03
1.913565217391304474e+00 6.514450409126752674e-26 5.116251608397776525e-22 4.816613679973422068e-19 1.503683171512147631e-16 2.660855647595853706e-14 3.954239795513671046e-12 4.704908359304444889e-10 7.514438843807778296e-08 2.020774210462963086e-05 1.367625329267383892e-03
1.926939799331103709e+00 3.964708347847197120e-26 3.134693240265659913e-22 2.987137482642717448e-19 9.477446553922902175e-17 1.712262897813678993e-14 2.615341580705147627e-12 3.221931123004334340e-10 5.419781407064355391e-08 1.597778909104876206e-05 1.324975018227199852e-03
1.940314381270902944e+00 2.416982601092010679e-26 1.922909148076458490e-22 1.853854361345718095e-19 5.974642142276596218e-17 1.101447669090205817e-14 1.728068612565475640e-12 2.202634360738405425e-10 3.898849798553700313e-08 1.258260287283911305e-05 1.282628854692130721e-03
1.953688963210702401e+00 1.475933291636100834e-26 1.181001210319343084e-22 1.151370947276243206e-19 3.767342041376276293e-17 7.083100903023330814e-15 1.140741719658119737e-12 1.503351586218418444e-10 2.797667525039632492e-08 9.870119410879628951e-06 1.240734477093448796e-03
1.967063545150501636e+00 9.028024001537829935e-27 7.262341661891065577e-23 7.156256625726155417e-20 2.376168546342026004e-17 4.553761490408156428e-15 7.523732447719329858e-13 1.024473889066501516e-10 2.002604407223194648e-08 7.712848516821206382e-06 1.199411170909148432e-03
1.980438127090301093e+00 5.531628987382218941e-27 4.471407842462283608e-23 4.451422014387730529e-20 1.499181829042842476e-17 2.927014662448935610e-15 4.958201935713867575e-13 6.970964734649165805e-11 1.430103874938850517e-08 6.004670927177284389e-06 1.158753198292774775e-03
1.993812709030100327e+00 3.395072818305357860e-27 2.756508360232757481e-23 2.771179225068676830e-20 9.461968865220947202e-18 1.881079275408762007e-15 3.265009092217874017e-13 4.736584656523737955e-11 1.018935094261022614e-08 4.657859158818059533e-06 1.118832855445326280e-03
2.007187290969899784e+00 2.087286044464756353e-27 1.701482791262940004e-23 1.726607953807959342e-20 5.974114739542744068e-18 1.208748804263122452e-15 2.148511452499816682e-13 3.214002581771468060e-11 7.243766706055600131e-09 3.600361638889461509e-06 1.079703234252961212e-03
2.020561872909699019e+00 1.285442228894472417e-27 1.051609447442145625e-23 1.076703153176762730e-20 3.773502160463255005e-18 7.766589050768567284e-16 1.412886075171369727e-13 2.178025833054070876e-11 5.138699005670006020e-09 2.773368834232452327e-06 1.041400688550425495e-03
2.033936454849498254e+00 7.929787550173102122e-28 6.507964771601543034e-24 6.720177941613179509e-21 2.384560129353329698e-18 4.990083929195997408e-16 9.285712862205768775e-14 1.474152571180468567e-11 3.637841887346368473e-09 2.129164303826562789e-06 1.003947023868067504e-03
2.047311036789297489e+00 4.900150388941345672e-28 4.032779833999206371e-24 4.198141745460225510e-21 1.507570769192903589e-18 3.206165859491178945e-16 6.099353178310641335e-14 9.965761669260152426e-12 2.570199515666418150e-09 1.629252115600649119e-06 9.673514429219312030e-04
2.060685618729097168e+00 3.033167610815183265e-28 2.502285970987439378e-24 2.625025664708928049e-21 9.535984194535158103e-19 2.060067801318331592e-16 4.004367255513816866e-14 6.729652130719823196e-12 1.812391647685302242e-09 1.242744213519128235e-06 9.316122877054759362e-04
2.074060200668896403e+00 1.880713501371939665e-28 1.554700322611935756e-24 1.642927290087192335e-21 6.035091686633059651e-19 1.323764293799356270e-16 2.627762768139027013e-14 4.539557805768198233e-12 1.275641513921603373e-09 9.449864097915855256e-07 8.967186231703571297e-04
2.087434782608695638e+00 1.168121491379243716e-28 9.672476498450958463e-25 1.029246250152525964e-21 3.821593109840128178e-19 8.507248420039791897e-17 1.723695253681095772e-14 3.059126497752038246e-12 8.962417455036619171e-10 7.163990758230555247e-07 8.626517075202067876e-04
2.100809364548494873e+00 7.267620828077647551e-29 6.025784275708937230e-25 6.454221493595169768e-22 2.421355072011143649e-19 5.468044360855762997e-17 1.130254512919091498e-14 2.059528406686481862e-12 6.285930343339307754e-10 5.415077499832512739e-07 8.293863905293610101e-04
2.114183946488294552e+00 4.529340308861263203e-29 3.759047136082710646e-25 4.051344453014458541e-22 1.535100382886837275e-19 3.515232486277948430e-17 7.408874354383350618e-15 1.385311734350688819e-12 4.401383007675978810e-10 4.081392875308466735e-07 7.968924745698684284e-04
2.127558528428093787e+00 2.827583904073180875e-29 2.348190890286649201e-25 2.545610628578520167e-22 9.738447522662901154e-20 2.260316927745991841e-17 4.855194686033979570e-15 9.310198312513051003e-13 3.076880992743127566e-10 3.067604486489566343e-07 7.651360638210930780e-04
2.140933110367893022e+00 1.768207251723970992e-29 1.468869994173280060e-25 1.601137856591269154e-22 6.181975783039955822e-20 1.453756103361541943e-17 3.180952515947522220e-15 6.252069214921525588e-13 2.147634250716629182e-10 2.299376348204483416e-07 7.340809161890727609e-04
2.154307692307692257e+00 1.107610511286127492e-29 9.200900109943750691e-26 1.008127692624495833e-22 3.926983467358090020e-20 9.352633029679041024e-18 2.083631849136435505e-15 4.195301846112976281e-13 1.496799397530095152e-10 1.718985942679303443e-07 7.036898006112340649e-04
2.167682274247491492e+00 6.949862027224893372e-30 5.771340615545073173e-26 6.354161516215916568e-23 2.496285450709775283e-20 6.018788918329615544e-18 1.364629263473796313e-15 2.813182090092271684e-13 1.041706883730364297e-10 1.281791393217333688e-07 6.739258505563291675e-04
2.181056856187291171e+00 4.368168234408639333e-30 3.625139739586655913e-26 4.009242852102084679e-23 1.587967623656569321e-20 3.874623521115385404e-18 8.936231026355309847e-16 1.885157873427941127e-13 7.239866619447145028e-11 9.534012050389920278e-08 6.447538935476674693e-04
2.194431438127090406e+00 2.750143206301586529e-30 2.280218500221087908e-26 2.532404762507880144e-23 1.010903579636238202e-20 2.495209200530480759e-18 5.851345483394260747e-16 1.262502890565598723e-13 5.025075403987929176e-11 7.074199476752969749e-08 6.161417272834652853e-04
2.207806020066889641e+00 1.734373545962766817e-30 1.436261952626941008e-26 1.601310250448082280e-23 6.440308006030868331e-21 1.607507209750872979e-18 3.831191764356096050e-16 8.450274257092832807e-14 3.483412732882516870e-11 5.236625329204579504e-08 5.880613061270243032e-04
2.221180602006688876e+00 1.095619706917991598e-30 9.059368861107191833e-27 1.013664279941426867e-23 4.106200365279387722e-21 1.036044630865742135e-18 2.508438858221228705e-16 5.653032449554310145e-14 2.411795252613916632e-11 3.867470766813959852e-08 5.604897979381769655e-04
2.234555183946488555e+00 6.932745654542849282e-31 5.722301769248995760e-27 6.423822531140203864e-24 2.620098931862412934e-21 6.680273302546135984e-19 1.642399703173074050e-16 3.779918041062180673e-14 1.667905252749575168e-11 2.849916111547335571e-08 5.334104707358169753e-04
2.247929765886287790e+00 4.394173554948419745e-31 3.619539751906120337e-27 4.075471350375253288e-24 1.673194537773600344e-21 4.309337513120116511e-19 1.075409058412970348e-16 2.526335400418610289e-14 1.152177875524550476e-11 2.095531560263425201e-08 5.068133715827647214e-04
2.261304347826087024e+00 2.789804824932987853e-31 2.292697746802765901e-27 2.588516987278910357e-24 1.069382857208939668e-21 2.781231980256291963e-19 7.042086760623659827e-17 1.687813126596925226e-14 7.950714703906961080e-12 1.537589710759737612e-08 4.806957661685543320e-04
2.274678929765886259e+00 1.774161644880311177e-31 1.454293394774149389e-27 1.645950510635993560e-24 6.840448377544158435e-22 1.795907225700960047e-19 4.611846410330910922e-17 1.127194808049527215e-14 5.480902324159572310e-12 1.125893575007011544e-08 4.550623163862661455e-04
2.288053511705685494e+00 1.130142700477084065e-31 9.237826212843144276e-28 1.047800484719246865e-24 4.379320681258241694e-22 1.160271875113468482e-19 3.020693130032531945e-17 7.525423519581453355e-15 3.774656978099995321e-12 8.227933832357232350e-09 4.299249841021517506e-04
2.301428093645485173e+00 7.210942158419297478e-32 5.876255546892302680e-28 6.677897655416948293e-25 2.806116708818353960e-22 7.500214496865476709e-20 1.978831505624901664e-17 5.022684422884443663e-15 2.597181243092994994e-12 6.001312508540887773e-09 4.053026614978065805e-04
2.314802675585284408e+00 4.608580553431145316e-32 3.743218207201731008e-28 4.260919494559422483e-25 1.799646570495211887e-22 4.851032604208649329e-20 1.296561737432279717e-17 3.351421187513010011e-15 1.785441774869841766e-12 4.369066057005177201e-09 3.812205409400060445e-04
2.328177257525083643e+00 2.950234468073034122e-32 2.387830588959923770e-28 2.721900010943632743e-25 1.155198660935975743e-22 3.139420686302161483e-20 8.497107755783883189e-18 2.235759419250836915e-15 1.226384522771535502e-12 3.174989580850908913e-09 3.577092494133779174e-04
2.341551839464882878e+00 1.891723773814283236e-32 1.525372632518071066e-28 1.740800257683509996e-25 7.421971592429947092e-23 2.032954050035237858e-20 5.569979378455741048e-18 1.491208654362443477e-15 8.417121136967824825e-13 2.303197791494415459e-09 3.348037833126268382e-04
2.354926421404682113e+00 1.214977792992520817e-32 9.758038022485583139e-29 1.114643873347672486e-25 4.772874438386626677e-23 1.317273477156769136e-20 3.652172027810152124e-18 9.944500894408400085e-16 5.772639120207144105e-13 1.667933876275137009e-09 3.125422881394603340e-04
2.368301003344481792e+00 7.816024462146772605e-33 6.251195736081222405e-29 7.145556182715831743e-26 3.072158083480317211e-23 8.540867665902723784e-21 2.395379534040432332e-18 6.630897876333852677e-16 3.956185824996511181e-13 1.205890944126796124e-09 2.909647338671795375e-04
2.381675585284281027e+00 5.036257065175075709e-33 4.010306101487841805e-29 4.586176662929016859e-26 1.979312772034381990e-23 5.541313727386776787e-21 1.571566885801516052e-18 4.420990837061911939e-16 2.709489678770701321e-13 8.704449823515349984e-10 2.701115401119949674e-04
2.395050167224080262e+00 3.250361587346378638e-33 2.576353569635450313e-29 2.947014768422555929e-26 1.276429641991232648e-23 3.597617212434517786e-21 1.031422157933857089e-18 2.947389916825468479e-16 1.854485933116073803e-13 6.273367406812943680e-10 2.500222056902573335e-04
2.408424749163879497e+00 2.101138166798908792e-33 1.657473105018024639e-29 1.895974207971188901e-26 8.239388406526287057e-24 2.337303635941484799e-21 6.771648485402841021e-19 1.964891986244964309e-16 1.268530977972585012e-13 4.514480574177375171e-10 2.307339947591959429e-04
2.421799331103679176e+00 1.360423044080710150e-33 1.067824951299107250e-29 1.221244866779791240e-26 5.323687565049336420e-24 1.519565866059353784e-21 4.447497504844392789e-19 1.309890293822565705e-16 8.672333410957779167e-14 3.244020880170476261e-10 2.122807268328349062e-04
2.435173913043478411e+00 8.822405500353548543e-34 6.889148514124066655e-30 7.875801675452382673e-27 3.443128884808457648e-24 9.886307869959000170e-22 2.922194196776036357e-19 8.732488352450205451e-17 5.925754804200027143e-14 2.327817675805365911e-10 1.946917109782394541e-04
2.448548494983277646e+00 5.730478707950642633e-34 4.450842220995091268e-30 5.085220854389749534e-27 2.229053998892285562e-24 6.436721074535405763e-22 1.920803285745608670e-19 5.821827118680694433e-17 4.047056712363810240e-14 1.668107375838829055e-10 1.779908559742991671e-04
2.461923076923076881e+00 3.728059054304695507e-34 2.879580252035861669e-30 3.287373783313140539e-27 1.444500693958772647e-24 4.193886993013106758e-22 1.263121935019391420e-19 3.881591329021293049e-17 2.762724027066905620e-14 1.193791807351416708e-10 1.621959787522756933e-04
2.475297658862876116e+00 2.429180302882557787e-34 1.865630291976689608e-30 2.127715861066252461e-27 9.370178418029340478e-25 2.734610776015519516e-22 8.310058352417724466e-20 2.588214210574148249e-17 1.885179237152035641e-14 8.532615020081862285e-11 1.473183236352852796e-04
2.488672240802675795e+00 1.585327019493178072e-34 1.210404087699836003e-30 1.378809840538312023e-27 6.084344761602748272e-25 1.784457249736866477e-22 5.469742067054850309e-20 1.726000436277437063e-17 1.285874793151726482e-14 6.091211538677534588e-11 1.333622953164583685e-04
2.502046822742475030e+00 1.036232314590783420e-34 7.863981475822141895e-31 8.945860340850654630e-28 3.954743826801277874e-25 1.165342158390159728e-22 3.601976738147939537e-20 1.151176516563156296e-17 8.767771365213314133e-15 4.343219658675007263e-11 1.203253996544559974e-04
2.515421404682274265e+00 6.783776655862004396e-35 5.116355455922805627e-31 5.811222765676623948e-28 2.573143818539830530e-25 7.616265864995836478e-23 2.373194284994758131e-20 7.679147997537372600e-18 5.976370387547811332e-15 3.093318952050463720e-11 1.081983786156712955e-04
2.528795986622073499e+00 4.447941193099452416e-35 3.333372215703629736e-31 3.779559270255690690e-28 1.675920221035806620e-25 4.981687761839048478e-23 1.564410850189619345e-20 5.123464289390797722e-18 4.072456604854305016e-15 2.200696912790686553e-11 9.696551933936798263e-05
2.542170568561873178e+00 2.920898953355608318e-35 2.174755617277544288e-31 2.461180496468481316e-28 1.092668590796138160e-25 3.261076064564327203e-23 1.031810733867066031e-20 3.419031689728155637e-18 2.774333576066919787e-15 1.563996721010277450e-11 8.660511251435586621e-05
2.555545150501672413e+00 1.921059937102762433e-35 1.420820657074823364e-31 1.604629491166314722e-28 7.131346314759167422e-26 2.136482935178953671e-23 6.809061967583745618e-21 2.282128909645192017e-18 1.889541337681123735e-15 1.110372225356220237e-11 7.709003209203335832e-05
2.568919732441471648e+00 1.265403524836924167e-35 9.295414290022603297e-32 1.047454823157210499e-28 4.659126616232532930e-26 1.400863678503926814e-23 4.495920811686690658e-21 1.523643899584647582e-18 1.286653359653118039e-15 7.875446732679981479e-12 6.838840677969363865e-05
2.582294314381270883e+00 8.347909628336558206e-36 6.089721008876930561e-32 6.845815369527189956e-29 3.047117804019789670e-26 9.192930219376170874e-24 2.970297969691648329e-21 1.017516354493592427e-18 8.759630400665301461e-16 5.580485873470543275e-12 6.046435363629377383e-05
2.595668896321070118e+00 5.515486419133790545e-36 3.995062787405458969e-32 4.479653666685843504e-29 1.994928873410609719e-26 6.037779032824484666e-24 1.963527750880624058e-21 6.797074586778859730e-19 5.962664648458661137e-16 3.950708892079251676e-12 5.327874524380087496e-05
2.609043478260869797e+00 3.649589908641171871e-36 2.624494932708574837e-32 2.934897929026669189e-29 1.307436455151478762e-26 3.968889270300361270e-24 1.298778770706307369e-21 4.541854696563494449e-19 4.058227428311446828e-16 2.794472869771520949e-12 4.678998412208001993e-05
2.622418060200669032e+00 2.418550979925407431e-36 1.726482092989604525e-32 1.925177201392637412e-29 8.577687181252970822e-27 2.611153822571472924e-24 8.596064786740268591e-22 3.035866019529961836e-19 2.761750861015845280e-16 1.974976463304275333e-12 4.095476104346406211e-05
2.635792642140468267e+00 1.605144380655354926e-36 1.137289075840828583e-32 1.264379117946341908e-29 5.633490577430117837e-27 1.719375247624483725e-24 5.692926687821801390e-22 2.029913315727542330e-19 1.879295922100533393e-16 1.394684849993592625e-12 3.572877743044086592e-05
2.649167224080267502e+00 1.066884400809979767e-36 7.501883138121153523e-33 8.314047126891677804e-30 3.703768996620675100e-27 1.133147650042670171e-24 3.772660920415620975e-22 1.357766341650956130e-19 1.278729134758703061e-16 9.841403071895899948e-13 3.106741584386595316e-05
2.662541806020067181e+00 7.101690585055134612e-37 4.955169306684355781e-33 5.473634531282024744e-30 2.437643806635815982e-27 7.474509261505324156e-25 2.501732664344841437e-22 9.085150804968549978e-20 8.700506791908784924e-17 6.939354192421983649e-13 2.692634647099179874e-05
2.675916387959866416e+00 4.734171045974567911e-37 3.277431091759996084e-33 3.608001960723804320e-30 1.606044618744958388e-27 4.934711904505497689e-25 1.660043462577679515e-22 6.081426726776516042e-20 5.919741738869023687e-17 4.889632231377293840e-13 2.326206131568164296e-05
2.689290969899665651e+00 3.160535305617784919e-37 2.170668760110122184e-33 2.381139376401320276e-30 1.059270407413049651e-27 3.260816095365225590e-25 1.102269439367054349e-22 4.072410197447652007e-20 4.027750380379575712e-17 3.443040533600627018e-13 2.003233132753261714e-05
2.702665551839464886e+00 2.113043918750233970e-37 1.439582180365493874e-33 1.573364367378751998e-30 6.993888558106678785e-28 2.156644219075810151e-25 7.324027492339783998e-23 2.728201907674193860e-20 2.740520246696802029e-17 2.422870852281472920e-13 1.719658487087597965e-05
2.716040133779264121e+00 1.414764786198777697e-37 9.560051936878542761e-34 1.040877288334837359e-30 4.622680461400155350e-28 1.427646164440509139e-25 4.869787746483170260e-23 1.828464378929657200e-20 1.864760309823563995e-17 1.703937556224103259e-13 1.471620865486751258e-05
2.729414715719063800e+00 9.486029131596787463e-38 6.357155719701633061e-34 6.894371847792642162e-31 3.058671985664454022e-28 9.459204004078203712e-26 3.240199728710435852e-23 1.225991203630546800e-20 1.268940223614971536e-17 1.197636882893040757e-13 1.255477448279556895e-05
2.742789297658863035e+00 6.369506831034195507e-38 4.232940312448809421e-34 4.572081656420888455e-31 2.025985229858456291e-28 6.273103649101493511e-26 2.157440709761998856e-23 8.224030550848690094e-21 8.635665858013907746e-18 8.413122937110795346e-14 1.067819692302186664e-05
2.756163879598662270e+00 4.282969113199941035e-38 2.822253303878260997e-34 3.035683217950159111e-31 1.343396975606159180e-28 4.163954819472033484e-26 1.437522997334117747e-23 5.519300678692642409e-21 5.877534065802453469e-18 5.906934022261502013e-14 9.054828271117196180e-06
2.769538461538461505e+00 2.884021492451069921e-38 1.884179205887183461e-34 2.017999948572640516e-31 8.917384153830398587e-29 2.766476103469538120e-26 9.585238706517983344e-24 3.705874049648316830e-21 4.000801960847320370e-18 4.145259907065039698e-14 7.655497997366275735e-06
2.782913043478261184e+00 1.944746898183382986e-38 1.259559195747092926e-34 1.343096003141654786e-31 5.925647556695728015e-29 1.839699076772651922e-26 6.395970853481566923e-24 2.489485621469318904e-21 2.723699689763203858e-18 2.907621355350112498e-14 6.453504304033385453e-06
2.796287625418060419e+00 1.313213544233130899e-38 8.431073561998413215e-35 8.949794991177201343e-32 3.941844797308546018e-29 1.224523389302996813e-26 4.270989486420809725e-24 1.673192410058280460e-21 1.854552503580322079e-18 2.038598885458255608e-14 5.424565509160988613e-06
2.809662207357859653e+00 8.879978482476820500e-39 5.650837578478960450e-35 5.970876784873796654e-32 2.624995964750486043e-29 8.158102842534482459e-27 2.854118150451827457e-24 1.125133889490236249e-21 1.262972968684534362e-18 1.428712065816923922e-14 4.546738788609722809e-06
2.823036789297658888e+00 6.012974879386962553e-39 3.792330033198489620e-35 3.988236815236542085e-32 1.749939977093813498e-29 5.440193287726965381e-27 1.908708530140745742e-24 7.569883181732833414e-22 8.602626130762677566e-19 1.000892725125099024e-14 3.800313406046195895e-06
2.836411371237458123e+00 4.077222407935137967e-39 2.548358127288118855e-35 2.667106395547943619e-32 1.167838968310328955e-29 3.631146043041828484e-27 1.277421372513703330e-24 5.095716220918387447e-22 5.860800957035719956e-19 7.009239250600168943e-15 3.167684999267456240e-06
2.849785953177257802e+00 2.768430167155151175e-39 1.714642109674099584e-35 1.785726883519301979e-32 7.802035172934608030e-30 2.425930789035937622e-27 8.555752016585577003e-25 3.432074079316264572e-22 3.993728044517394464e-19 4.906876893599137194e-15 2.633216823233995161e-06
2.863160535117057037e+00 1.882320288343784566e-39 1.155161838436475818e-35 1.197026322901317350e-32 5.217923911947732935e-30 1.622255965193195489e-27 5.734744503946150954e-25 2.312850487540079188e-22 2.722087410320833383e-19 3.434001813474943191e-15 2.183093121643392927e-06
2.876535117056856272e+00 1.281565703240732130e-39 7.792308114740163897e-36 8.033503067734527889e-33 3.493431055319739013e-30 1.085844224691600278e-27 3.846840197681599428e-25 1.559487605664239800e-22 1.855812060390311217e-19 2.402519241918298285e-15 1.805169048800505479e-06
2.889909698996655507e+00 8.737199627441272155e-40 5.263091591625095521e-36 5.397807793210973769e-33 2.341374286242689673e-30 7.274843361093696837e-28 2.582442140679708196e-25 1.052115914332918287e-22 1.265553083562883414e-19 1.680404788768534067e-15 1.488820823503664936e-06
2.903284280936454742e+00 5.964640850189642440e-40 3.559302022923086679e-36 3.631111687061590713e-33 1.570917293055793335e-30 4.878524162246838752e-28 1.734984193293209564e-25 7.102254596156645288e-23 8.632709174153862704e-20 1.175035764056780741e-15 1.224799091036090480e-06
2.916658862876254421e+00 4.077309031822677303e-40 2.410101948751233502e-36 2.445513417003834990e-33 1.055113357011028048e-30 3.274632762132290521e-28 1.166543372107296231e-25 4.797151353126718896e-23 5.890334702602850006e-20 8.214622939100306128e-16 1.005087815814079842e-06
2.930033444816053656e+00 2.790852524252822226e-40 1.633992978788842260e-36 1.648948983780135492e-33 7.094269861679527657e-31 2.200121323751830381e-28 7.849618982069744597e-26 3.242116101795471761e-23 4.020356205215683409e-20 5.741595225669532210e-16 8.227704375227167359e-07
2.943408026755852891e+00 1.912805081896462822e-40 1.109191885311535991e-36 1.113139404250222487e-33 4.775056076011044256e-31 1.479588760341335297e-28 5.286160583584520953e-26 2.192476529932450961e-23 2.744897958050418900e-20 4.012312062481604193e-16 6.719045042850270179e-07
2.956782608695652126e+00 1.312718980001927941e-40 7.538803414409005509e-37 7.523076350079956039e-34 3.217442440197765244e-31 9.959698421059862178e-29 3.562688799304442027e-26 1.483562183110500715e-23 1.874693338303321728e-20 2.803384197567686181e-16 5.474055499638904102e-07
2.970157190635451805e+00 9.020626167683719242e-41 5.130207008904843840e-37 5.090299469029293021e-34 2.170220866971710181e-31 6.710617084719977225e-29 2.403049748918803453e-26 1.004486276593352039e-23 1.280801190357640501e-20 1.958414936008518638e-16 4.449406081542152068e-07
2.983531772575251040e+00 6.206719805286478704e-41 3.495437844875936849e-37 3.448192424817138993e-34 1.465403327587424278e-31 4.525745182466967527e-29 1.622170335131679974e-26 6.805383972774037726e-24 8.753577927154096495e-21 1.367946667591749287e-16 3.608314493429491856e-07
2.996906354515050275e+00 4.276069921770483144e-41 2.384514554882486571e-37 2.338504803883917108e-34 9.905347242714785198e-32 3.055127250294690075e-29 1.095923805081241011e-26 4.613541560455874091e-24 5.984758966601065073e-21 9.553972143116478749e-17 2.919673848819377719e-07
3.010280936454849510e+00 2.949723687350715368e-41 1.628649149459060199e-37 1.587749339349631137e-34 6.702559637964492445e-32 2.064335153807537284e-29 7.409958615948297446e-27 3.129623602378441345e-24 4.093262056237665714e-21 6.672013630412329320e-17 2.357272954901871137e-07
3.023655518394648745e+00 2.037363108882439115e-41 1.113734616675006522e-37 1.079246822237219774e-34 4.540139879388103118e-32 1.396184715817615772e-29 5.014226409940174925e-27 2.124360549551687347e-24 2.800649482270850583e-21 4.659031397754763213e-17 1.899104060367043479e-07
3.037030100334448424e+00 1.408973414832489390e-41 7.625353317899960427e-38 7.344344112010554432e-35 3.078608156622497425e-32 9.451860969785989574e-30 3.395830223170709575e-27 1.442930017489788530e-24 1.916984702408034807e-21 3.253175790638554069e-17 1.526752352428867649e-07
3.050404682274247659e+00 9.756209577725255942e-42 5.227087100592582682e-38 5.003534163485938893e-35 2.089754476138794873e-32 6.404769326925989387e-30 2.301669305544302421e-27 9.807212781114732097e-25 1.312663594830163811e-21 2.271432583330638662e-17 1.224860917314799334e-07
3.063779264214046893e+00 6.763945782260259683e-42 3.587388817199004959e-38 3.412640385506992717e-35 1.420007931279140696e-32 4.344114610994793864e-30 1.561333896205789746e-27 6.670086771844466992e-25 8.992226302728443018e-22 1.585914105955704068e-17 9.806645998007916203e-08
3.077153846153846128e+00 4.695226113014566647e-42 2.464980792299018238e-38 2.330194406453916026e-35 9.659171720913472976e-33 2.949242653549940375e-30 1.059999004977961275e-27 4.539469398639286680e-25 6.162599847668130900e-22 1.107270821906500819e-17 7.835861520856525358e-08
3.090528428093645807e+00 3.263225130198436335e-42 1.695752356890394166e-38 1.592868434560402090e-35 6.577207330373529305e-33 2.004153446262727305e-30 7.202325792836413863e-28 3.091494628609036284e-25 4.225202193352213803e-22 7.730883973605878460e-18 6.248881968907500380e-08
3.103903010033445042e+00 2.270745367775043150e-42 1.167945396167110603e-38 1.090063773048884382e-35 4.483266832216041454e-33 1.363208847411821910e-30 4.897770826621009558e-28 2.106801754871445712e-25 2.898154413209474533e-22 5.397741929914786564e-18 4.973747975429168815e-08
3.117277591973244277e+00 1.582040028148421519e-42 8.053622790886995832e-39 7.468033672338831217e-36 3.059129784036422210e-33 9.281207141035508230e-31 3.333367814910837757e-28 1.436721213731329485e-25 1.988793221786419300e-22 3.768852434900333965e-18 3.951367892967618729e-08
3.130652173913043512e+00 1.103547156543075615e-42 5.559888456609922357e-39 5.122017776379757302e-36 2.089538091911163386e-33 6.324945830628637474e-31 2.270532466555655632e-28 9.804304526314947385e-26 1.365385539548988146e-22 2.631639761685209553e-18 3.133354483025582002e-08
3.144026755852842747e+00 7.707002522012202241e-43 3.842769474199467313e-39 3.516854692970236894e-36 1.428731250216202057e-33 4.314386180338443277e-31 1.547862756575635137e-28 6.695118154884186044e-26 9.378251640092474685e-23 1.837680949468612115e-18 2.480195306458626975e-08
3.157401337792642426e+00 5.388874552592367833e-43 2.659031324151301871e-39 2.417376848460194394e-36 9.779066788178970930e-34 2.945714300404253260e-31 1.056082711200172741e-28 4.575077887053251439e-26 6.444550397471438938e-23 1.283352851366721189e-18 1.959711825867874808e-08
3.170775919732441661e+00 3.772466723648617061e-43 1.842047608139073605e-39 1.663446848640644059e-36 6.700228665217721396e-34 2.013126787469854166e-31 7.211483157430933585e-29 3.128521008588362633e-26 4.430682838046391611e-23 8.963138674314920266e-19 1.545766882382755841e-08
3.184150501672240896e+00 2.644017643010151760e-43 1.277538303503049716e-39 1.145898543711178176e-36 4.595427097689280428e-34 1.377082580244018102e-31 4.928477784837043975e-29 2.140826452491483166e-26 3.047607456698704956e-23 6.260627300408079547e-19 1.217184704006252157e-08
3.197525083612040131e+00 1.855289541593771496e-43 8.870336588560051782e-40 7.902310580325956885e-37 3.155039891078670559e-34 9.428803983558409416e-32 3.371032001573847246e-29 1.465976606296045394e-26 2.097300419375831172e-23 4.373456101596648125e-19 9.568518562457785785e-09
3.210899665551839366e+00 1.303359743412515300e-43 6.165904110797607006e-40 5.455451723403145705e-37 2.168329081705486197e-34 6.461902039460097682e-32 2.307677239560745039e-29 1.004562868444212592e-26 1.444037050042792808e-23 3.055527702175909443e-19 7.509715023967464833e-09
3.224274247491639045e+00 9.166826762155158367e-44 4.290830306136568166e-40 3.770283701326012440e-37 1.491713860613176886e-34 4.432723162073139826e-32 1.581064472452049979e-29 6.888631382871699711e-27 9.947520226197815986e-24 2.135046912470165323e-19 5.884469683765885601e-09
3.237648829431438280e+00 6.454650463900043366e-44 2.989311882217773059e-40 2.608447024168563586e-37 1.027269626587906951e-34 3.043593333044266227e-32 1.084142987239333609e-29 4.727109710034984912e-27 6.856030757962145086e-24 1.492084562508101150e-19 4.603738915820537827e-09
3.251023411371237515e+00 4.550114247969682556e-44 2.084893357669056623e-40 1.806561136028190647e-37 7.081423062513188708e-35 2.091739893575860542e-32 7.440225877752411194e-30 3.246133885437932093e-27 4.727751608115478862e-24 1.042915723708319410e-19 3.596231749847437122e-09
3.264397993311036750e+00 3.211179911703818016e-44 1.455715833849018088e-40 1.252517849452157563e-37 4.886437677214419030e-35 1.438907925594215375e-32 5.110322352518763393e-30 2.230725934312862382e-27 3.261842267429295379e-24 7.290873662383597883e-20 2.804995769406413236e-09
3.277772575250836429e+00 2.268802287059529142e-44 1.017529306167357320e-40 8.693081678567180319e-38 3.375191779145577004e-35 9.907447902772020348e-33 3.512959085662585764e-30 1.534037628364613726e-27 2.251645557014421519e-24 5.097875211468362151e-20 2.184630614636859111e-09
3.291147157190635664e+00 1.604779124344130229e-44 7.120200575744503367e-41 6.039766136327710419e-38 2.333658652353592840e-35 6.827995439935686082e-33 2.416909912784887212e-30 1.055690756241051333e-27 1.555135127743804560e-24 3.565189886375099005e-20 1.699020351372254068e-09
3.304521739130434899e+00 1.136363886775472474e-44 4.987810383154235762e-41 4.200693108081513268e-38 1.615130041864660872e-35 4.710059729330254244e-33 1.664218397249283888e-30 7.270247161705152029e-28 1.074655960129177481e-24 2.493816056612524921e-20 1.319493302068248259e-09
3.317896321070234134e+00 8.055640532261273316e-45 3.497820157211431181e-41 2.924651955928585643e-38 1.118941621697343092e-35 3.252074445853398709e-33 1.146892002547646620e-30 5.010420349782644739e-28 7.430295526540819903e-25 1.744772402759405053e-20 1.023332846450788332e-09
3.331270903010033368e+00 5.716894802333427013e-45 2.455569805645170158e-41 2.038345331693924987e-38 7.759533250105321346e-36 2.247473045210289498e-33 7.910371920204681459e-31 3.455511966978536633e-28 5.140200474247375078e-25 1.220984020834522870e-20 7.925754502626835742e-10
3.344645484949833047e+00 4.061577789725161830e-45 1.725725823689591008e-41 1.422098229515178744e-38 5.386298959338045509e-36 1.554631641076590770e-33 5.460510378321988551e-31 2.384869152406077961e-28 3.557896429105484096e-25 8.546378250885987437e-21 6.130430198861043596e-10
3.358020066889632282e+00 2.888689100055088131e-45 1.214097205056790619e-41 9.931791851139994895e-39 3.742574315456072956e-36 1.076362438397017874e-33 3.772517540710627378e-31 1.647142738253104583e-28 2.464039599636625476e-25 5.983553317624754830e-21 4.735658459223699192e-10
3.371394648829431517e+00 2.056720597872102756e-45 8.550563120578150980e-42 6.943360574080371835e-39 2.602998715261721465e-36 7.459102635355885798e-34 2.608499148419330918e-31 1.138447468606107538e-28 1.707438186850448635e-25 4.190299162674925211e-21 3.653601095021472260e-10
3.384769230769230752e+00 1.465936945811849288e-45 6.028274587689383399e-42 4.859077633776223463e-39 1.812172038211111045e-36 5.173811748399856971e-34 1.805141279268803147e-31 7.874270654802415351e-29 1.183823448357909241e-25 2.935239100972827644e-21 2.815303812050525837e-10
3.398143812709030431e+00 1.045966625594147558e-45 4.254473730414196776e-42 3.403908476650739600e-39 1.262831018752536978e-36 3.591944371628659353e-34 1.250237130251997716e-31 5.450341509725724577e-29 8.212495984007831001e-26 2.056639645629628721e-21 2.166729238242789411e-10
3.411518394648829666e+00 7.471021217116476867e-46 3.005734698136487063e-42 2.386930285291750774e-39 8.808658711691913181e-37 2.495987740966749254e-34 8.666303204015757787e-32 3.775317916778666763e-29 5.700477835637326766e-26 1.441427367190435061e-21 1.665600766222690625e-10
3.424892976588628901e+00 5.341937401115454213e-46 2.125714304345159569e-42 1.675472573562002318e-39 6.150230946823024951e-37 1.735993381005981880e-34 6.012224912412998434e-32 2.616978374687408538e-29 3.959102250244992550e-26 1.010533326924906778e-21 1.278896907389869510e-10
3.438267558528428136e+00 3.823590678038563008e-46 1.504894577690150535e-42 1.177249572241581018e-39 4.298218827635464000e-37 1.208496332994836075e-34 4.174418043895919966e-32 1.815364494070703390e-29 2.751268535297121422e-26 7.086555885382356697e-22 9.808662553390282568e-11
3.451642140468227371e+00 2.739648695820038258e-46 1.066477456573818886e-42 8.280018176453668188e-40 3.006764590464797908e-37 8.420407853841586841e-35 2.900784968551855675e-32 1.260215742701910667e-29 1.913028442931977059e-26 4.971068822386901109e-22 7.514580976164182388e-11
3.465016722408027050e+00 1.965017249338766132e-46 7.565527199905453845e-43 5.829394802040049161e-40 2.105341148493528925e-37 5.872327679995534541e-35 2.017406781375552444e-32 8.754745835901958264e-30 1.330954990754830671e-26 3.488168959344154079e-22 5.750841046610926687e-11
3.478391304347826285e+00 1.410857022719812036e-46 5.372372683156485726e-43 4.108118648388133047e-40 1.475557058416606774e-37 4.098978349959402711e-35 1.404200731544682820e-32 6.086392242455596317e-30 9.265312238240873645e-27 2.448395269313952468e-22 4.396431377260389915e-11
3.491765886287625520e+00 1.014009314376076420e-46 3.818827100799100402e-43 2.897928830409722245e-40 1.035138202491806693e-37 2.863702934882852892e-35 9.781874783635982399e-33 4.234422795419530717e-30 6.453758219398331988e-27 1.719114672932373741e-22 3.357547095663153268e-11
3.505140468227424755e+00 7.295253016218229684e-47 2.717241926638544009e-43 2.046235338796917555e-40 7.268549956495739998e-38 2.002470344059959573e-35 6.819798895841861205e-33 2.948128979888103905e-30 4.498030528402777409e-27 1.207453426672145381e-22 2.561575551028293435e-11
3.518515050167224434e+00 5.253822975330577292e-47 1.935345882097330939e-43 1.446253668589124450e-40 5.108608754582428995e-38 1.401486067041620126e-35 4.758575392606402887e-33 2.054077255043838155e-30 3.136824779362971321e-27 8.483615952244097657e-23 1.952385868088956758e-11
3.531889632107023669e+00 3.787427930141362510e-47 1.379807142174469452e-43 1.023180594827348534e-40 3.593860600139843114e-38 9.817361842821020309e-36 3.323055418825841701e-33 1.432204769028302371e-30 2.188856537366795041e-27 5.962651741466298218e-23 1.486646068402343142e-11
3.545264214046822904e+00 2.733030037131482364e-47 9.847029500900020957e-44 7.245643244259969914e-41 2.530590223469881368e-38 6.883080968697630062e-36 2.322484147418052271e-33 9.993358873784640219e-31 1.528285459288815841e-27 4.192261867189502842e-23 1.130948448161602131e-11
3.558638795986622139e+00 1.974116383245881883e-47 7.034232150412524975e-44 5.135897323431777723e-41 1.783539474266246700e-38 4.830051426004960936e-36 1.624507624236625940e-33 6.978078012941547203e-31 1.067708563859997569e-27 2.948563449312050180e-23 8.595695083652685842e-12
3.572013377926421374e+00 1.427337489951137810e-47 5.029795470336584977e-44 3.643916012956162383e-41 1.258178354602640723e-38 3.392346016954647036e-36 1.137218259857423895e-33 4.876160956810088848e-31 7.463849920626921846e-28 2.074570482756899743e-23 6.527271504913727460e-12
3.585387959866221053e+00 1.033007401132965432e-47 3.600009900524935760e-44 2.587801331384231612e-41 8.883795518728140925e-39 2.384661543262437263e-36 7.967428967875363730e-34 3.409871350384041383e-31 5.220785051217588941e-28 1.460171954841601411e-23 4.952268584391813366e-12
3.598762541806020288e+00 7.483423386377437539e-48 2.579136853365085080e-44 1.839509196409605934e-41 6.278415175689308858e-39 1.677761633032795018e-36 5.586555151274725427e-34 2.386247818074225882e-31 3.654031080199157592e-28 1.028111646460136991e-23 3.754116379266231356e-12
3.612137123745819522e+00 5.426435232480506109e-48 1.849524087474235719e-44 1.308818321857042505e-41 4.441144562176139452e-39 1.181433699390487019e-36 3.920312459209154254e-34 1.671130985905614145e-31 2.559015345016896473e-28 7.241679940838584043e-24 2.843487589516016317e-12
3.625511705685618757e+00 3.938616264132574905e-48 1.327572076004356359e-44 9.320968837078089615e-42 3.144354149755800121e-39 8.326504152975144962e-37 2.753259487363183433e-34 1.171177213181203465e-31 1.793240115599975355e-28 5.102739278734350076e-24 2.152008026297170164e-12
3.638886287625418436e+00 2.861440942987563467e-48 9.538198324744370411e-45 6.644234517797543761e-42 2.228219276507021518e-39 5.873391640066794960e-37 1.935185596851524559e-34 8.213942485688252747e-32 1.257388639501010386e-28 3.596951652623317606e-24 1.627399240369189123e-12
3.652260869565217671e+00 2.080823877542627673e-48 6.859339989020274665e-45 4.740552717172540689e-42 1.580420246583684816e-39 4.146548736938489262e-37 1.361276186567630954e-34 5.764973832626478909e-32 8.821993519377012035e-29 2.536501291897071586e-24 1.229732303964637060e-12
3.665635451505016906e+00 1.514581476974272991e-48 4.937461044911978948e-45 3.385408382961219554e-42 1.121950467142780945e-39 2.929913375560056568e-37 9.583345101270705301e-35 4.049107916481724183e-32 6.193420887364064154e-29 1.789397688695332194e-24 9.285423911611688061e-13
3.679010033444816141e+00 1.103453717451970720e-48 3.557361871569465978e-45 2.419853858622055782e-42 7.971856592669669822e-40 2.072008852863250473e-37 6.752029899636016352e-35 2.846016105573752543e-32 4.350724794236938967e-29 1.262850438415573877e-24 7.006092318680175549e-13
3.692384615384615376e+00 8.046687980543868346e-49 2.565388069000376742e-45 1.731255379510011534e-42 5.669284056880619111e-40 1.466546615019376008e-37 4.760987164447350049e-35 2.001847456734095492e-32 3.058160323937211525e-29 8.916042563251219758e-25 5.282519199800482597e-13
3.705759197324415055e+00 5.873259243041365454e-49 1.851724686683479449e-45 1.239723966712037939e-42 4.035321621269892876e-40 1.038881916071470540e-37 3.359728230440438924e-35 1.409093600422467960e-32 2.150933211256277054e-29 6.297517090134880549e-25 3.980204831784424820e-13
3.719133779264214290e+00 4.290793145447824376e-49 1.337814054645285328e-45 8.885434447996234909e-43 2.874799340328534190e-40 7.365481677128558742e-38 2.372765474259546822e-35 9.925754358865221659e-33 1.513777417850340356e-29 4.449849941024650673e-25 2.996930928713749804e-13
3.732508361204013525e+00 3.137544015016663916e-49 9.674059736557544034e-46 6.374117950468179914e-43 2.049814741962155729e-40 5.226360562591669676e-38 1.677057822078523227e-35 6.996834190993140262e-33 1.066021307030837451e-29 3.145588357253078328e-25 2.255084107376724772e-13
3.745882943143812760e+00 2.296325121301330888e-49 7.001855437692766163e-46 4.576645113547232379e-43 1.462842700087243519e-40 3.711585067397580187e-38 1.186268038040062613e-35 4.935754565882019885e-33 7.511710163803742894e-30 2.224541889258624092e-25 1.695786005280871381e-13
3.759257525083611995e+00 1.682153808509051258e-49 5.072319272249517813e-46 3.288955914348612834e-43 1.044852132974325282e-40 2.638030956646876236e-38 8.397658165973036621e-36 3.484327410603394276e-33 5.296404025976947415e-30 1.573849036932502610e-25 1.274409798796325592e-13
3.772632107023411674e+00 1.233344203233069626e-49 3.677788952375818651e-46 2.365650082674320575e-43 7.469378613111914933e-41 1.876546585587411510e-38 5.949399223071576335e-36 2.461485477583436174e-33 3.736740826406055166e-30 1.113963332144935825e-25 9.571593380417719024e-14
3.786006688963210909e+00 9.050793683606511205e-50 2.669018164716508821e-46 1.703031064667972622e-43 5.344225770270872868e-41 1.335968988674724716e-38 4.218194131115102800e-36 1.740155212203394584e-33 2.637999064204830394e-30 7.887975564278067585e-26 7.184617732691903427e-14
3.799381270903010144e+00 6.647683437884153168e-50 1.938645910796560049e-46 1.227078144908926267e-43 3.826961128049549534e-41 9.518960680465804164e-39 2.993074353501169384e-36 1.231092066800553500e-33 1.863486536170241547e-30 5.587898417968840926e-26 5.389822401236029596e-14
3.812755852842809379e+00 4.886893004658166264e-50 1.409371357815664344e-46 8.849066169402528822e-44 2.742776910717889349e-41 6.787930350380034867e-39 2.125420618725086200e-36 8.715741570825863317e-34 1.317188660871449775e-30 3.960236561518932200e-26 4.041136891909327811e-14
3.826130434782609058e+00 3.595602882970295481e-50 1.025486929477168626e-46 6.386989814055918977e-44 1.967398556881332054e-41 4.844382940555507774e-39 1.510454516483721932e-36 6.174884396275710592e-34 9.316223917648303803e-31 2.807920328679907340e-26 3.028292490756121140e-14
3.839505016722408293e+00 2.647796281755878969e-50 7.468103450771526030e-47 4.613882809896053727e-44 1.412400599427499299e-41 3.460121506556279008e-39 1.074248413381772371e-36 4.377875262417843806e-34 6.593289462766860901e-31 1.991777192125007595e-26 2.268109094324664556e-14
3.852879598662207528e+00 1.951501814657792764e-50 5.443319265346547055e-47 3.335849526594733737e-44 1.014811480629710062e-41 2.473401249756456332e-39 7.646012650509705885e-37 3.106042343766916543e-34 4.669116454902158183e-31 1.413482053044360662e-26 1.697885964498426382e-14
3.866254180602006763e+00 1.439535882939626106e-50 3.970894656188877539e-47 2.413870183666077356e-44 7.297482106834100570e-42 1.769484194470243190e-39 5.446248239105177435e-37 2.205261787488803503e-34 3.308549438367531063e-31 1.003539827821802430e-26 1.270392829795879405e-14
3.879628762541805997e+00 1.062778573556068677e-50 2.899224197235362424e-47 1.748183225716856041e-44 5.251932682275424465e-42 1.266911346584334321e-39 3.882315972393923871e-37 1.566827049477442816e-34 2.345907603945014978e-31 7.128117560258448896e-27 9.500771044985009837e-15
3.893003344481605676e+00 7.852853153029935399e-51 2.118565638235553739e-47 1.267137049813430036e-44 3.782874788462710663e-42 9.078032375183477148e-40 2.769582066462591328e-37 1.114010842541357387e-34 1.664387689481271335e-31 5.065381156991717113e-27 7.101943732637696564e-15
3.906377926421404911e+00 5.807299171747073458e-51 1.549410728840977565e-47 9.192250717638393564e-45 2.726966151435568958e-42 6.510011068351101171e-40 1.977271882955502752e-37 7.926190908280398353e-35 1.181594180778811894e-31 3.601202226560797942e-27 5.306391660180531139e-15
3.919752508361204146e+00 4.298140647689257425e-51 1.134105716488097451e-47 6.673901609954930150e-45 1.967391345887490799e-42 4.672128267165440618e-40 1.412687837531073103e-37 5.643462992880113604e-35 8.393679108259881264e-32 2.561427192743335852e-27 3.963064231191781255e-15
3.933127090301003381e+00 3.183790053871285817e-51 8.308080795042108322e-48 4.849483077317883851e-45 1.420539326647101852e-42 3.355748064899363517e-40 1.010072500438655577e-37 4.020982204526957988e-35 5.966318575523063456e-32 1.822706026728520357e-27 2.958547757471836416e-15
3.946501672240803060e+00 2.360278708123018562e-51 6.091243080756428387e-48 3.526686509051209251e-45 1.026515545825945927e-42 2.412148433520014957e-40 7.227436251659733688e-38 2.866970318765153070e-35 4.243560895102191470e-32 1.297634226667982992e-27 2.207738058379387636e-15
3.959876254180602295e+00 1.751196702615930145e-51 4.469583618494266945e-48 2.566800304795061335e-45 7.423792725522929916e-43 1.735231112035909392e-40 5.175355901108852158e-38 2.045587514950564942e-35 3.020120013382713901e-32 9.242509465538323335e-28 1.646810823173256970e-15
3.973250836120401530e+00 1.300340443070505611e-51 3.282328148917761621e-48 1.869688213054665494e-45 5.373193220593048034e-43 1.249245416468302862e-40 3.708678973344175734e-38 1.460548509752755574e-35 2.150738177477031496e-32 6.586130429627282035e-28 1.227927450868801784e-15
3.986625418060200765e+00 9.663344080160388094e-52 2.412396076146548954e-48 1.363001245592215522e-45 3.892097144062835697e-43 9.000649920809175130e-41 2.659623536968816765e-38 1.043557012373714129e-35 1.532569797942251762e-32 4.695419342883127534e-28 9.152506611021235973e-16
4.000000000000000000e+00 7.186936423574983676e-52 1.774454292103694891e-48 9.944234333833198183e-46 2.821485097466958370e-43 6.489842635798237017e-41 1.908718251529825224e-38 7.461357608992508025e-36 1.092753308226075111e-32 3.349059497065194509e-28 6.819478478461567610e-16
