1.000000000000000021e-03 5.105126914798143671e-09 4.613372810903306116e-09 4.521833868442522677e-09 4.471548058916157623e-09 4.439507649658623163e-09 4.419105416125294024e-09 4.408847516389056200e-09 4.411179868127170140e-09 4.437839797394864133e-09 4.416940487807552990e-09
1.437458193979933296e-02 6.996662645837520170e-08 6.495913830295250766e-08 6.400739264923335472e-08 6.349477286289266700e-08 6.318175414541954008e-08 6.300369848968012552e-08 6.295343799358762505e-08 6.307522527381542700e-08 6.354669400729338539e-08 6.336442686993553457e-08
2.774916387959866504e-02 1.280987533776353112e-07 1.227164626206759191e-07 1.215918469323806141e-07 1.210137464556706973e-07 1.206984800835998034e-07 1.205803767579767759e-07 1.206736702398833899e-07 1.210810819160048285e-07 1.221635934990264306e-07 1.220430546259448944e-07
4.112374581939799711e-02 1.790671806597812951e-07 1.777950854743210091e-07 1.771986708003324654e-07 1.769599238943751304e-07 1.769263667444976069e-07 1.770901586675570124e-07 1.775137370417471928e-07 1.783763412765256332e-07 1.802388257711959474e-07 1.804077975485633534e-07
5.449832775919732919e-02 2.225968561885609939e-07 2.301083568132533850e-07 2.307542308676379403e-07 2.312674782636139800e-07 2.318049715202621722e-07 2.324758601437032605e-07 2.334206281819013412e-07 2.349103604171932795e-07 2.377253056578498995e-07 2.384148612362306662e-07
6.787290969899666127e-02 2.585722439114788160e-07 2.795734480606718801e-07 2.821884011948258736e-07 2.838729530234168397e-07 2.852754146295532789e-07 2.866839516038352916e-07 2.883423916015272148e-07 2.906356272902935232e-07 2.945765560050359107e-07 2.960224499970689681e-07
8.124749163879599334e-02 2.870007697746138531e-07 3.261130339969019183e-07 3.314343807191197528e-07 3.347163416398771538e-07 3.372830127858574027e-07 3.396617604267665298e-07 3.422311570651641798e-07 3.455043271831902405e-07 3.507489555505433133e-07 3.531900812359464050e-07
9.462207357859532542e-02 3.079868838833425128e-07 3.696511853011885993e-07 3.784285464161035069e-07 3.837403121705790822e-07 3.877740992113726024e-07 3.913597092964316025e-07 3.950394045037945284e-07 3.994727945953678519e-07 4.061996438957452824e-07 4.098790843774662841e-07
1.079966555183946575e-01 3.217018874662352483e-07 4.101183066164955847e-07 4.231099916487465597e-07 4.308888912670047064e-07 4.366981386719509276e-07 4.417301786998942016e-07 4.467220300358669462e-07 4.524981760796798695e-07 4.608884451770590726e-07 4.660520610971276066e-07
1.213712374581939896e-01 3.283653927505903931e-07 4.474473048509657881e-07 4.654209936945815190e-07 4.761114428907723881e-07 4.840058702422549745e-07 4.907284154549361767e-07 4.972355544148086472e-07 5.045399475236818881e-07 5.147761185308450850e-07 5.216728711929386179e-07
1.347458193979933216e-01 3.282476763432409161e-07 4.815729535813972826e-07 5.053073107705079666e-07 5.193578467555398709e-07 5.296546937019840195e-07 5.383105096764657118e-07 5.465398317065914350e-07 5.555590640985779847e-07 5.678260989042311797e-07 5.767078793091229960e-07
1.481204013377926398e-01 3.216514529745659844e-07 5.124363979707922506e-07 5.427184063332389279e-07 5.605812842626764115e-07 5.735957990776870118e-07 5.844353727447318595e-07 5.945968307132150088e-07 6.055171847667640164e-07 6.200029572581365988e-07 6.311233609105341753e-07
1.614949832775919858e-01 3.089179515954442779e-07 5.399838128206537533e-07 5.776039127001562565e-07 5.997380587771705618e-07 6.157923163503150071e-07 6.290645286020345008e-07 6.413674249906434705e-07 6.543811244528165756e-07 6.712724562833270849e-07 6.848881041587173959e-07
1.748695652173913317e-01 2.904195294901401293e-07 5.641568763865502493e-07 6.099175432619425888e-07 6.367848736490808810e-07 6.562029027281452076e-07 6.721612577381992310e-07 6.868177336567261247e-07 7.021153468452931369e-07 7.216016857767347985e-07 7.379724528915624064e-07
1.882441471571906499e-01 2.665538589628948057e-07 5.849057847441363582e-07 6.396169993551120241e-07 6.716830551677862231e-07 6.947912464651909280e-07 7.136891228812922254e-07 7.309152637758270747e-07 7.486877479367613137e-07 7.709607599276668475e-07 7.903470132186027367e-07
2.016187290969899681e-01 2.377513154636893674e-07 6.021771180153717793e-07 6.666610763311193148e-07 7.043947836918781196e-07 7.315223141705073666e-07 7.536160740469745881e-07 7.736248646659719027e-07 7.940694188313493604e-07 8.193199106625209528e-07 8.419849792234867664e-07
2.149933110367893141e-01 2.044740061015533248e-07 6.159077318273260794e-07 6.910123817967493124e-07 7.348856183471699771e-07 7.663613270052273423e-07 7.919097757451227933e-07 8.149191587035868162e-07 8.382313558497482181e-07 8.666525587071132254e-07 8.928595064091806765e-07
2.283678929765886600e-01 1.672302100674918665e-07 6.260173755743687505e-07 7.126348240413332741e-07 7.631219315529510326e-07 7.992806222454308942e-07 8.285426724541139352e-07 8.547702288372875720e-07 8.811449824619359103e-07 9.129307750198724668e-07 9.429465605663925337e-07
2.417424749163879782e-01 1.265961640236143688e-07 6.323818598566491228e-07 7.314962790905879045e-07 7.890740184219216971e-07 8.302492720349514573e-07 8.634841203360861199e-07 8.931508675538859042e-07 9.227859121763830841e-07 9.581302818767269885e-07 9.922223202048058684e-07
2.551170568561872964e-01 8.324372135951799392e-08 6.348067485073798958e-07 7.475644588204329133e-07 8.127123207100369895e-07 8.592412146513512566e-07 8.967137116029605117e-07 9.300356514574138143e-07 9.631292744738404308e-07 1.002227932278122644e-06 1.040664479202998273e-06
2.684916387959866424e-01 3.798353080032211787e-08 6.329851958419088140e-07 7.608115927501680586e-07 8.340115303233643366e-07 8.862304662063409963e-07 9.282013864747174035e-07 9.654014717356617116e-07 1.002152462891320959e-06 1.045200717567271645e-06 1.088251686513844380e-06
2.818662207357859883e-01 -8.207082207427458240e-09 6.264649860825767066e-07 7.712104814704492255e-07 8.529452167060143840e-07 9.111929985145478106e-07 9.579266661194389825e-07 9.992266117733660383e-07 1.039833821166079184e-06 1.087028478239784543e-06 1.134963641999129008e-06
2.952408026755852788e-01 -5.415029517626697719e-08 6.146187900573304575e-07 7.787349002930833781e-07 8.694931892841512442e-07 9.341064867198180246e-07 9.858683008906951137e-07 1.031489739329400247e-06 1.076154752756503063e-06 1.127691014768437006e-06 1.180782060265813045e-06
3.086153846153846247e-01 -9.848400066149503583e-08 5.966574166692840832e-07 7.833558503095399605e-07 8.836321300044637339e-07 9.549549283606297240e-07 1.012006217464793245e-06 1.062173394610566354e-06 1.111093159540385742e-06 1.167170423228881207e-06 1.225689236838628362e-06
3.219899665551839707e-01 -1.397158823323952903e-07 5.716823904116451302e-07 7.850439452273580004e-07 8.953424897613861620e-07 9.737159183579722460e-07 1.036325478850557475e-06 1.091257769674208632e-06 1.144635211355112584e-06 1.205449416327020399e-06 1.269667088626059347e-06
3.353645484949833167e-01 -1.763064303738219394e-07 5.387853228201601323e-07 7.837482461513749557e-07 9.046096551899250803e-07 9.903720651509623081e-07 1.058804689720083984e-06 1.118727740902668421e-06 1.176762935058287106e-06 1.242511285663060914e-06 1.312700901558218146e-06
3.487391304347826626e-01 -2.068457477208961427e-07 4.972246013123427267e-07 7.793946219170579818e-07 9.114156548225706380e-07 1.004910869118911189e-06 1.079430818694186038e-06 1.144567654931314417e-06 1.207461416044532005e-06 1.278340725673715534e-06 1.354775799785240537e-06
3.621137123745819530e-01 -2.301821302288512934e-07 4.465829927874154003e-07 7.718548814814833756e-07 9.157464378433024787e-07 1.017313271607959118e-06 1.098189237829066267e-06 1.168764472474034380e-06 1.236718066660367689e-06 1.312924348449074822e-06 1.395877271205399008e-06
3.754882943143812990e-01 -2.455776130970790577e-07 3.869436597486599513e-07 7.609285067991489624e-07 9.175875641969901155e-07 1.027572035275360464e-06 1.115069549658112516e-06 1.191303340338949312e-06 1.264516973325400810e-06 1.346249909614848950e-06 1.435993545330615043e-06
3.888628762541806450e-01 -2.528216738959744487e-07 3.190391138774797999e-07 7.462934196263091933e-07 9.169267471505289756e-07 1.035672975400884178e-06 1.130057593153890428e-06 1.212175045750129219e-06 1.290849590914303553e-06 1.378303092893557072e-06 1.475111141961371743e-06
4.022374581939799354e-01 -2.522268809522710610e-07 2.442814984173411224e-07 7.274843371132258151e-07 9.137473862115661524e-07 1.041606331641377053e-06 1.143143111045634231e-06 1.231367040884260102e-06 1.315703968236898760e-06 1.409077518107717350e-06 1.513220119391545005e-06
4.156120401337792813e-01 -2.446111785211552349e-07 1.647560481731698627e-07 7.038779496932684078e-07 9.080324330052619243e-07 1.045362545319309351e-06 1.154317753107035349e-06 1.248871526780775557e-06 1.339069882429397246e-06 1.438558088237412203e-06 1.550309482589260165e-06
4.289866220735786273e-01 -2.311718859727519663e-07 8.308909668582255424e-08 6.747043424401661247e-07 8.997461900438465445e-07 1.046933575521395594e-06 1.163574611960744665e-06 1.264678666735661083e-06 1.360938055228334931e-06 1.466737919440413178e-06 1.586369781764683487e-06
4.423612040133779733e-01 -2.133286029572145988e-07 2.266761850065202417e-09 6.390809928652496889e-07 8.888290996522978090e-07 1.046315040689007908e-06 1.170902418332425246e-06 1.278783024091013033e-06 1.381303410931483504e-06 1.493608887886359342e-06 1.621391741649857711e-06
4.557357859531773192e-01 -1.925781387494205428e-07 -7.462923895489307972e-08 5.961460919671865917e-07 8.751894924024930107e-07 1.043500236325413173e-06 1.176300083947303491e-06 1.291176327425901522e-06 1.400155689289573927e-06 1.519162234670349508e-06 1.655368369947513705e-06
4.691103678929766096e-01 -1.703365257558875660e-07 -1.446676967167558831e-07 5.451669870085107552e-07 8.586667100695340751e-07 1.038480696096637938e-06 1.179760200196646277e-06 1.301851839714583545e-06 1.417491598576969617e-06 1.543391949130276031e-06 1.688291763751592532e-06
4.824849498327759556e-01 -1.478406051510351893e-07 -2.053178663558003481e-07 4.857251156601777011e-07 8.390088652339154596e-07 1.031253255024277369e-06 1.181277656097181223e-06 1.310807122734474139e-06 1.433302086675105852e-06 1.566294258245242368e-06 1.720154409296193194e-06
4.958595317725753016e-01 -1.260759443203631127e-07 -2.546851849732208581e-07 4.178985767076137851e-07 8.158473762579348737e-07 1.021806270535269962e-06 1.180852142112467794e-06 1.318036449768219389e-06 1.447585805427262037e-06 1.587860119269776540e-06 1.750951798227874630e-06
5.092341137123745920e-01 -1.057665157397744466e-07 -2.915994908885623838e-07 3.423695645184459123e-07 7.886779307757019211e-07 1.010124807368068600e-06 1.178477754077051842e-06 1.323538316035773150e-06 1.460338365739730136e-06 1.608086767940348099e-06 1.780677223818984953e-06
5.226086956521739380e-01 -8.737500252840843521e-08 -3.157163985675293668e-07 2.605251387188544254e-07 7.568567972010030264e-07 9.961805187926055121e-07 1.174153871774225147e-06 1.327308578032695652e-06 1.471554248026240097e-06 1.626969847407306424e-06 1.809326864224272112e-06
5.359832775919732839e-01 -7.114066314392337494e-08 -3.274663936775760637e-07 1.744310163678087451e-07 7.196321054571013881e-07 9.799192651725169307e-07 1.167879896279594769e-06 1.329347125894354430e-06 1.481234394620771959e-06 1.644508492707358044e-06 1.836895094609333409e-06
5.493578595317726299e-01 -5.713465933138822928e-08 -3.279269540590760622e-07 8.671825874391791462e-08 6.761939450300912017e-07 9.612514224337611037e-07 1.159652519936768164e-06 1.329651606370168169e-06 1.489374582672581641e-06 1.660696866164035873e-06 1.863379438808860957e-06
5.627324414715719758e-01 -4.528496554814494122e-08 -3.187140953630044976e-07 3.974981719319719704e-10 6.257910180432832058e-07 9.400287377670382609e-07 1.149475362803312869e-06 1.328222901948451173e-06 1.495975227206145350e-06 1.675533694178270712e-06 1.888778142963250460e-06
5.761070234113713218e-01 -3.544010367350755566e-08 -3.017434849082207937e-07 -8.141016519971268920e-08 5.678563606273852157e-07 9.160238708035519690e-07 1.137343144174384935e-06 1.325058916770796455e-06 1.501035856291773153e-06 1.689017790190195315e-06 1.913085050174591838e-06
5.894816053511705567e-01 -2.739732577548924718e-08 -2.790557089149719317e-07 -1.557315596289466558e-07 5.021406188685061725e-07 8.889083934670891496e-07 1.123252208865880031e-06 1.320162662865806114e-06 1.504551314081455729e-06 1.701148203287680290e-06 1.936300834437621956e-06
6.028561872909699026e-01 -2.092535617298615541e-08 -2.526501251835802624e-07 -2.200450693140531037e-07 4.288745918460136813e-07 8.582358715927945175e-07 1.107185755246439852e-06 1.313536014631127202e-06 1.506529464183207766e-06 1.711925997493662702e-06 1.958422561346901664e-06
6.162307692307692486e-01 -1.579532335815696682e-08 -2.243384086275942966e-07 -2.724440258504558725e-07 3.488482308809974748e-07 8.234466791321095601e-07 1.089120866209484131e-06 1.305176936306536347e-06 1.506967790286012934e-06 1.721347704759673544e-06 1.979449947916147950e-06
6.296053511705685946e-01 -1.178534835551009691e-08 -1.956601061928104345e-07 -3.118132038221962036e-07 2.634764682561730711e-07 7.838789928018365911e-07 1.069012298912176544e-06 1.295092391376680134e-06 1.505867102203269636e-06 1.729417296071460327e-06 1.999380333176402225e-06
6.429799331103679405e-01 -8.692649084934529194e-09 -1.678303459416885040e-07 -3.378603922410857750e-07 1.747597037107176512e-07 7.388242060481396932e-07 1.046778865081442608e-06 1.283281550827576228e-06 1.503229239921578557e-06 1.736132917074219637e-06 2.018215880881043874e-06
6.563545150501672865e-01 -6.340370706366102671e-09 -1.417465128942342373e-07 -3.510414653250229193e-07 8.517895113355171676e-08 6.875849286723965143e-07 1.022292477694658565e-06 1.269747680686120033e-06 1.499058643567136606e-06 1.741497474865418134e-06 2.035954546306044587e-06
6.697290969899666324e-01 -4.573229947114680203e-09 -1.179867342793939873e-07 -3.525090934585752369e-07 -2.479699842238608135e-09 6.296092678931143179e-07 9.953582174345054337e-07 1.254491230706379706e-06 1.493358999851880724e-06 1.745512036590347122e-06 2.052596452115094722e-06
6.831036789297659784e-01 -3.262690478702831595e-09 -9.687275296407884212e-08 -3.438851723824701045e-07 -8.534677961394914280e-08 5.645726825042611271e-07 9.656955806297435643e-07 1.237512111476276041e-06 1.486127365084953280e-06 1.748181683256253504e-06 2.068143297919332699e-06
6.964782608695653243e-01 -2.303099699448079810e-09 -7.851494671635173928e-08 -3.271011828271065604e-07 -1.607099043641368008e-07 4.925125382457810119e-07 9.329359250340981346e-07 1.218802630632881729e-06 1.477371404554470372e-06 1.749502448677810933e-06 2.082596827024015718e-06
7.098528428093645593e-01 -1.608610046423518054e-09 -6.285377056646231068e-08 -3.042126120040040251e-07 -2.262564772472345651e-07 4.139275826422959435e-07 8.966049181673090920e-07 1.198348145089629719e-06 1.467097240120537072e-06 1.749481665727510481e-06 2.095956727002839434e-06
7.232274247491639052e-01 -1.112169971201502553e-09 -4.972810202471824757e-08 -2.772259946361156835e-07 -2.802209300639775525e-07 3.298239874224617936e-07 8.561429707419702254e-07 1.176118341031162332e-06 1.455303700129330221e-06 1.748123262490847057e-06 2.108224730539421623e-06
7.366020066889632512e-01 -7.613187046950787208e-10 -3.890074391425546010e-08 -2.479783936904165238e-07 -3.215400870485059279e-07 2.417359584301242253e-07 8.109359142740668096e-07 1.152060253750986901e-06 1.441998655989503902e-06 1.745426421496071060e-06 2.119404021977421454e-06
7.499765886287625971e-01 -5.160644825054879674e-10 -3.009875776782285543e-08 -2.180445105226911813e-07 -3.498830003389684874e-07 1.516632299808998174e-07 7.603692110227128397e-07 1.126088502988784453e-06 1.427185541698016381e-06 1.741398451866357748e-06 2.129495739883730231e-06
7.633511705685619431e-01 -3.466200304774209055e-10 -2.304553333972012625e-08 -1.887014225825306163e-07 -3.655909212122373787e-07 6.196046002894029149e-08 7.038884882449864985e-07 1.098067547011212421e-06 1.410868082043769115e-06 1.736041789107773141e-06 2.138501990138249075e-06
7.767257525083612890e-01 -2.306872322278796366e-10 -1.746417355895444352e-08 -1.608994555417221182e-07 -3.696482372906221279e-07 -2.483025870577540753e-08 6.411115977426995823e-07 1.067807867770820333e-06 1.393050327922792387e-06 1.729360862377075377e-06 2.146426027758995279e-06
7.901003344481606350e-01 -1.521886621529305829e-10 -1.310277085749948795e-08 -1.352962360720986819e-07 -3.634851179159926553e-07 -1.061603690024273921e-07 5.718973847919972122e-07 1.035043544285578456e-06 1.373733536076185500e-06 1.721359848811744477e-06 2.153269963932897295e-06
8.034749163879598699e-01 -9.957614177116354929e-11 -9.736018048235556182e-09 -1.122885858493679232e-07 -3.488489367648210497e-07 -1.796696354877875002e-07 4.964430470665507490e-07 9.994341333609020583e-07 1.352915997589301685e-06 1.712043779485961404e-06 2.159038678291162822e-06
8.168494983277592159e-01 -6.461940822510071145e-11 -7.165444884763489797e-09 -9.204286748825060235e-08 -3.276440392424691383e-07 -2.433858867645967526e-07 4.153611846099396260e-07 9.605587874444668414e-07 1.330588426477455280e-06 1.701417106306401392e-06 2.163733607050882720e-06
8.302240802675585618e-01 -4.161566929284961019e-11 -5.225167883754029887e-09 -7.456618710628278008e-08 -3.017698292346779922e-07 -2.958271677510777889e-07 3.296833053495651995e-07 9.179274237242645052e-07 1.306735517402767876e-06 1.689484278711959375e-06 2.167358870681277365e-06
8.435986622073579078e-01 -2.660422862712594913e-11 -3.776002065068985814e-09 -5.973449988612913696e-08 -2.730137524301310986e-07 -3.361245081102696236e-07 2.408769096628136915e-07 8.710175084574223422e-07 1.281324430389235585e-06 1.676252577732856052e-06 2.169917835142809939e-06
8.569732441471572537e-01 -1.688532339438899574e-11 -2.704527155586922498e-09 -4.734026585900696316e-08 -2.429535434007705978e-07 -3.640398538233018556e-07 1.507790145605716993e-07 8.193047050649970255e-07 1.254301152133532360e-06 1.661725092735120494e-06 2.171414329669275745e-06
8.703478260869565997e-01 -1.064785881351932355e-11 -1.920769410226835500e-09 -3.713605318302291158e-08 -2.129160430008788721e-07 -3.799085747737164560e-07 6.149768197467267963e-08 7.623174408425018942e-07 1.225582502741330028e-06 1.645908667416440130e-06 2.171852744319373783e-06
8.837224080267559456e-01 -6.670821762940882673e-12 -1.352663439541691256e-09 -2.884320890012009109e-08 -1.839370281470646763e-07 -3.846211670994634895e-07 -2.472012073476750238e-08 6.997169253173318252e-07 1.195045729930072208e-06 1.628808259300715724e-06 2.171236425739355956e-06
8.970969899665552916e-01 -4.153683295746174439e-12 -9.448270745273970073e-10 -2.218874643996713672e-08 -1.567786191151313369e-07 -3.794606262009561635e-07 -1.056381748496368641e-07 6.313533395315331205e-07 1.162519535062369700e-06 1.610427270235529050e-06 2.169570071267266752e-06
9.104715719063546375e-01 -2.571987737737343620e-12 -6.548293943777356986e-10 -1.691354019297630101e-08 -1.319501020709008264e-07 -3.659915372494544593e-07 -1.791756833461458942e-07 5.573333872280239489e-07 1.127775259206125638e-06 1.590773667059265159e-06 2.166858921169254883e-06
9.238461538461538725e-01 -1.583635547529542464e-12 -4.503252678705678630e-10 -1.277680572796481604e-08 -1.097279204803608308e-07 -3.459390461979049796e-07 -2.435774773021939538e-07 4.780872562670270973e-07 1.090528173089987088e-06 1.569847045943570423e-06 2.163105858617359072e-06
9.372207357859532184e-01 -9.701762534370183127e-13 -3.074180904982232187e-10 -9.568740031249609048e-09 -9.021753533139344980e-08 -3.210416651990663211e-07 -2.974865309095919003e-07 3.943749123654223296e-07 1.050430317274975590e-06 1.547654427923689836e-06 2.158315618566739428e-06
9.505953177257525644e-01 -5.914856660265760521e-13 -2.083637110754693175e-10 -7.106053552270867804e-09 -7.337782435638046405e-08 -2.929648820990434818e-07 -3.400522451504292615e-07 3.073162800218480307e-07 1.007089172277115049e-06 1.524187894441852489e-06 2.152493504600511927e-06
9.639698996655519103e-01 -3.588870689768996938e-13 -1.402329284666418713e-10 -5.233715656138912908e-09 -5.906562191046914645e-08 -2.632111248482417560e-07 -3.709549501520955449e-07 2.183464919611226964e-07 9.600844560655271795e-07 1.499440053524261215e-06 2.145645080793117069e-06
9.773444816053512563e-01 -2.168847906296490232e-13 -9.376948549274609774e-11 -3.824574360571631581e-09 -4.707987272793750853e-08 -2.330736658676823554e-07 -3.903583472702054113e-07 1.291577794542067172e-07 9.089821920436828535e-07 1.473399176158621875e-06 2.137774703929895981e-06
9.907190635451506022e-01 -1.305181746107456259e-13 -6.229281987750354518e-11 -2.773106360312598243e-09 -3.717090523805956467e-08 -2.035988619292490034e-07 -3.989263391032866090e-07 4.162199560030316401e-08 8.534001888530135282e-07 1.446035348942233848e-06 2.128885051897904629e-06
1.004093645484949837e+00 -7.824051919334370301e-14 -4.112535967082752830e-11 -1.995579473311905613e-09 -2.908055470531228903e-08 -1.755891155260262986e-07 -3.976815829749274243e-07 -4.232589018994767043e-08 7.930299497335408836e-07 1.417301119926045347e-06 2.118985747935256116e-06
1.017468227424749072e+00 -4.674621309213330216e-14 -2.699425430592781747e-11 -1.425733273878664043e-09 -2.255330463614116342e-08 -1.496162849266748552e-07 -3.879309026261632265e-07 -1.207926734696215027e-07 7.276850771898836198e-07 1.387134718509012984e-06 2.108077336488796177e-06
1.030842809364548529e+00 -2.783077676760182220e-14 -1.761573823416274508e-11 -1.011312457923770556e-09 -1.734255500755289248e-08 -1.260313063120753898e-07 -3.711705887193022018e-07 -1.920598720474271212e-07 6.573686338200182944e-07 1.355436436775701558e-06 2.096167391727846433e-06
1.044217391304347764e+00 -1.652016384149578827e-14 -1.143413648137662909e-11 -7.124695793364453410e-10 -1.322732309714284241e-08 -1.050165290416103533e-07 -3.489570738995939284e-07 -2.546555212567933212e-07 5.822834926453198445e-07 1.322079096569762635e-06 2.083260526744253741e-06
1.057591973244147221e+00 -9.778474053543357073e-15 -7.383424225827206131e-12 -4.986041753238399710e-10 -1.000904329556765631e-08 -8.660395990129397973e-08 -3.228347039353214677e-07 -3.074663956681259158e-07 5.028849202480753242e-07 1.286898094131680573e-06 2.069361611937808426e-06
1.070966555183946456e+00 -5.771275460314512734e-15 -4.743351183269836977e-12 -3.466509220548042720e-10 -7.515368343948497767e-09 -7.071418016052552668e-08 -2.942473488467108029e-07 -3.497811933791920195e-07 4.198845379593054890e-07 1.249687133531584634e-06 2.054477804523838989e-06
1.084341137123745691e+00 -3.398968874940912242e-15 -3.033597115295211177e-12 -2.395430055045127878e-10 -5.601706367436880623e-09 -5.719861852583627242e-08 -2.644885130857360533e-07 -3.812907786592663477e-07 3.342420874909067399e-07 1.210203725219305231e-06 2.038611569223594453e-06
1.097715719063545148e+00 -1.996938910760582472e-15 -1.931167103461947240e-12 -1.645183701644484627e-10 -4.145087017630835782e-09 -4.584715454513672293e-08 -2.346566204296850765e-07 -4.021311082934839038e-07 2.471519876867264507e-07 1.168172338269245220e-06 2.021769098801126079e-06
1.111090301003344383e+00 -1.170691381408120902e-15 -1.224031643074967432e-12 -1.123289456461627788e-10 -3.045754877969980880e-09 -3.642903748930313710e-08 -2.056437432207153513e-07 -4.128026243923031837e-07 1.599848312109826014e-07 1.123299683146098488e-06 2.003954577867024699e-06
1.124464882943143840e+00 -6.851750419874382462e-16 -7.728143181993735582e-13 -7.627478169198893957e-11 -2.223022363585473311e-09 -2.870540915005649496e-08 -1.781357017619314429e-07 -4.141246122882136074e-07 7.424483916739614259e-08 1.075277351216046768e-06 1.985173270790310418e-06
1.137839464882943075e+00 -4.002286301168880323e-16 -4.859647170310942301e-13 -5.150645782864539605e-11 -1.611743250061598135e-09 -2.243642172637314534e-08 -1.526107197553950755e-07 -4.071873802203476345e-07 -8.516467861596482610e-09 1.023821918907963350e-06 1.965428190097955380e-06
1.151214046822742532e+00 -2.334477889714881615e-16 -3.044991456577022771e-13 -3.460231835327130321e-11 -1.161162326758804427e-09 -1.740098777772977421e-08 -1.293783233120754615e-07 -3.932379419917309916e-07 -8.676143834736703953e-08 9.686871238286397526e-07 1.944718630015274776e-06
1.164588628762541767e+00 -1.359810580684906143e-16 -1.901419415275270224e-13 -2.313018335591161368e-11 -8.313925466803570560e-10 -1.339471381128696541e-08 -1.085898368090355610e-07 -3.736229285316483424e-07 -1.590567928722716234e-07 9.096875777586902566e-07 1.923045954155248108e-06
1.177963210702341001e+00 -7.908909511275657013e-17 -1.183230995174448147e-13 -1.538507487334713398e-11 -5.916562795924203759e-10 -1.023557034339291570e-08 -9.027117354039397773e-08 -3.497048020703034337e-07 -2.241426134220860962e-07 8.467390311134258670e-07 1.900404702718637318e-06
1.191337792642140458e+00 -4.596444749487233566e-17 -7.342401711127293950e-14 -1.018819613031665243e-11 -4.186650505024322303e-10 -7.767398450610129868e-09 -7.436139566544253345e-08 -3.227943260319069534e-07 -2.809727077289445173e-07 7.798614582780338977e-07 1.876786162789134818e-06
1.204712374581939693e+00 -2.668275939168522384e-17 -4.542440123531910772e-14 -6.716246476017713435e-12 -2.945694063019661374e-10 -5.854159317380701826e-09 -6.071863896539799275e-08 -2.941035187946300061e-07 -3.287997716892438871e-07 7.092233417851360049e-07 1.852173899183806047e-06
1.218086956521739150e+00 -1.547517865881955837e-17 -2.802358511550344388e-14 -4.408464741531881352e-12 -2.061216197191447683e-10 -4.383082552854349774e-09 -4.916183376981650078e-08 -2.647039941466166027e-07 -3.671672069561985545e-07 6.351373977252946083e-07 1.826540637825721523e-06
1.231461538461538385e+00 -8.971052186940909578e-18 -1.724798792374766836e-14 -2.882399274531526888e-12 -1.434898802010033335e-10 -3.261027994804028629e-09 -3.948482755307216830e-08 -2.355067394803708325e-07 -3.959240716660088361e-07 5.580627183678776009e-07 1.799851691875792369e-06
1.244836120401337842e+00 -5.196315050258222186e-18 -1.058841496725859980e-14 -1.877035224746163309e-12 -9.937137749877157093e-11 -2.411072594698148258e-09 -3.146489769816152127e-08 -2.072437580311837248e-07 -4.152435107343115283e-07 4.786187771180584903e-07 1.772054461295282487e-06
1.258210702341137077e+00 -3.008770590995107614e-18 -6.486277599661443576e-15 -1.217911996084120872e-12 -6.848427000324430754e-11 -1.772053892307890422e-09 -2.488660439687247252e-08 -1.804813378578214651e-07 -4.255552936635970888e-07 3.975509657075737002e-07 1.743083632978850764e-06
1.271585284280936534e+00 -1.741638575850353965e-18 -3.965270138481235105e-15 -7.874807550024586859e-13 -4.697543677445620849e-11 -1.294865969672618803e-09 -1.954152496344656912e-08 -1.556195564318388277e-07 -4.275390734842216321e-07 3.157264195549771142e-07 1.712851805775239412e-06
1.284959866220735769e+00 -1.007619016550462707e-18 -2.418930439291819807e-15 -5.073832677558673127e-13 -3.207110816719766694e-11 -9.407805345777254729e-10 -1.523658895412649956e-08 -1.329103514848990915e-07 -4.220681380773144035e-07 2.340950166320934512e-07 1.681257878861667546e-06
1.298334448160535004e+00 -5.830798367036789509e-19 -1.473392692542710679e-15 -3.259433043212693298e-13 -2.180314635657580512e-11 -6.798790050476641596e-10 -1.180076152949779599e-08 -1.124895110825453953e-07 -4.101411513697381780e-07 1.536664996283229303e-07 1.648179011542711947e-06
1.311709030100334461e+00 -3.373506817253458999e-19 -8.958474454752486795e-16 -2.087281692089714302e-13 -1.475867525570233309e-11 -4.887086944408443505e-10 -9.079751022176347549e-09 -9.437709479647678872e-08 -3.928515195841007170e-07 7.546393595799944721e-08 1.613478861893195995e-06
1.325083612040133696e+00 -1.951639889266857393e-19 -5.438163250081958709e-16 -1.332723553150931669e-13 -9.949092312059082937e-12 -3.494823298722502832e-10 -6.941886576392372494e-09 -7.851895805223553887e-08 -3.713148742724118900e-07 4.968016323143043260e-10 1.577008941808074336e-06
1.338458193979933153e+00 -1.129290432147683750e-19 -3.297336329307651614e-16 -8.487783637380934952e-14 -6.681623457224752112e-12 -2.487081193036068402e-10 -5.275320131744425372e-09 -6.480292505549444275e-08 -3.466293545801329319e-07 -7.027267785501472693e-08 1.538614437899480525e-06
1.351832775919732388e+00 -6.537915015155314366e-20 -1.996333111953927033e-16 -5.390824373667342231e-14 -4.469843256417892549e-12 -1.761273085314115220e-10 -3.984879718239827474e-09 -5.306782600842918874e-08 -3.198344123724004600e-07 -1.359771484710847403e-07 1.498146031765980266e-06
1.365207357859531845e+00 -3.783233141792097342e-20 -1.207380650612792022e-16 -3.415796706846250822e-14 -2.979648846292011315e-12 -1.241552417532391445e-10 -2.992935314214760879e-09 -4.313466445196711345e-08 -2.918785783581344442e-07 -1.958485408262318244e-07 1.455464440526341029e-06
1.378581939799331080e+00 -2.192494121133062777e-20 -7.294980137183661442e-17 -2.159470040383634927e-14 -1.979484787989625794e-12 -8.712890396654973483e-11 -2.235459311963538673e-09 -3.480919031080381623e-08 -2.635979627044047454e-07 -2.492607976763833130e-07 1.410456542047191377e-06
1.391956521739130537e+00 -1.268281269682701875e-20 -4.402601946642271054e-17 -1.362029732801240318e-14 -1.310519595657924921e-12 -6.087344190045887062e-11 -1.660578702705189418e-09 -2.789469156258927476e-08 -2.356979189997310088e-07 -2.957410249568871735e-07 1.363044085915377127e-06
1.405331103678929772e+00 -7.366018064646685011e-21 -2.655590267372836131e-17 -8.575245391917932967e-15 -8.650595817844270475e-13 -4.235803289148602530e-11 -1.227221134545576561e-09 -2.220515784145205204e-08 -2.087588940196049045e-07 -3.349635186694687749e-07 1.313190573659451131e-06
1.418705685618729007e+00 -4.265631541750249621e-21 -1.600435227494774919e-17 -5.387990356429765572e-15 -5.692409631871409706e-13 -2.935314825153840144e-11 -9.023216234865237048e-10 -1.756114443808967264e-08 -1.832212945227798985e-07 -3.667877686278661573e-07 1.260921339740001312e-06
1.432080267558528464e+00 -2.496354710152396816e-21 -9.638358964918398225e-18 -3.379075024426955842e-15 -3.734798918424285397e-13 -2.026080721380865949e-11 -6.601600465030357875e-10 -1.380111275735681633e-08 -1.594075059035054261e-07 -3.912278399138142285e-07 1.206321117440855496e-06
1.445454849498327698e+00 -1.422320043562841468e-21 -5.802846485759888996e-18 -2.116078815797993626e-15 -2.444085594935061860e-13 -1.393413123956053399e-11 -4.807366982234632876e-10 -1.078099673941812874e-08 -1.375309114819073356e-07 -4.084468424703814968e-07 1.149539302146523800e-06
1.458829431438127155e+00 -8.267004782117793663e-22 -3.491364178773279603e-18 -1.322857480915598335e-15 -1.595014736125315684e-13 -9.547249502591885480e-12 -3.484366625756621169e-10 -8.371940274984731100e-09 -1.176989169281247453e-07 -4.187676902921668845e-07 1.090798642341704259e-06
1.472204013377926390e+00 -4.798770661421026562e-22 -2.100089344279879422e-18 -8.258545795311626710e-16 -1.038392191634990944e-13 -6.519050463523041108e-12 -2.514286649866496955e-10 -6.464405956596965940e-09 -9.994552244808977318e-08 -4.226247472834436108e-07 1.030382234431810670e-06
1.485578595317725847e+00 -2.797540660382907772e-22 -1.262938405651766501e-18 -5.149125362588204076e-16 -6.744457562234871728e-14 -4.436550714248196263e-12 -1.806483930932337119e-10 -4.964089599150138348e-09 -8.423479693632653922e-08 -4.205654739509749571e-07 9.686357341482127202e-07
1.498953177257525082e+00 -1.658027883764633129e-22 -7.592048710104878328e-19 -3.205882290784286521e-16 -4.370087498272888717e-14 -3.009200040084009000e-12 -1.292384667720427345e-10 -3.791412974632606446e-09 -7.047839803277714957e-08 -4.132217752397116182e-07 9.059524408628353457e-07
1.512327759197324317e+00 -9.491406384806931746e-23 -4.564578589092571536e-19 -1.994243405624137249e-16 -2.826182744764660549e-14 -2.035090049671175101e-12 -9.209609993340209403e-11 -2.881015873612713446e-09 -5.855835979354385486e-08 -4.012765479829637078e-07 8.427639586335450907e-07
1.525702341137123774e+00 -5.567414360280521776e-23 -2.743955093387901880e-19 -1.239101242865486290e-16 -1.823862442267180378e-14 -1.372110195930323298e-12 -6.536703691548652223e-11 -2.178158320718548033e-09 -4.832465277387721219e-08 -3.854565956446733302e-07 7.795260048191441786e-07
1.539076923076923009e+00 -3.330089748061227082e-23 -1.649456775672847603e-19 -7.691098212512080869e-17 -1.174696010471596852e-14 -9.224208636835099817e-13 -4.621754840305494904e-11 -1.638710352278098966e-09 -3.961792408135217436e-08 -3.664924033001862827e-07 7.167013441078612387e-07
1.552451505016722466e+00 -2.058326737114317106e-23 -9.916788795705868252e-20 -4.770809142670045592e-17 -7.553671176940098595e-15 -6.185094665634922956e-13 -3.256190663840316916e-11 -1.227142111516772401e-09 -3.227541357220634990e-08 -3.451067205082535550e-07 6.547505872573108962e-07
1.565826086956521701e+00 -1.202761800533400239e-23 -5.962963945558820817e-20 -2.956527585060571312e-17 -4.848272498640469755e-15 -4.135899183504982307e-13 -2.285748223441974756e-11 -9.146738551936230409e-10 -2.613155793121278859e-08 -3.219917154914928934e-07 5.941093122777809179e-07
1.579200668896321158e+00 -7.908888605277614592e-24 -3.586299194712976864e-20 -1.831093393045545136e-17 -3.107103404213253360e-15 -2.758868593955532504e-13 -1.599110293555656345e-11 -6.787654270476938923e-10 -2.103181652826314893e-08 -2.977927434030853699e-07 5.351844117731454875e-07
1.592575250836120393e+00 -3.853011063424540376e-24 -2.157812110068818573e-20 -1.133440899731172900e-17 -1.988359829246058674e-15 -1.835980648685918372e-13 -1.115075437340206156e-11 -5.015435854624336177e-10 -1.682998642753691352e-08 -2.730955376007700164e-07 4.783375927253251460e-07
1.605949832775919628e+00 -3.784133951175901497e-24 -1.299497453601067304e-20 -7.010945789205777435e-18 -1.270446401344838064e-15 -1.218858225881949929e-13 -7.749925722456155299e-12 -3.690185842412190943e-10 -1.339183691093486219e-08 -2.484164916286493512e-07 4.238783754399007802e-07
1.619324414715719085e+00 0.000000000000000000e+00 -7.812178870020236674e-21 -4.335802897558353898e-18 -8.108610102568689290e-16 -8.075540571818500310e-14 -5.370541676208065793e-12 -2.704407288538884188e-10 -1.059893883008886170e-08 -2.242016447321477681e-07 3.720650515064928433e-07
1.632698996655518320e+00 0.000000000000000000e+00 -4.703751795500217067e-21 -2.680076200713066241e-18 -5.168490769532029129e-16 -5.338880105776709283e-14 -3.710402735322596063e-12 -1.974091170309543594e-10 -8.344182717089517188e-09 -2.008150895347124646e-07 3.230901046948702248e-07
1.646073578595317777e+00 0.000000000000000000e+00 -2.840458393756358645e-21 -1.655944810195056448e-18 -3.290452789471711530e-16 -3.522413092342735584e-14 -2.555994774419138089e-12 -1.435456658007696239e-10 -6.535431216203638137e-09 -1.785483138572964345e-07 2.770909057349430679e-07
1.659448160535117012e+00 0.000000000000000000e+00 -1.705206226169480478e-21 -1.023178512060574265e-18 -2.093048391316857988e-16 -2.319994365241772989e-14 -1.756159637076854156e-12 -1.040046007144723255e-10 -5.093716527032889199e-09 -1.576231350547216848e-07 2.341502183885408014e-07
1.672822742474916469e+00 0.000000000000000000e+00 -1.041586790106360945e-21 -6.319511724183528093e-19 -1.329878802325318187e-16 -1.525095079926640403e-14 -1.203289421110720036e-12 -7.508007167166231749e-11 -3.950763703731252153e-09 -1.381873024980772127e-07 1.942916263777410631e-07
1.686197324414715704e+00 0.000000000000000000e+00 -6.109069154979357700e-22 -3.903192531724801528e-19 -8.442874105288344603e-17 -1.000915845484106721e-14 -8.224198297160723613e-13 -5.401419267677533681e-11 -3.050042683181095814e-09 -1.203353432964353781e-07 1.574976555647916077e-07
1.699571906354515161e+00 0.000000000000000000e+00 -3.694956022823734327e-22 -2.410717183178377866e-19 -5.355975768231829279e-17 -6.558747169771682401e-15 -5.607538612363628857e-13 -3.872984315123598221e-11 -2.344043983722582470e-09 -1.041058094238031558e-07 1.237063607210317324e-07
1.712946488294314396e+00 0.000000000000000000e+00 -2.235377277803298818e-22 -1.488525101637714740e-19 -3.394639781908590107e-17 -4.290643020294107944e-15 -3.814001597955970185e-13 -2.767792760645352179e-11 -1.793434085584951915e-09 -8.949137924641831099e-08 9.282067656175740934e-08
1.726321070234113630e+00 0.000000000000000000e+00 -1.348772550032494485e-22 -9.195632279684374133e-20 -2.150585788657220281e-17 -2.803410503725398228e-15 -2.588708007107128290e-13 -1.972014638504984909e-11 -1.366405153758100875e-09 -7.645470298902757490e-08 6.472081154468611528e-08
1.739695652173913087e+00 0.000000000000000000e+00 -8.203138770245195678e-23 -5.679263973058682052e-20 -1.361495276767894289e-17 -1.829054100108258993e-15 -1.753143090810431141e-13 -1.400689876091612817e-11 -1.036696161709539966e-09 -6.492312593164753700e-08 3.926080272942130391e-08
1.753070234113712322e+00 0.000000000000000000e+00 -5.061331806934866741e-23 -3.508790104843286386e-20 -8.614058806096560698e-18 -1.191744550503849290e-15 -1.184755041703506807e-13 -9.919200618382816359e-12 -7.833498599953010823e-10 -5.480699736684943813e-08 1.628363843902268146e-08
1.766444816053511779e+00 0.000000000000000000e+00 -3.012271141948391892e-23 -2.168595728837081851e-20 -5.448642875370424218e-18 -7.757140970059332484e-16 -7.991875905121609807e-14 -7.005346719183769956e-12 -5.896456200074333090e-10 -4.600424962664801356e-08 -4.375327959033446524e-09
1.779819397993311014e+00 0.000000000000000000e+00 -1.867595630170710492e-23 -1.340474786459369345e-20 -3.444434676767591159e-18 -5.042789929804754222e-16 -5.380151056931820286e-14 -4.933421093151200623e-12 -4.421235857451572948e-10 -3.839960486441197808e-08 -2.288707667404139290e-08
1.793193979933110471e+00 0.000000000000000000e+00 -1.038689817230487770e-23 -8.288227597407238328e-21 -2.176851549958864784e-18 -3.275018055240570303e-16 -3.615592924391453127e-14 -3.465243200463202679e-12 -3.302951573886957389e-10 -3.187870696320432598e-08 -3.941968585570761064e-08
1.806568561872909706e+00 0.000000000000000000e+00 -7.561322110221881536e-24 -5.122753014793800552e-21 -1.375442110538764107e-18 -2.124987581196380912e-16 -2.425693260633602886e-14 -2.427857834533347106e-12 -2.458732160484558736e-10 -2.632569081851701471e-08 -5.413737896283240804e-08
1.819943143812709163e+00 0.000000000000000000e+00 -4.924406369632873554e-24 -3.177326073729454014e-21 -8.686982103552635889e-19 -1.377339764594884432e-16 -1.624513938768196028e-14 -1.696665328683804840e-12 -1.823790382155818226e-10 -2.162749236260524949e-08 -6.719922482536373715e-08
1.833317725752508398e+00 0.000000000000000000e+00 -2.385804687860531308e-24 -1.964204192587905848e-21 -5.486908120915695522e-19 -8.921733502782561133e-17 -1.086443042917589559e-14 -1.183029384971414192e-12 -1.348374851631684702e-10 -1.767946045803014801e-08 -7.875348745101061739e-08
1.846692307692307633e+00 0.000000000000000000e+00 -2.323798893525759700e-24 -1.218539263556241298e-21 -3.464856926335013642e-19 -5.774107497122307521e-17 -7.254591554460608397e-15 -8.229492735672757492e-13 -9.935768124801537792e-11 -1.438128793873570572e-08 -8.894044187391423858e-08
1.860066889632107090e+00 0.000000000000000000e+00 0.000000000000000000e+00 -7.499697930173659224e-22 -2.187806490314672825e-19 -3.734034617157506583e-17 -4.837002770475747617e-15 -5.711726175896352128e-13 -7.297780254260273316e-11 -1.164253800121692866e-08 -9.788894285942854517e-08
1.873441471571906325e+00 0.000000000000000000e+00 0.000000000000000000e+00 -4.736123282106118604e-22 -1.381473722353324937e-19 -2.413651799907436558e-17 -3.221298191616508951e-15 -3.956377275235791804e-13 -5.344162958044748164e-11 -9.382100760064002862e-09 -1.057172905134807291e-07
1.886816053511705782e+00 0.000000000000000000e+00 0.000000000000000000e+00 -2.806413804641931468e-22 -8.724427237352648881e-20 -1.559010507553058498e-17 -2.142284775452102991e-15 -2.734593217071011071e-13 -3.901501009332936657e-11 -7.526103849583133936e-09 -1.125329576808136324e-07
1.900190635451505017e+00 0.000000000000000000e+00 0.000000000000000000e+00 -1.740352096766988666e-22 -5.509512047975165721e-20 -1.006511566769992912e-17 -1.423066391352363506e-15 -1.886481429780254869e-13 -2.840102811078815005e-11 -6.010793814576573915e-09 -1.184331533556865896e-07
1.913565217391304474e+00 0.000000000000000000e+00 0.000000000000000000e+00 -1.080929733016971184e-22 -3.479355903524753497e-20 -6.495406167348914187e-18 -9.442835017929563884e-16 -1.299001032471315623e-13 -2.061695428759383710e-11 -4.780072720005509990e-09 -1.235051707270743689e-07
1.926939799331103709e+00 0.000000000000000000e+00 0.000000000000000000e+00 -6.682402155001028843e-23 -2.197468575192787777e-20 -4.189322682589347915e-18 -6.258300451162206553e-16 -8.927487081721730078e-14 -1.492419348307570942e-11 -3.785306006508598269e-09 -1.278268024645526194e-07
1.940314381270902944e+00 0.000000000000000000e+00 0.000000000000000000e+00 -4.187700070706553543e-23 -1.387882412299808856e-20 -2.701511083499784602e-18 -4.144300736609413981e-16 -6.125726071869568795e-14 -1.077593256176132567e-11 -2.985532849352529139e-09 -1.314679708194116728e-07
1.953688963210702401e+00 0.000000000000000000e+00 0.000000000000000000e+00 -2.559057753500956863e-23 -8.778377861469327448e-21 -1.741381813764546683e-18 -2.741601786702060974e-16 -4.195990631713311199e-14 -7.760404253470166418e-12 -2.345349165660052776e-09 -1.344900287336357539e-07
1.967063545150501636e+00 0.000000000000000000e+00 0.000000000000000000e+00 -1.558339468873427440e-23 -5.552153328655847881e-21 -1.122082384208290839e-18 -1.811929032641818472e-16 -2.869391764689716579e-14 -5.574600006319309394e-12 -1.835277747643703027e-09 -1.369476620397268325e-07
1.980438127090301093e+00 0.000000000000000000e+00 0.000000000000000000e+00 -1.003562087324208782e-23 -3.511379698383683485e-21 -7.230183909456063093e-19 -1.196732220412346290e-16 -1.959504374640676768e-14 -3.995288040313079009e-12 -1.430827450400002546e-09 -1.388895114023501737e-07
1.993812709030100327e+00 0.000000000000000000e+00 0.000000000000000000e+00 -6.505611378567416723e-24 -2.219890969626306916e-21 -4.657217272727191695e-19 -7.896948052209411714e-17 -1.336031905166784474e-14 -2.856490428032611260e-12 -1.111366984034433280e-09 -1.403577357887739253e-07
2.007187290969899784e+00 0.000000000000000000e+00 0.000000000000000000e+00 -4.418909289456822658e-24 -1.407549936144391815e-21 -2.999601952985633781e-19 -5.207548672026818058e-17 -9.097018118467654257e-15 -2.037763216562852099e-12 -8.601685285956082117e-10 -1.413898954674504187e-07
2.020561872909699019e+00 0.000000000000000000e+00 0.000000000000000000e+00 -3.033116977706035569e-24 -8.898091938829750120e-22 -1.932014471612319461e-19 -3.431972541295502304e-17 -6.186171958561843205e-15 -1.450589078153674404e-12 -6.634491128912973189e-10 -1.420190581591931667e-07
2.033936454849498254e+00 0.000000000000000000e+00 0.000000000000000000e+00 -1.471451583455531280e-24 -5.646164489888437740e-22 -1.244023157826238167e-19 -2.260107960076463529e-17 -4.200879146706736751e-15 -1.030338346024897624e-12 -5.099596543498264003e-10 -1.422732582017071345e-07
2.047311036789297489e+00 0.000000000000000000e+00 0.000000000000000000e+00 -1.424865367815918288e-24 -3.532946299367308688e-22 -8.012868314227652475e-20 -1.487817021394164815e-17 -2.849701504795528698e-15 -7.304401543238341675e-13 -3.907173937696366655e-10 -1.421784368826135830e-07
2.060685618729097168e+00 0.000000000000000000e+00 0.000000000000000000e+00 0.000000000000000000e+00 -2.296230373487162153e-22 -5.160423676122596218e-20 -9.788504756226497945e-18 -1.930771218310270386e-15 -5.167908704811218682e-13 -2.983882411675070748e-10 -1.417555593747294974e-07
2.074060200668896403e+00 0.000000000000000000e+00 0.000000000000000000e+00 0.000000000000000000e+00 -1.497023290219167429e-22 -3.322373463486443297e-20 -6.436475710758582933e-18 -1.306641584512064265e-15 -3.649196457481007840e-13 -2.271580589816185392e-10 -1.410234802927952014e-07
2.087434782608695638e+00 0.000000000000000000e+00 0.000000000000000000e+00 0.000000000000000000e+00 -8.764522346755331591e-23 -2.140972323720808513e-20 -4.231356588691613978e-18 -8.834889748809449860e-16 -2.572414295936002984e-13 -1.724197943965439571e-10 -1.399988544053240141e-07
2.100809364548494873e+00 0.000000000000000000e+00 0.000000000000000000e+00 0.000000000000000000e+00 -5.555656843736722822e-23 -1.379135792008514255e-20 -2.780281468660003695e-18 -5.967126292076678177e-16 -1.809987739765808955e-13 -1.304769230045708570e-10 -1.386951513401671386e-07
2.114183946488294552e+00 0.000000000000000000e+00 0.000000000000000000e+00 0.000000000000000000e+00 -3.521723452891692350e-23 -8.891753632970344892e-21 -1.826305426130221732e-18 -4.026640868397108233e-16 -1.271410683635242062e-13 -9.845496833377902730e-11 -1.371246224469352776e-07
2.127558528428093787e+00 0.000000000000000000e+00 0.000000000000000000e+00 0.000000000000000000e+00 -2.212133790819963047e-23 -5.731664492945311885e-21 -1.199388573499811411e-18 -2.714946590540200896e-16 -8.916668699139471113e-14 -7.408590820802326045e-11 -1.352979820812641945e-07
2.140933110367893022e+00 0.000000000000000000e+00 0.000000000000000000e+00 0.000000000000000000e+00 -1.424299974245375296e-23 -3.690581771259121568e-21 -7.873776030485114462e-19 -1.828796775221127420e-16 -6.242949776298971427e-14 -5.559296697897838637e-11 -1.332241704400282265e-07
2.154307692307692257e+00 0.000000000000000000e+00 0.000000000000000000e+00 0.000000000000000000e+00 -9.215411818415229897e-24 -2.383991712522647451e-21 -5.168783540704851733e-19 -1.231116529250567851e-16 -4.364888357798110727e-14 -4.160911170809108006e-11 -1.309123659724522440e-07
2.167682274247491492e+00 0.000000000000000000e+00 0.000000000000000000e+00 0.000000000000000000e+00 -6.122564206093677295e-24 -1.534042699123307124e-21 -3.392281384242674438e-19 -8.281106255280150698e-17 -3.047195625024830948e-14 -3.106147069609274747e-11 -1.283702907772465352e-07
2.181056856187291171e+00 0.000000000000000000e+00 0.000000000000000000e+00 0.000000000000000000e+00 -3.926948509608031153e-24 -9.931399195162970993e-22 -2.225804233424862262e-19 -5.566055128194794277e-17 -2.124178854801121958e-14 -2.312854278401818305e-11 -1.256061233910432316e-07
2.194431438127090406e+00 0.000000000000000000e+00 0.000000000000000000e+00 0.000000000000000000e+00 -2.437834355121506134e-24 -6.400426392449269007e-22 -1.460671739842819220e-19 -3.739404015964996164e-17 -1.478963054369175187e-14 -1.718131402518884994e-11 -1.226286856873370095e-07
2.207806020066889641e+00 0.000000000000000000e+00 0.000000000000000000e+00 0.000000000000000000e+00 -1.825864651428671927e-24 -4.129149390148278872e-22 -9.583177909562964588e-20 -2.510405705736007914e-17 -1.028291588183983368e-14 -1.273222298735701262e-11 -1.194466928368335773e-07
2.221180602006688876e+00 0.000000000000000000e+00 0.000000000000000000e+00 0.000000000000000000e+00 -8.811119309585675302e-25 -2.670915007949750404e-22 -6.287481204424853994e-20 -1.684467933125937772e-17 -7.140864091153924324e-15 -9.413731230117998303e-12 -1.160705553333589564e-07
2.234555183946488555e+00 0.000000000000000000e+00 0.000000000000000000e+00 0.000000000000000000e+00 -8.476015825845440325e-25 -1.695269833429454186e-22 -4.125614480780296618e-20 -1.129754541293908442e-17 -4.953240886029225874e-15 -6.944829505684559773e-12 -1.125116905163944658e-07
2.247929765886287790e+00 0.000000000000000000e+00 0.000000000000000000e+00 0.000000000000000000e+00 -5.754708490248960841e-26 -1.126202496392243856e-22 -2.706746451394275176e-20 -7.572601827776900833e-18 -3.431522670485204389e-15 -5.111931094610658844e-12 -1.087827827547470719e-07
2.261304347826087024e+00 0.000000000000000000e+00 0.000000000000000000e+00 0.000000000000000000e+00 0.000000000000000000e+00 -7.556237995961647306e-23 -1.776138323984992535e-20 -5.074436555018148219e-18 -2.375029864418274922e-15 -3.755192438716338465e-12 -1.048986873444008911e-07
2.274678929765886259e+00 0.000000000000000000e+00 0.000000000000000000e+00 0.000000000000000000e+00 0.000000000000000000e+00 -4.432487840399890892e-23 -1.165764295484265738e-20 -3.398870393601196946e-18 -1.642015883789819093e-15 -2.752794745952786958e-12 -1.008754064292753700e-07
2.288053511705685494e+00 0.000000000000000000e+00 0.000000000000000000e+00 0.000000000000000000e+00 0.000000000000000000e+00 -2.870140896580395978e-23 -7.649573944047170019e-21 -2.275581146270232828e-18 -1.134030274606376709e-15 -2.013866107985854827e-12 -9.673080839245343231e-08
2.301428093645485173e+00 0.000000000000000000e+00 0.000000000000000000e+00 0.000000000000000000e+00 0.000000000000000000e+00 -1.831382698479270394e-23 -5.024239950910058371e-21 -1.523305337414408523e-18 -7.825740902215421850e-16 -1.470605834169013094e-12 -9.248482880715966080e-08
2.314802675585284408e+00 0.000000000000000000e+00 0.000000000000000000e+00 0.000000000000000000e+00 0.000000000000000000e+00 -1.207100648275664346e-23 -3.297294059085200470e-21 -1.019303609488563696e-18 -5.394942446881216137e-16 -1.071801808668370937e-12 -8.815802553548288600e-08
2.328177257525083643e+00 0.000000000000000000e+00 0.000000000000000000e+00 0.000000000000000000e+00 0.000000000000000000e+00 -7.640716161320325658e-24 -2.166895622779683654e-21 -6.819109352117296048e-19 -3.716114539288542642e-16 -7.797489064230263116e-13 -8.377282997524998566e-08
2.341551839464882878e+00 0.000000000000000000e+00 0.000000000000000000e+00 0.000000000000000000e+00 0.000000000000000000e+00 -4.876477677721725199e-24 -1.423947125594661470e-21 -4.561249357187347246e-19 -2.557756952386090979e-16 -5.663002145422729268e-13 -7.935239599620315028e-08
2.354926421404682113e+00 0.000000000000000000e+00 0.000000000000000000e+00 0.000000000000000000e+00 0.000000000000000000e+00 -3.529806346030708854e-24 -9.341322139237759568e-22 -3.050041941024993163e-19 -1.758914221867470814e-16 -4.105463819870994460e-13 -7.492021312967976841e-08
2.368301003344481792e+00 0.000000000000000000e+00 0.000000000000000000e+00 0.000000000000000000e+00 0.000000000000000000e+00 -2.252655874850824800e-24 -6.150310868466612927e-22 -2.039522703541873098e-19 -1.208843684945167031e-16 -2.971689963049853278e-13 -7.050061507120371721e-08
2.381675585284281027e+00 0.000000000000000000e+00 0.000000000000000000e+00 0.000000000000000000e+00 0.000000000000000000e+00 -1.620609143452413225e-24 -4.027527368539218672e-22 -1.363585595360497491e-19 -8.301802033515612467e-17 -2.147502245763231262e-13 -6.611697315309187830e-08
2.395050167224080262e+00 0.000000000000000000e+00 0.000000000000000000e+00 0.000000000000000000e+00 0.000000000000000000e+00 -1.039957421465747942e-24 -2.637036470305071303e-22 -9.115177840733508346e-20 -5.697162930998912902e-17 -1.549411837405351493e-13 -6.179237081492752048e-08
2.408424749163879497e+00 0.000000000000000000e+00 0.000000000000000000e+00 0.000000000000000000e+00 0.000000000000000000e+00 -4.968015480842077214e-25 -1.749737383820353072e-22 -6.093274172724646221e-20 -3.907915033642731964e-17 -1.116350074454262595e-13 -5.754940886763366109e-08
2.421799331103679176e+00 0.000000000000000000e+00 0.000000000000000000e+00 0.000000000000000000e+00 0.000000000000000000e+00 -4.787272609712339108e-25 -1.146526401831336206e-22 -4.073138807571377924e-20 -2.678736972188143842e-17 -8.030939842325832849e-14 -5.340837239961347219e-08
2.435173913043478411e+00 0.000000000000000000e+00 0.000000000000000000e+00 0.000000000000000000e+00 0.000000000000000000e+00 -4.592458237574840103e-25 -7.384963559397900175e-23 -2.722793459484416738e-20 -1.835235297665231578e-17 -5.769431950849171530e-14 -4.938865553267376070e-08
2.448548494983277646e+00 0.000000000000000000e+00 0.000000000000000000e+00 0.000000000000000000e+00 0.000000000000000000e+00 0.000000000000000000e+00 -5.030620219074558054e-23 -1.820042195726032381e-20 -1.256771622266532861e-17 -4.139322464672422599e-14 -4.550747394105498780e-08
2.461923076923076881e+00 0.000000000000000000e+00 0.000000000000000000e+00 0.000000000000000000e+00 0.000000000000000000e+00 0.000000000000000000e+00 -3.432274971109757013e-23 -1.216443358067107893e-20 -8.601303423011868419e-18 -2.965634464686804251e-14 -4.177949854227757981e-08
2.475297658862876116e+00 0.000000000000000000e+00 0.000000000000000000e+00 0.000000000000000000e+00 0.000000000000000000e+00 0.000000000000000000e+00 -2.013042942288041825e-23 -8.134623972647791340e-21 -5.884903318312999105e-18 -2.122276431511451279e-14 -3.821793111948023714e-08
2.488672240802675795e+00 0.000000000000000000e+00 0.000000000000000000e+00 0.000000000000000000e+00 0.000000000000000000e+00 0.000000000000000000e+00 -1.313545436968021092e-23 -5.440119431934172367e-21 -4.024527278453063290e-18 -1.516837554997385457e-14 -3.483263832861650567e-08
2.502046822742475030e+00 0.000000000000000000e+00 0.000000000000000000e+00 0.000000000000000000e+00 0.000000000000000000e+00 0.000000000000000000e+00 -8.765611743130750390e-24 -3.638471444648875312e-21 -2.751014134615550064e-18 -1.082774385194318884e-14 -3.163135238112972752e-08
2.515421404682274265e+00 0.000000000000000000e+00 0.000000000000000000e+00 0.000000000000000000e+00 0.000000000000000000e+00 0.000000000000000000e+00 -5.803215458209321146e-24 -2.432798073480139257e-21 -1.880142848618495853e-18 -7.721449781357505087e-15 -2.861992071368559774e-08
2.528795986622073499e+00 0.000000000000000000e+00 0.000000000000000000e+00 0.000000000000000000e+00 0.000000000000000000e+00 0.000000000000000000e+00 -3.757962019025137296e-24 -1.627262132441878696e-21 -1.284402904092333551e-18 -5.499768430645770327e-15 -2.580079763028534098e-08
2.542170568561873178e+00 0.000000000000000000e+00 0.000000000000000000e+00 0.000000000000000000e+00 0.000000000000000000e+00 0.000000000000000000e+00 -2.565388078051497371e-24 -1.088575861852736954e-21 -8.771989141188571436e-19 -3.913278230614536728e-15 -2.317503483530022570e-08
2.555545150501672413e+00 0.000000000000000000e+00 0.000000000000000000e+00 0.000000000000000000e+00 0.000000000000000000e+00 0.000000000000000000e+00 -1.671875384308398242e-24 -7.280920848823513649e-22 -5.989737566692565416e-19 -2.781739381411802894e-15 -2.074139203168857405e-08
2.568919732441471648e+00 0.000000000000000000e+00 0.000000000000000000e+00 0.000000000000000000e+00 0.000000000000000000e+00 0.000000000000000000e+00 -1.174775080376594890e-24 -4.872293806060028479e-22 -4.088515995190150911e-19 -1.975269455381487560e-15 -1.849639045177031727e-08
2.582294314381270883e+00 0.000000000000000000e+00 0.000000000000000000e+00 0.000000000000000000e+00 0.000000000000000000e+00 0.000000000000000000e+00 -8.419162590621493490e-25 -3.254092220031575162e-22 -2.790581011499057413e-19 -1.401442511342769541e-15 -1.643566049221822398e-08
2.595668896321070118e+00 0.000000000000000000e+00 0.000000000000000000e+00 0.000000000000000000e+00 0.000000000000000000e+00 0.000000000000000000e+00 -5.352624018801386326e-25 -2.180127437032332342e-22 -1.904260272813552024e-19 -9.933798922921103037e-16 -1.455264837807024596e-08
2.609043478260869797e+00 0.000000000000000000e+00 0.000000000000000000e+00 0.000000000000000000e+00 0.000000000000000000e+00 0.000000000000000000e+00 -2.561302118226925933e-25 -1.454278314011828295e-22 -1.299148988723300714e-19 -7.034775746405058177e-16 -1.283992025090197566e-08
2.622418060200669032e+00 0.000000000000000000e+00 0.000000000000000000e+00 0.000000000000000000e+00 0.000000000000000000e+00 0.000000000000000000e+00 -2.454503427155469993e-25 -9.839762084455905732e-23 -8.863253133206489779e-20 -4.978322634318590355e-16 -1.128943787440482989e-08
2.635792642140468267e+00 0.000000000000000000e+00 0.000000000000000000e+00 0.000000000000000000e+00 0.000000000000000000e+00 0.000000000000000000e+00 -2.344915421555390361e-25 -6.541580379885146962e-23 -6.045773543386806251e-20 -3.519882465628403901e-16 -9.891761709912014596e-09
2.649167224080267502e+00 0.000000000000000000e+00 0.000000000000000000e+00 0.000000000000000000e+00 0.000000000000000000e+00 0.000000000000000000e+00 0.000000000000000000e+00 -4.377335954783921867e-23 -4.123569149856274221e-20 -2.486854728622851899e-16 -8.637501432415237070e-09
2.662541806020067181e+00 0.000000000000000000e+00 0.000000000000000000e+00 0.000000000000000000e+00 0.000000000000000000e+00 0.000000000000000000e+00 0.000000000000000000e+00 -3.057699381694784118e-23 -2.812475188326238933e-20 -1.755810427077916028e-16 -7.516824609592392446e-09
2.675916387959866416e+00 0.000000000000000000e+00 0.000000000000000000e+00 0.000000000000000000e+00 0.000000000000000000e+00 0.000000000000000000e+00 0.000000000000000000e+00 -1.982202918723103006e-23 -1.918121696541287662e-20 -1.238679255735323065e-16 -6.519568960011568510e-09
2.689290969899665651e+00 0.000000000000000000e+00 0.000000000000000000e+00 0.000000000000000000e+00 0.000000000000000000e+00 0.000000000000000000e+00 0.000000000000000000e+00 -1.375758430372149655e-23 -1.308156244249643117e-20 -8.733695072602997033e-17 -5.636037476552206002e-09
2.702665551839464886e+00 0.000000000000000000e+00 0.000000000000000000e+00 0.000000000000000000e+00 0.000000000000000000e+00 0.000000000000000000e+00 0.000000000000000000e+00 -9.804857410840359802e-24 -8.921528226261748937e-21 -6.153819927119047915e-17 -4.856316619116060193e-09
2.716040133779264121e+00 0.000000000000000000e+00 0.000000000000000000e+00 0.000000000000000000e+00 0.000000000000000000e+00 0.000000000000000000e+00 0.000000000000000000e+00 -5.418319655770805566e-24 -6.085432917866817204e-21 -4.333087906877177258e-17 -4.170938211666977963e-09
2.729414715719063800e+00 0.000000000000000000e+00 0.000000000000000000e+00 0.000000000000000000e+00 0.000000000000000000e+00 0.000000000000000000e+00 0.000000000000000000e+00 -3.666358820869327360e-24 -4.151470092070141984e-21 -3.049734336224339702e-17 -3.571006401945199735e-09
2.742789297658863035e+00 0.000000000000000000e+00 0.000000000000000000e+00 0.000000000000000000e+00 0.000000000000000000e+00 0.000000000000000000e+00 0.000000000000000000e+00 -2.418616431181013580e-24 -2.831519247967384330e-21 -2.145089842589278451e-17 -3.047731805588300630e-09
2.756163879598662270e+00 0.000000000000000000e+00 0.000000000000000000e+00 0.000000000000000000e+00 0.000000000000000000e+00 0.000000000000000000e+00 0.000000000000000000e+00 -1.665807139474324487e-24 -1.931800995136977036e-21 -1.508034903554906195e-17 -2.593115637409552236e-09
2.769538461538461505e+00 0.000000000000000000e+00 0.000000000000000000e+00 0.000000000000000000e+00 0.000000000000000000e+00 0.000000000000000000e+00 0.000000000000000000e+00 -1.154179707110957122e-24 -1.318125095958453831e-21 -1.059710201592719972e-17 -2.199627151892939660e-09
2.782913043478261184e+00 0.000000000000000000e+00 0.000000000000000000e+00 0.000000000000000000e+00 0.000000000000000000e+00 0.000000000000000000e+00 0.000000000000000000e+00 -6.995633989578539335e-25 -8.993312663662110231e-22 -7.442473268788668260e-18 -1.860218940253364229e-09
2.796287625418060419e+00 0.000000000000000000e+00 0.000000000000000000e+00 0.000000000000000000e+00 0.000000000000000000e+00 0.000000000000000000e+00 0.000000000000000000e+00 -5.239657397009576909e-25 -6.133261009922898765e-22 -5.225213821186136674e-18 -1.568580224009821219e-09
2.809662207357859653e+00 0.000000000000000000e+00 0.000000000000000000e+00 0.000000000000000000e+00 0.000000000000000000e+00 0.000000000000000000e+00 0.000000000000000000e+00 -3.734124089084126513e-25 -4.187819598425270188e-22 -3.666872298901431453e-18 -1.318814329499929174e-09
2.823036789297658888e+00 0.000000000000000000e+00 0.000000000000000000e+00 0.000000000000000000e+00 0.000000000000000000e+00 0.000000000000000000e+00 0.000000000000000000e+00 -2.375301046524866051e-25 -2.860411429391177483e-22 -2.572088804418997617e-18 -1.105630936370725920e-09
2.836411371237458123e+00 0.000000000000000000e+00 0.000000000000000000e+00 0.000000000000000000e+00 0.000000000000000000e+00 0.000000000000000000e+00 0.000000000000000000e+00 -1.125569135597905675e-25 -1.956379825314470776e-22 -1.803776305497283375e-18 -9.243383953617700466e-10
2.849785953177257802e+00 0.000000000000000000e+00 0.000000000000000000e+00 0.000000000000000000e+00 0.000000000000000000e+00 0.000000000000000000e+00 0.000000000000000000e+00 -1.076377246906323614e-25 -1.336032956807853222e-22 -1.264408504789887997e-18 -7.706174067741881516e-10
2.863160535117057037e+00 0.000000000000000000e+00 0.000000000000000000e+00 0.000000000000000000e+00 0.000000000000000000e+00 0.000000000000000000e+00 0.000000000000000000e+00 -1.025677336369751891e-25 -9.074113749307806407e-23 -8.860577779858752868e-19 -6.407182814259704809e-10
2.876535117056856272e+00 0.000000000000000000e+00 0.000000000000000000e+00 0.000000000000000000e+00 0.000000000000000000e+00 0.000000000000000000e+00 0.000000000000000000e+00 -4.545554620445053826e-26 -6.218407742306016318e-23 -6.207737456568634138e-19 -5.313014245804637695e-10
2.889909698996655507e+00 0.000000000000000000e+00 0.000000000000000000e+00 0.000000000000000000e+00 0.000000000000000000e+00 0.000000000000000000e+00 0.000000000000000000e+00 0.000000000000000000e+00 -4.274618090904875110e-23 -4.347529349492315023e-19 -4.394012734071089398e-10
2.903284280936454742e+00 0.000000000000000000e+00 0.000000000000000000e+00 0.000000000000000000e+00 0.000000000000000000e+00 0.000000000000000000e+00 0.000000000000000000e+00 0.000000000000000000e+00 -2.917717231612802339e-23 -3.044315712329031255e-19 -3.624715677752748963e-10
2.916658862876254421e+00 0.000000000000000000e+00 0.000000000000000000e+00 0.000000000000000000e+00 0.000000000000000000e+00 0.000000000000000000e+00 0.000000000000000000e+00 0.000000000000000000e+00 -1.982316524059179329e-23 -2.131194620003240719e-19 -2.982502873653329982e-10
2.930033444816053656e+00 0.000000000000000000e+00 0.000000000000000000e+00 0.000000000000000000e+00 0.000000000000000000e+00 0.000000000000000000e+00 0.000000000000000000e+00 0.000000000000000000e+00 -1.323149021531848269e-23 -1.491533915338630462e-19 -2.447912001878207770e-10
2.943408026755852891e+00 0.000000000000000000e+00 0.000000000000000000e+00 0.000000000000000000e+00 0.000000000000000000e+00 0.000000000000000000e+00 0.000000000000000000e+00 0.000000000000000000e+00 -9.452087465855614136e-24 -1.043815083008105448e-19 -2.004328524056859409e-10
2.956782608695652126e+00 0.000000000000000000e+00 0.000000000000000000e+00 0.000000000000000000e+00 0.000000000000000000e+00 0.000000000000000000e+00 0.000000000000000000e+00 0.000000000000000000e+00 -6.216294021858373305e-24 -7.303021769046630931e-20 -1.637138480335978220e-10
2.970157190635451805e+00 0.000000000000000000e+00 0.000000000000000000e+00 0.000000000000000000e+00 0.000000000000000000e+00 0.000000000000000000e+00 0.000000000000000000e+00 0.000000000000000000e+00 -4.433926611571461623e-24 -5.108751863625725978e-20 -1.334074105881023309e-10
2.983531772575251040e+00 0.000000000000000000e+00 0.000000000000000000e+00 0.000000000000000000e+00 0.000000000000000000e+00 0.000000000000000000e+00 0.000000000000000000e+00 0.000000000000000000e+00 -3.170656957215209996e-24 -3.573546797884455327e-20 -1.084622515868708346e-10
2.996906354515050275e+00 0.000000000000000000e+00 0.000000000000000000e+00 0.000000000000000000e+00 0.000000000000000000e+00 0.000000000000000000e+00 0.000000000000000000e+00 0.000000000000000000e+00 -1.767783615668125962e-24 -2.499179659968193956e-20 -8.797840299994043505e-11
3.010280936454849510e+00 0.000000000000000000e+00 0.000000000000000000e+00 0.000000000000000000e+00 0.000000000000000000e+00 0.000000000000000000e+00 0.000000000000000000e+00 0.000000000000000000e+00 -1.209777205176162293e-24 -1.747829219700603659e-20 -7.120692244763493985e-11
3.023655518394648745e+00 0.000000000000000000e+00 0.000000000000000000e+00 0.000000000000000000e+00 0.000000000000000000e+00 0.000000000000000000e+00 0.000000000000000000e+00 0.000000000000000000e+00 -8.389113193154012456e-25 -1.222210146687411331e-20 -5.750616415945423594e-11
3.037030100334448424e+00 0.000000000000000000e+00 0.000000000000000000e+00 0.000000000000000000e+00 0.000000000000000000e+00 0.000000000000000000e+00 0.000000000000000000e+00 0.000000000000000000e+00 -5.703703556702477121e-25 -8.545617658148855837e-21 -4.634073230835403093e-11
3.050404682274247659e+00 0.000000000000000000e+00 0.000000000000000000e+00 0.000000000000000000e+00 0.000000000000000000e+00 0.000000000000000000e+00 0.000000000000000000e+00 0.000000000000000000e+00 -3.933653265719010159e-25 -5.975719740914836603e-21 -3.726687622953945075e-11
3.063779264214046893e+00 0.000000000000000000e+00 0.000000000000000000e+00 0.000000000000000000e+00 0.000000000000000000e+00 0.000000000000000000e+00 0.000000000000000000e+00 0.000000000000000000e+00 -2.793521995557132917e-25 -4.177733548903697762e-21 -2.990689333973459320e-11
3.077153846153846128e+00 0.000000000000000000e+00 0.000000000000000000e+00 0.000000000000000000e+00 0.000000000000000000e+00 0.000000000000000000e+00 0.000000000000000000e+00 0.000000000000000000e+00 -1.767414139565959100e-25 -2.921015097504481077e-21 -2.395208265156570808e-11
3.090528428093645807e+00 0.000000000000000000e+00 0.000000000000000000e+00 0.000000000000000000e+00 0.000000000000000000e+00 0.000000000000000000e+00 0.000000000000000000e+00 0.000000000000000000e+00 -1.255360444890379609e-25 -2.042494196651762804e-21 -1.914543290995823998e-11
3.103903010033445042e+00 0.000000000000000000e+00 0.000000000000000000e+00 0.000000000000000000e+00 0.000000000000000000e+00 0.000000000000000000e+00 0.000000000000000000e+00 0.000000000000000000e+00 -7.936070890459192176e-26 -1.428104287937130023e-21 -1.527303985164071722e-11
3.117277591973244277e+00 0.000000000000000000e+00 0.000000000000000000e+00 0.000000000000000000e+00 0.000000000000000000e+00 0.000000000000000000e+00 0.000000000000000000e+00 0.000000000000000000e+00 -7.521742081126199861e-26 -9.985268204325078551e-22 -1.216121266995672945e-11
3.130652173913043512e+00 0.000000000000000000e+00 0.000000000000000000e+00 0.000000000000000000e+00 0.000000000000000000e+00 0.000000000000000000e+00 0.000000000000000000e+00 0.000000000000000000e+00 -3.562853778494842428e-26 -6.983866304347821822e-22 -9.665235302598658813e-12
3.144026755852842747e+00 0.000000000000000000e+00 0.000000000000000000e+00 0.000000000000000000e+00 0.000000000000000000e+00 0.000000000000000000e+00 0.000000000000000000e+00 0.000000000000000000e+00 -3.381505757242346606e-26 -4.882412969485837952e-22 -7.667224417973556947e-12
3.157401337792642426e+00 0.000000000000000000e+00 0.000000000000000000e+00 0.000000000000000000e+00 0.000000000000000000e+00 0.000000000000000000e+00 0.000000000000000000e+00 0.000000000000000000e+00 -3.203492009387717188e-26 -3.415291188975871468e-22 -6.071756621701727208e-12
3.170775919732441661e+00 0.000000000000000000e+00 0.000000000000000000e+00 0.000000000000000000e+00 0.000000000000000000e+00 0.000000000000000000e+00 0.000000000000000000e+00 0.000000000000000000e+00 0.000000000000000000e+00 -2.389607571363151257e-22 -4.799643050737079800e-12
3.184150501672240896e+00 0.000000000000000000e+00 0.000000000000000000e+00 0.000000000000000000e+00 0.000000000000000000e+00 0.000000000000000000e+00 0.000000000000000000e+00 0.000000000000000000e+00 0.000000000000000000e+00 -1.669795652525942051e-22 -3.787546079857161045e-12
3.197525083612040131e+00 0.000000000000000000e+00 0.000000000000000000e+00 0.000000000000000000e+00 0.000000000000000000e+00 0.000000000000000000e+00 0.000000000000000000e+00 0.000000000000000000e+00 0.000000000000000000e+00 -1.169466774986028001e-22 -2.983922753079671821e-12
3.210899665551839366e+00 0.000000000000000000e+00 0.000000000000000000e+00 0.000000000000000000e+00 0.000000000000000000e+00 0.000000000000000000e+00 0.000000000000000000e+00 0.000000000000000000e+00 0.000000000000000000e+00 -8.178273522587735117e-23 -2.346822427860842193e-12
3.224274247491639045e+00 0.000000000000000000e+00 0.000000000000000000e+00 0.000000000000000000e+00 0.000000000000000000e+00 0.000000000000000000e+00 0.000000000000000000e+00 0.000000000000000000e+00 0.000000000000000000e+00 -5.729674039387190561e-23 -1.842853781671693617e-12
3.237648829431438280e+00 0.000000000000000000e+00 0.000000000000000000e+00 0.000000000000000000e+00 0.000000000000000000e+00 0.000000000000000000e+00 0.000000000000000000e+00 0.000000000000000000e+00 0.000000000000000000e+00 -4.012891515255152111e-23 -1.444803432368227852e-12
3.251023411371237515e+00 0.000000000000000000e+00 0.000000000000000000e+00 0.000000000000000000e+00 0.000000000000000000e+00 0.000000000000000000e+00 0.000000000000000000e+00 0.000000000000000000e+00 0.000000000000000000e+00 -2.799349690110483121e-23 -1.130930430538432575e-12
3.264397993311036750e+00 0.000000000000000000e+00 0.000000000000000000e+00 0.000000000000000000e+00 0.000000000000000000e+00 0.000000000000000000e+00 0.000000000000000000e+00 0.000000000000000000e+00 0.000000000000000000e+00 -1.961784410494440019e-23 -8.839685372881729822e-13
3.277772575250836429e+00 0.000000000000000000e+00 0.000000000000000000e+00 0.000000000000000000e+00 0.000000000000000000e+00 0.000000000000000000e+00 0.000000000000000000e+00 0.000000000000000000e+00 0.000000000000000000e+00 -1.377849584069790502e-23 -6.898763962678261305e-13
3.291147157190635664e+00 0.000000000000000000e+00 0.000000000000000000e+00 0.000000000000000000e+00 0.000000000000000000e+00 0.000000000000000000e+00 0.000000000000000000e+00 0.000000000000000000e+00 0.000000000000000000e+00 -9.636480926970269632e-24 -5.376203307114315835e-13
3.304521739130434899e+00 0.000000000000000000e+00 0.000000000000000000e+00 0.000000000000000000e+00 0.000000000000000000e+00 0.000000000000000000e+00 0.000000000000000000e+00 0.000000000000000000e+00 0.000000000000000000e+00 -6.733099780003774672e-24 -4.183852449060638964e-13
3.317896321070234134e+00 0.000000000000000000e+00 0.000000000000000000e+00 0.000000000000000000e+00 0.000000000000000000e+00 0.000000000000000000e+00 0.000000000000000000e+00 0.000000000000000000e+00 0.000000000000000000e+00 -4.728929634707420626e-24 -3.251248585099572044e-13
3.331270903010033368e+00 0.000000000000000000e+00 0.000000000000000000e+00 0.000000000000000000e+00 0.000000000000000000e+00 0.000000000000000000e+00 0.000000000000000000e+00 0.000000000000000000e+00 0.000000000000000000e+00 -3.262898523836939723e-24 -2.523210819937192271e-13
3.344645484949833047e+00 0.000000000000000000e+00 0.000000000000000000e+00 0.000000000000000000e+00 0.000000000000000000e+00 0.000000000000000000e+00 0.000000000000000000e+00 0.000000000000000000e+00 0.000000000000000000e+00 -2.290706962615662252e-24 -1.955567202436907826e-13
3.358020066889632282e+00 0.000000000000000000e+00 0.000000000000000000e+00 0.000000000000000000e+00 0.000000000000000000e+00 0.000000000000000000e+00 0.000000000000000000e+00 0.000000000000000000e+00 0.000000000000000000e+00 -1.575337845635561189e-24 -1.513581113784173753e-13
3.371394648829431517e+00 0.000000000000000000e+00 0.000000000000000000e+00 0.000000000000000000e+00 0.000000000000000000e+00 0.000000000000000000e+00 0.000000000000000000e+00 0.000000000000000000e+00 0.000000000000000000e+00 -1.169879427842800631e-24 -1.170094590656149267e-13
3.384769230769230752e+00 0.000000000000000000e+00 0.000000000000000000e+00 0.000000000000000000e+00 0.000000000000000000e+00 0.000000000000000000e+00 0.000000000000000000e+00 0.000000000000000000e+00 0.000000000000000000e+00 -7.648078222502430616e-25 -9.033817052157734742e-14
3.398143812709030431e+00 0.000000000000000000e+00 0.000000000000000000e+00 0.000000000000000000e+00 0.000000000000000000e+00 0.000000000000000000e+00 0.000000000000000000e+00 0.000000000000000000e+00 0.000000000000000000e+00 -5.689601588295092716e-25 -6.966144651761237817e-14
3.411518394648829666e+00 0.000000000000000000e+00 0.000000000000000000e+00 0.000000000000000000e+00 0.000000000000000000e+00 0.000000000000000000e+00 0.000000000000000000e+00 0.000000000000000000e+00 0.000000000000000000e+00 -4.251446135968266471e-25 -5.365520424288643641e-14
3.424892976588628901e+00 0.000000000000000000e+00 0.000000000000000000e+00 0.000000000000000000e+00 0.000000000000000000e+00 0.000000000000000000e+00 0.000000000000000000e+00 0.000000000000000000e+00 0.000000000000000000e+00 -3.158505071028190524e-25 -4.127628216871717398e-14
3.438267558528428136e+00 0.000000000000000000e+00 0.000000000000000000e+00 0.000000000000000000e+00 0.000000000000000000e+00 0.000000000000000000e+00 0.000000000000000000e+00 0.000000000000000000e+00 0.000000000000000000e+00 -1.623963057392224542e-25 -3.171879643129713351e-14
3.451642140468227371e+00 0.000000000000000000e+00 0.000000000000000000e+00 0.000000000000000000e+00 0.000000000000000000e+00 0.000000000000000000e+00 0.000000000000000000e+00 0.000000000000000000e+00 0.000000000000000000e+00 -1.112613542481370007e-25 -2.434690020851786252e-14
3.465016722408027050e+00 0.000000000000000000e+00 0.000000000000000000e+00 0.000000000000000000e+00 0.000000000000000000e+00 0.000000000000000000e+00 0.000000000000000000e+00 0.000000000000000000e+00 0.000000000000000000e+00 -7.628345544677280292e-26 -1.866705686364283406e-14
3.478391304347826285e+00 0.000000000000000000e+00 0.000000000000000000e+00 0.000000000000000000e+00 0.000000000000000000e+00 0.000000000000000000e+00 0.000000000000000000e+00 0.000000000000000000e+00 0.000000000000000000e+00 -5.595709315545684607e-26 -1.429833222044250063e-14
3.491765886287625520e+00 0.000000000000000000e+00 0.000000000000000000e+00 0.000000000000000000e+00 0.000000000000000000e+00 0.000000000000000000e+00 0.000000000000000000e+00 0.000000000000000000e+00 0.000000000000000000e+00 -3.760458070208128635e-26 -1.094003409013909714e-14
3.505140468227424755e+00 0.000000000000000000e+00 0.000000000000000000e+00 0.000000000000000000e+00 0.000000000000000000e+00 0.000000000000000000e+00 0.000000000000000000e+00 0.000000000000000000e+00 0.000000000000000000e+00 -2.836839979805295323e-26 -8.362015440433435065e-15
3.518515050167224434e+00 0.000000000000000000e+00 0.000000000000000000e+00 0.000000000000000000e+00 0.000000000000000000e+00 0.000000000000000000e+00 0.000000000000000000e+00 0.000000000000000000e+00 0.000000000000000000e+00 -2.005218578539421480e-26 -6.385435464808973297e-15
3.531889632107023669e+00 0.000000000000000000e+00 0.000000000000000000e+00 0.000000000000000000e+00 0.000000000000000000e+00 0.000000000000000000e+00 0.000000000000000000e+00 0.000000000000000000e+00 0.000000000000000000e+00 -1.256669341838676676e-26 -4.871062951871025200e-15
3.545264214046822904e+00 0.000000000000000000e+00 0.000000000000000000e+00 0.000000000000000000e+00 0.000000000000000000e+00 0.000000000000000000e+00 0.000000000000000000e+00 0.000000000000000000e+00 0.000000000000000000e+00 -1.185560095865015568e-26 -3.712526698870307996e-15
3.558638795986622139e+00 0.000000000000000000e+00 0.000000000000000000e+00 0.000000000000000000e+00 0.000000000000000000e+00 0.000000000000000000e+00 0.000000000000000000e+00 0.000000000000000000e+00 0.000000000000000000e+00 -5.575412291587345063e-27 -2.826893986351667942e-15
3.572013377926421374e+00 0.000000000000000000e+00 0.000000000000000000e+00 0.000000000000000000e+00 0.000000000000000000e+00 0.000000000000000000e+00 0.000000000000000000e+00 0.000000000000000000e+00 0.000000000000000000e+00 -5.254649174530548149e-27 -2.150474744312764445e-15
3.585387959866221053e+00 0.000000000000000000e+00 0.000000000000000000e+00 0.000000000000000000e+00 0.000000000000000000e+00 0.000000000000000000e+00 0.000000000000000000e+00 0.000000000000000000e+00 0.000000000000000000e+00 -4.947451919364655104e-27 -1.634631116429548583e-15
3.598762541806020288e+00 0.000000000000000000e+00 0.000000000000000000e+00 0.000000000000000000e+00 0.000000000000000000e+00 0.000000000000000000e+00 0.000000000000000000e+00 0.000000000000000000e+00 0.000000000000000000e+00 -4.655777684394327235e-27 -1.241384644747970202e-15
3.612137123745819522e+00 0.000000000000000000e+00 0.000000000000000000e+00 0.000000000000000000e+00 0.000000000000000000e+00 0.000000000000000000e+00 0.000000000000000000e+00 0.000000000000000000e+00 0.000000000000000000e+00 0.000000000000000000e+00 -9.419529893537080588e-16
3.625511705685618757e+00 0.000000000000000000e+00 0.000000000000000000e+00 0.000000000000000000e+00 0.000000000000000000e+00 0.000000000000000000e+00 0.000000000000000000e+00 0.000000000000000000e+00 0.000000000000000000e+00 0.000000000000000000e+00 -7.141954621566962909e-16
3.638886287625418436e+00 0.000000000000000000e+00 0.000000000000000000e+00 0.000000000000000000e+00 0.000000000000000000e+00 0.000000000000000000e+00 0.000000000000000000e+00 0.000000000000000000e+00 0.000000000000000000e+00 0.000000000000000000e+00 -5.410441387046026879e-16
3.652260869565217671e+00 0.000000000000000000e+00 0.000000000000000000e+00 0.000000000000000000e+00 0.000000000000000000e+00 0.000000000000000000e+00 0.000000000000000000e+00 0.000000000000000000e+00 0.000000000000000000e+00 0.000000000000000000e+00 -4.095770113044219234e-16
3.665635451505016906e+00 0.000000000000000000e+00 0.000000000000000000e+00 0.000000000000000000e+00 0.000000000000000000e+00 0.000000000000000000e+00 0.000000000000000000e+00 0.000000000000000000e+00 0.000000000000000000e+00 0.000000000000000000e+00 -3.098174797312119992e-16
3.679010033444816141e+00 0.000000000000000000e+00 0.000000000000000000e+00 0.000000000000000000e+00 0.000000000000000000e+00 0.000000000000000000e+00 0.000000000000000000e+00 0.000000000000000000e+00 0.000000000000000000e+00 0.000000000000000000e+00 -2.341700525572225967e-16
3.692384615384615376e+00 0.000000000000000000e+00 0.000000000000000000e+00 0.000000000000000000e+00 0.000000000000000000e+00 0.000000000000000000e+00 0.000000000000000000e+00 0.000000000000000000e+00 0.000000000000000000e+00 0.000000000000000000e+00 -1.768850367798691257e-16
3.705759197324415055e+00 0.000000000000000000e+00 0.000000000000000000e+00 0.000000000000000000e+00 0.000000000000000000e+00 0.000000000000000000e+00 0.000000000000000000e+00 0.000000000000000000e+00 0.000000000000000000e+00 0.000000000000000000e+00 -1.335122610861878179e-16
3.719133779264214290e+00 0.000000000000000000e+00 0.000000000000000000e+00 0.000000000000000000e+00 0.000000000000000000e+00 0.000000000000000000e+00 0.000000000000000000e+00 0.000000000000000000e+00 0.000000000000000000e+00 0.000000000000000000e+00 -1.007061615478722774e-16
3.732508361204013525e+00 0.000000000000000000e+00 0.000000000000000000e+00 0.000000000000000000e+00 0.000000000000000000e+00 0.000000000000000000e+00 0.000000000000000000e+00 0.000000000000000000e+00 0.000000000000000000e+00 0.000000000000000000e+00 -7.591481330202324045e-17
3.745882943143812760e+00 0.000000000000000000e+00 0.000000000000000000e+00 0.000000000000000000e+00 0.000000000000000000e+00 0.000000000000000000e+00 0.000000000000000000e+00 0.000000000000000000e+00 0.000000000000000000e+00 0.000000000000000000e+00 -5.718629953853796451e-17
3.759257525083611995e+00 0.000000000000000000e+00 0.000000000000000000e+00 0.000000000000000000e+00 0.000000000000000000e+00 0.000000000000000000e+00 0.000000000000000000e+00 0.000000000000000000e+00 0.000000000000000000e+00 0.000000000000000000e+00 -4.305396216792877976e-17
3.772632107023411674e+00 0.000000000000000000e+00 0.000000000000000000e+00 0.000000000000000000e+00 0.000000000000000000e+00 0.000000000000000000e+00 0.000000000000000000e+00 0.000000000000000000e+00 0.000000000000000000e+00 0.000000000000000000e+00 -3.239444170183771830e-17
3.786006688963210909e+00 0.000000000000000000e+00 0.000000000000000000e+00 0.000000000000000000e+00 0.000000000000000000e+00 0.000000000000000000e+00 0.000000000000000000e+00 0.000000000000000000e+00 0.000000000000000000e+00 0.000000000000000000e+00 -2.435844737635858134e-17
3.799381270903010144e+00 0.000000000000000000e+00 0.000000000000000000e+00 0.000000000000000000e+00 0.000000000000000000e+00 0.000000000000000000e+00 0.000000000000000000e+00 0.000000000000000000e+00 0.000000000000000000e+00 0.000000000000000000e+00 -1.830771610262863896e-17
3.812755852842809379e+00 0.000000000000000000e+00 0.000000000000000000e+00 0.000000000000000000e+00 0.000000000000000000e+00 0.000000000000000000e+00 0.000000000000000000e+00 0.000000000000000000e+00 0.000000000000000000e+00 0.000000000000000000e+00 -1.375173952887867448e-17
3.826130434782609058e+00 0.000000000000000000e+00 0.000000000000000000e+00 0.000000000000000000e+00 0.000000000000000000e+00 0.000000000000000000e+00 0.000000000000000000e+00 0.000000000000000000e+00 0.000000000000000000e+00 0.000000000000000000e+00 -1.032419264590825299e-17
3.839505016722408293e+00 0.000000000000000000e+00 0.000000000000000000e+00 0.000000000000000000e+00 0.000000000000000000e+00 0.000000000000000000e+00 0.000000000000000000e+00 0.000000000000000000e+00 0.000000000000000000e+00 0.000000000000000000e+00 -7.747535185669009399e-18
3.852879598662207528e+00 0.000000000000000000e+00 0.000000000000000000e+00 0.000000000000000000e+00 0.000000000000000000e+00 0.000000000000000000e+00 0.000000000000000000e+00 0.000000000000000000e+00 0.000000000000000000e+00 0.000000000000000000e+00 -5.810841427579401597e-18
3.866254180602006763e+00 0.000000000000000000e+00 0.000000000000000000e+00 0.000000000000000000e+00 0.000000000000000000e+00 0.000000000000000000e+00 0.000000000000000000e+00 0.000000000000000000e+00 0.000000000000000000e+00 0.000000000000000000e+00 -4.356583044767836543e-18
3.879628762541805997e+00 0.000000000000000000e+00 0.000000000000000000e+00 0.000000000000000000e+00 0.000000000000000000e+00 0.000000000000000000e+00 0.000000000000000000e+00 0.000000000000000000e+00 0.000000000000000000e+00 0.000000000000000000e+00 -3.264880826792133604e-18
3.893003344481605676e+00 0.000000000000000000e+00 0.000000000000000000e+00 0.000000000000000000e+00 0.000000000000000000e+00 0.000000000000000000e+00 0.000000000000000000e+00 0.000000000000000000e+00 0.000000000000000000e+00 0.000000000000000000e+00 -2.445614305227662679e-18
3.906377926421404911e+00 0.000000000000000000e+00 0.000000000000000000e+00 0.000000000000000000e+00 0.000000000000000000e+00 0.000000000000000000e+00 0.000000000000000000e+00 0.000000000000000000e+00 0.000000000000000000e+00 0.000000000000000000e+00 -1.831451549979443242e-18
3.919752508361204146e+00 0.000000000000000000e+00 0.000000000000000000e+00 0.000000000000000000e+00 0.000000000000000000e+00 0.000000000000000000e+00 0.000000000000000000e+00 0.000000000000000000e+00 0.000000000000000000e+00 0.000000000000000000e+00 -1.370940767188064924e-18
3.933127090301003381e+00 0.000000000000000000e+00 0.000000000000000000e+00 0.000000000000000000e+00 0.000000000000000000e+00 0.000000000000000000e+00 0.000000000000000000e+00 0.000000000000000000e+00 0.000000000000000000e+00 0.000000000000000000e+00 -1.025860763581954528e-18
3.946501672240803060e+00 0.000000000000000000e+00 0.000000000000000000e+00 0.000000000000000000e+00 0.000000000000000000e+00 0.000000000000000000e+00 0.000000000000000000e+00 0.000000000000000000e+00 0.000000000000000000e+00 0.000000000000000000e+00 -7.674131498400481564e-19
3.959876254180602295e+00 0.000000000000000000e+00 0.000000000000000000e+00 0.000000000000000000e+00 0.000000000000000000e+00 0.000000000000000000e+00 0.000000000000000000e+00 0.000000000000000000e+00 0.000000000000000000e+00 0.000000000000000000e+00 -5.738217720576377651e-19
3.973250836120401530e+00 0.000000000000000000e+00 0.000000000000000000e+00 0.000000000000000000e+00 0.000000000000000000e+00 0.000000000000000000e+00 0.000000000000000000e+00 0.000000000000000000e+00 0.000000000000000000e+00 0.000000000000000000e+00 -4.289030721030511209e-19
3.986625418060200765e+00 0.000000000000000000e+00 0.000000000000000000e+00 0.000000000000000000e+00 0.000000000000000000e+00 0.000000000000000000e+00 0.000000000000000000e+00 0.000000000000000000e+00 0.000000000000000000e+00 0.000000000000000000e+00 -3.204052192860077775e-19
4.000000000000000000e+00 0.000000000000000000e+00 0.000000000000000000e+00 0.000000000000000000e+00 0.000000000000000000e+00 0.000000000000000000e+00 0.000000000000000000e+00 0.000000000000000000e+00 0.000000000000000000e+00 0.000000000000000000e+00 -2.391587140347423221e-19
