1.000000000000000021e-03 2.551075242208241401e-10 2.305341543391858349e-10 2.259598757030813934e-10 2.234470511277459983e-10 2.218459646871682851e-10 2.208264477638620812e-10 2.203138518090325217e-10 2.204304014046552310e-10 2.217626206941834429e-10 2.207182644586334646e-10
1.437458193979933296e-02 1.703014389159224929e-11 1.581130216462937608e-11 1.557964364039457731e-11 1.545487002810311150e-11 1.537868007770582502e-11 1.533534065159017308e-11 1.532310705503357542e-11 1.535275054381431460e-11 1.546750783279541568e-11 1.542314331598168069e-11
2.774916387959866504e-02 8.421437954952158811e-12 8.067596668678099881e-12 7.993662450019276267e-12 7.955657105174204959e-12 7.934930937887852925e-12 7.927166616980875446e-12 7.933299895008661801e-12 7.960083857085679964e-12 8.031250077611328997e-12 8.023325639519229674e-12
4.112374581939799711e-02 5.395314362302251785e-12 5.356985990799215006e-12 5.339015949362242221e-12 5.331822478141436894e-12 5.330811397428461055e-12 5.335746466555341140e-12 5.348508930773565561e-12 5.374499293718550543e-12 5.430616161737777242e-12 5.435707300459541366e-12
5.449832775919732919e-02 3.844188746304785574e-12 3.973910372493627186e-12 3.985064446337743191e-12 3.993928092920469553e-12 4.003210459094910734e-12 4.014796527920930477e-12 4.031112421696325818e-12 4.056839702808802980e-12 4.105453061509743831e-12 4.117361503703183997e-12
6.787290969899666127e-02 2.898193155316905733e-12 3.133584027894247977e-12 3.162893590128136293e-12 3.181774799130098040e-12 3.197494214973087418e-12 3.213281726254740903e-12 3.231870262197755748e-12 3.257573871665546132e-12 3.301745560219126610e-12 3.317951785634638082e-12
8.124749163879599334e-02 2.259995628275087099e-12 2.567986252215670421e-12 2.609889346546019230e-12 2.635733240062075594e-12 2.655944564142114164e-12 2.674676079299533590e-12 2.694908865346217845e-12 2.720683535439084853e-12 2.761982508927739894e-12 2.781205221749777244e-12
9.462207357859532542e-02 1.800184534534744209e-12 2.160612616229749216e-12 2.211916326095138693e-12 2.242963617595708467e-12 2.266541118542773680e-12 2.287499023439918321e-12 2.309006856242971869e-12 2.334920038576518145e-12 2.374238498908329327e-12 2.395744842839014659e-12
1.079966555183946575e-01 1.453270766995646014e-12 1.852687128166338546e-12 1.911376358186373265e-12 1.946517113820872556e-12 1.972760072786227805e-12 1.995492039727918060e-12 2.018042456441027584e-12 2.044135881809107913e-12 2.082038465789837249e-12 2.105364819662773593e-12
1.213712374581939896e-01 1.182499900555440273e-12 1.611334218438631500e-12 1.676060543865785636e-12 1.714558678536726788e-12 1.742987860673958818e-12 1.767196894941808538e-12 1.790630214477994162e-12 1.816934582464242203e-12 1.853796783735350985e-12 1.878633168802505426e-12
1.347458193979933216e-01 9.656626492962747428e-13 1.416725989854580790e-12 1.486549430793777012e-12 1.527884309244373431e-12 1.558176315001952784e-12 1.583640617685998607e-12 1.607850229775418880e-12 1.634383657043787880e-12 1.670471703306299091e-12 1.696600764421988380e-12
1.481204013377926398e-01 7.885076851257396281e-13 1.256204609683737261e-12 1.330438990079087712e-12 1.374228677318393118e-12 1.406132916689667230e-12 1.432705428832577836e-12 1.457615584300971353e-12 1.484386124324610951e-12 1.519897056511612361e-12 1.547158005158125129e-12
1.614949832775919858e-01 6.414859749792759802e-13 1.121307586209542725e-12 1.199427897202749080e-12 1.245390730386175676e-12 1.278728323810865656e-12 1.306288839386133775e-12 1.331836514567054592e-12 1.358860213398620108e-12 1.393936039882746413e-12 1.422209719373401250e-12
1.748695652173913317e-01 5.179488623832760298e-13 1.006145877459100677e-12 1.087757762829275765e-12 1.135674317317621069e-12 1.170305411476074262e-12 1.198766348099300171e-12 1.224905447773058818e-12 1.252187984047764529e-12 1.286940905448313035e-12 1.316137358656376013e-12
1.882441471571906499e-01 4.131177877927779583e-13 9.065146713720351232e-13 9.913087014996893563e-13 1.041006192626297805e-12 1.076820361311828011e-12 1.106109184701504963e-12 1.132807073249228435e-12 1.160351710452058704e-12 1.194871478715649045e-12 1.224917211702980381e-12
2.016187290969899681e-01 3.234817314330762546e-13 8.193153269629004154e-13 9.070514660667116150e-13 9.583915184514542267e-13 9.953009273925404942e-13 1.025361445395427241e-12 1.052585177977902412e-12 1.080401805477503532e-12 1.114757337017481947e-12 1.145595171108331835e-12
2.149933110367893141e-01 2.464037003094968211e-13 7.422065379601789374e-13 8.327122409380150332e-13 8.855821779861911709e-13 9.235123346407101678e-13 9.542997800803578875e-13 9.820274957489596742e-13 1.010120121059512513e-12 1.044369411151786868e-12 1.075950388170448765e-12
2.283678929765886600e-01 1.798818193587682537e-13 6.733780004406575108e-13 7.665483923941430164e-13 8.208550439835076389e-13 8.597492788515329008e-13 8.912251158284832376e-13 9.194368878380733093e-13 9.478069931272209055e-13 9.819975032795100366e-13 1.014284098574771379e-12
2.417424749163879782e-01 1.223921187107708007e-13 6.113815237535604280e-13 7.072045201167562605e-13 7.628701997342201383e-13 8.026780925485079211e-13 8.348092675329898605e-13 8.634908320594322412e-13 8.921417467803481741e-13 9.263123895125793856e-13 9.592722886874394977e-13
2.551170568561872964e-01 7.278126026149591104e-14 5.550212607546635625e-13 6.536070534938097591e-13 7.105668267263062033e-13 7.512477511770140632e-13 7.840105290627405014e-13 8.131444113226495895e-13 8.420786726749501168e-13 8.762632278949007999e-13 9.098688894343547977e-13
2.684916387959866424e-01 3.019955865499827539e-14 5.032674200317150056e-13 6.048983292639690593e-13 6.630973897964145133e-13 7.046150892801648466e-13 7.379849009259621064e-13 7.675615656840287152e-13 7.967811692766795193e-13 8.310075369863040803e-13 8.652360627305592339e-13
2.818662207357859883e-01 -5.963485366378488129e-15 4.552062088120580225e-13 5.603821558512618003e-13 6.197727998320167977e-13 6.620971954771382472e-13 6.960551278866300941e-13 7.260647726439989438e-13 7.555710567121365634e-13 7.898639563952399612e-13 8.246949280352098174e-13
2.952408026755852788e-01 -3.612322708771105974e-14 4.100072594866642532e-13 5.194877987801273905e-13 5.800319245811876151e-13 6.231349364587179578e-13 6.576648270471259116e-13 6.880985222915363509e-13 7.178941940907555802e-13 7.522736206451060772e-13 7.876902307777550770e-13
3.086153846153846247e-01 -6.056474386579560074e-14 3.669266416218098522e-13 4.817406493552330050e-13 5.434075917493839474e-13 5.872690005591283619e-13 6.223538538205582961e-13 6.532051820961741068e-13 6.832893888002974887e-13 7.177752452762345408e-13 7.537625826487938056e-13
3.219899665551839707e-01 -7.950796729229584888e-14 3.253266846949692458e-13 4.467441158311267299e-13 5.095115902570888309e-13 5.541114732010883489e-13 5.897406286322978219e-13 6.210008884480500438e-13 6.513763319299520559e-13 6.859838063208023460e-13 7.225280882127651948e-13
3.353645484949833167e-01 -9.316491952517986437e-14 2.847082272351501492e-13 4.141530296193634097e-13 4.780193527188767829e-13 5.233384485985009648e-13 5.595000335580572708e-13 5.911649378346152576e-13 6.218322491837946497e-13 6.565753937192452612e-13 6.936654187541265051e-13
3.487391304347826626e-01 -1.018218804911574634e-13 2.447637647373988641e-13 3.836647691465809296e-13 4.486534381568951810e-13 4.946773890549460455e-13 5.313605768094225503e-13 5.634248335223922676e-13 5.943849141538322680e-13 6.292759606166133571e-13 6.669018875078830502e-13
3.621137123745819530e-01 -1.058674997657013217e-13 2.053965911136655944e-13 3.549986543401716700e-13 4.211785932184674150e-13 4.678921532115578772e-13 5.050893775419231590e-13 5.375489938892566350e-13 5.688028410469301525e-13 6.038523408121369261e-13 6.420048182513636175e-13
3.754882943143812990e-01 -1.058203983019987131e-13 1.667356062250255902e-13 3.278872070354397300e-13 3.953922358627290853e-13 4.427849944687301988e-13 4.804880314257573815e-13 5.133374837523762189e-13 5.448855377710460058e-13 5.801045944410131211e-13 6.187754942707859652e-13
3.888628762541806450e-01 -1.023278904279470753e-13 1.291289587004189948e-13 3.020572963299047198e-13 3.711200003820844264e-13 4.191817462201172476e-13 4.573832922928136104e-13 4.906197848846136973e-13 5.224627835997503852e-13 5.578590066773470709e-13 5.970414204510594275e-13
4.022374581939799354e-01 -9.611798550382122779e-14 9.309017910812137362e-14 2.772279017403296665e-13 3.482085560843036288e-13 3.969327214744389618e-13 4.356261020294238203e-13 4.692462553505277243e-13 5.013851595391408051e-13 5.369677171120665484e-13 5.766541177159076356e-13
4.156120401337792813e-01 -8.796094835932176690e-14 5.924544549787520270e-14 2.531109672033252534e-13 3.265238916350564735e-13 3.759071086673519419e-13 4.150868528787003611e-13 4.490879138832593068e-13 4.815227884923033572e-13 5.172982464511207511e-13 5.574834852741902144e-13
4.289866220735786273e-01 -7.860575513628593837e-14 2.825292167816112152e-14 2.294208229866316025e-13 3.059421711329080690e-13 3.559905389667114742e-13 3.956521816903200767e-13 4.300307590829856754e-13 4.627619966622628999e-13 4.987372978313990156e-13 5.394159159807870247e-13
4.423612040133779733e-01 -6.872643950496558424e-14 7.302652762035604433e-16 2.058878208832404843e-13 2.863472525517741008e-13 3.370832900521593462e-13 3.772206497591927025e-13 4.119757169309101078e-13 4.450039234936765043e-13 4.811845174741451513e-13 5.223513392092984127e-13
4.557357859531773192e-01 -5.888926194840808894e-14 -2.282118225030494936e-14 1.822979679695396727e-13 2.676277982915119953e-13 3.190962336600000738e-13 3.597056458399051882e-13 3.948341253121403231e-13 4.281593730761701580e-13 4.645508745727266551e-13 5.062019094794152909e-13
4.691103678929766096e-01 -4.952720761299257307e-14 -4.206371486320255718e-14 1.585132632563798927e-13 2.496667360758893959e-13 3.019496189054183946e-13 3.430281797130371443e-13 3.785276590606516424e-13 4.121511835518210381e-13 4.487580872838975553e-13 4.908892929662232846e-13
4.824849498327759556e-01 -4.093990081240252712e-14 -5.685645750051724721e-14 1.345066061986501626e-13 2.323376564125379184e-13 2.855738173557221482e-13 3.271184531686646141e-13 3.629876483129665621e-13 3.969088546596599675e-13 4.337369392535039276e-13 4.763437678482060427e-13
4.958595317725753016e-01 -3.330222982499810912e-14 -6.727361519060584602e-14 1.103854864627713429e-13 2.155013549390894926e-13 2.699042029106076432e-13 3.119152478925289174e-13 3.481516874969491662e-13 3.823713987915568442e-13 4.194240456173226764e-13 4.625037671652036879e-13
5.092341137123745920e-01 -2.668777732312913397e-14 -7.357850663738212207e-14 8.638918126570086179e-14 1.990049577504695518e-13 2.548820459769568990e-13 2.973620872455599207e-13 3.339648244052796883e-13 3.684832089692069674e-13 4.057641615485627225e-13 4.493134419835828122e-13
5.226086956521739380e-01 -2.108999437557112284e-14 -7.620551504876792778e-14 6.288381746814937174e-14 1.826850373010533591e-13 2.404513983454103215e-13 2.834094172841053129e-13 3.203768770851302284e-13 3.551939332319983797e-13 3.927071123103854034e-13 4.367232307392839055e-13
5.359832775919732839e-01 -1.644763613530762645e-14 -7.570983811120452667e-14 4.032824212118223542e-14 1.663780810968550341e-13 2.265561607561748064e-13 2.700124336047653193e-13 3.073434637514329968e-13 3.424596184117258101e-13 3.802083943855421247e-13 4.246879463822718312e-13
5.493578595317726299e-01 -1.266847636235943502e-14 -7.271129144189462417e-14 1.922805218300757414e-14 1.499325822404644691e-13 2.131384183592471382e-13 2.571299226999792148e-13 2.948238449759991991e-13 3.302392438510773734e-13 3.682265588041320541e-13 4.131673952536906658e-13
5.627324414715719758e-01 -9.641273622711613036e-15 -6.785496607130805106e-14 8.462827770177684762e-17 1.332323512353363586e-13 2.001342866075228612e-13 2.447259562021776580e-13 2.827817195979218890e-13 3.184965765946895122e-13 3.567249883953429103e-13 4.021252234264265066e-13
5.761070234113713218e-01 -7.253087135682706468e-15 -6.175410232504207878e-14 -1.666121034417955700e-14 1.162161291097163575e-13 1.874712617804809828e-13 2.327659366875580397e-13 2.711833992301844492e-13 3.071984201786286540e-13 3.456703546588491102e-13 3.915274259556061851e-13
5.894816053511705567e-01 -5.395760765533613718e-15 -5.495856996775393982e-14 -3.067052041090033917e-14 9.889398229134536410e-14 1.750658831787966954e-13 2.212186783507067716e-13 2.599991677576966662e-13 2.963135532561951243e-13 3.350322877085164047e-13 3.813443749344162702e-13
6.028561872909699026e-01 -3.969919396833003252e-15 -4.793230874002601495e-14 -4.174653858341759195e-14 8.136528462900508530e-14 1.628229027753700226e-13 2.100532086199031578e-13 2.492015935028491459e-13 2.858159494308792130e-13 3.247833951885811312e-13 3.715482617936694185e-13
6.162307692307692486e-01 -2.889544855954240788e-15 -4.103973561947155920e-14 -4.984002008576200575e-14 6.381715576151020221e-14 1.506386454956640640e-13 1.992402133915698516e-13 2.387648050564961445e-13 2.756797646856002595e-13 3.148977259163449680e-13 3.621141071269201041e-13
6.296053511705685946e-01 -2.080867997761195587e-15 -3.454652685126796521e-14 -5.505497992425813460e-14 4.652045356818679274e-14 1.384047939046279067e-13 1.887490649336171543e-13 2.286666655975235256e-13 2.658818871816492652e-13 3.053527988833080988e-13 3.530185468565064382e-13
6.429799331103679405e-01 -1.482678653223946045e-15 -2.862631044455717553e-14 -5.762781707292399167e-14 2.980822987375594311e-14 1.260189923795776350e-13 1.785458797125633110e-13 2.188854217968811841e-13 2.564012285732996309e-13 2.961268987340874143e-13 3.442409298870741217e-13
6.563545150501672865e-01 -1.045628654080042086e-15 -2.337626967920373324e-14 -5.789235865113387998e-14 1.404737296200967244e-14 1.133937646282359137e-13 1.685923989357185093e-13 2.094017242625908068e-13 2.472187738622819626e-13 2.872008191727605264e-13 3.357615052199771077e-13
6.697290969899666324e-01 -7.298162210084011759e-16 -1.882884384487094176e-14 -5.625495709467839546e-14 -3.957214461169818156e-16 1.004758260396514042e-13 1.588436578082027138e-13 2.001972478685314060e-13 2.383168208212240239e-13 2.785565154170237865e-13 3.275624019043723160e-13
6.831036789297659784e-01 -5.042421731629222087e-16 -1.497148681241211934e-14 -5.314675350681231268e-14 -1.319017108913885667e-14 8.725355904662819585e-14 1.492462865751732231e-13 1.912549782087584882e-13 2.296779596651335697e-13 2.701779211980950198e-13 3.196273375492816175e-13
6.964782608695653243e-01 -3.449691934111936187e-16 -1.176034100736215359e-14 -4.899476615396004060e-14 -2.407189150125463484e-14 7.377086328666637323e-14 1.397395664809750655e-13 1.825580371173786408e-13 2.212876941107026384e-13 2.620487722420017484e-13 3.119412276382791664e-13
7.098528428093645593e-01 -2.336905634599161769e-16 -9.131071319561869065e-15 -4.419443784333509715e-14 -3.286937301673495415e-14 6.013326239901626956e-14 1.302541339918285630e-13 1.740898323181370748e-13 2.131323134879830481e-13 2.541556650946186691e-13 3.044897733977836363e-13
7.232274247491639052e-01 -1.568161252593650014e-16 -7.011669509107641226e-15 -3.908890495671605616e-14 -3.951119128107340024e-14 4.650522947432922235e-14 1.207162815183337138e-13 1.658328545660432826e-13 2.051980301925904949e-13 2.464856304323891616e-13 2.972599890122930866e-13
7.366020066889632512e-01 -1.042581453760656778e-16 -5.327229436552374617e-15 -3.395919115090384222e-14 -4.403303496025695944e-14 3.310432613989784524e-14 1.110529321290231549e-13 1.577679159553347610e-13 1.974732849476735548e-13 2.390259433707826463e-13 2.902399892072015530e-13
7.499765886287625971e-01 -6.868395051023507825e-17 -4.005897826775386953e-15 -2.901993622397699597e-14 -4.656655804519296905e-14 2.018513215956447571e-14 1.011989063960338047e-13 1.498731449874655475e-13 1.899466916207843930e-13 2.317658531854437193e-13 2.834184195351502186e-13
7.633511705685619431e-01 -4.486278827640119288e-17 -2.982767272602721373e-15 -2.442349323296606554e-14 -4.731817740460176699e-14 8.019499034600195460e-15 9.110379505430220865e-14 1.421221151209846899e-13 1.826076697399198745e-13 2.246946753667202025e-13 2.767848178886026786e-13
7.767257525083612890e-01 -2.905368112633944179e-17 -2.199508506893384494e-15 -2.026432685313505536e-14 -4.655499097820141155e-14 -3.127223001269017477e-15 8.074418227366151178e-14 1.344840327520322885e-13 1.754463809268418612e-13 2.178026870522341465e-13 2.703295573384080936e-13
7.901003344481606350e-01 -1.866204713257012579e-17 -1.606719737533438288e-15 -1.659062310370812274e-14 -4.457215344806447778e-14 -1.301785416802934100e-14 7.012858776074290691e-14 1.269216190908472625e-13 1.684532844640183531e-13 2.110807610514235107e-13 2.640434904124656749e-13
8.034749163879598699e-01 -1.189534862819428244e-17 -1.163063027690958432e-15 -1.341397499327460462e-14 -4.167343349101483423e-14 -2.146330349833603604e-14 5.930500031293470241e-14 1.193922282565078920e-13 1.616191104589123652e-13 2.045204530068921542e-13 2.579183861034735605e-13
8.168494983277592159e-01 -7.524313098346109522e-18 -8.343476407906862998e-16 -1.071751308892615394e-14 -3.815102000747693689e-14 -2.833996265264597302e-14 4.836484405765778724e-14 1.118478993327022674e-13 1.549343177358763380e-13 1.981137768104566631e-13 2.519461191001839466e-13
8.302240802675585618e-01 -4.725762199271975410e-18 -5.933558510408834258e-16 -8.467533368044587308e-15 -3.426816091416391089e-14 -3.359332844169680096e-14 3.743793932973490449e-14 1.042373412328268547e-13 1.483893306901386043e-13 1.918532388465774734e-13 2.461193775653688057e-13
8.435986622073579078e-01 -2.947801376776961696e-18 -4.183885292119997903e-16 -6.618701240068136107e-15 -3.025046606583483038e-14 -3.724326315425183591e-14 2.668964005270350949e-14 9.651047006902092515e-14 1.419732920257715813e-13 1.857321152107632991e-13 2.404312063160115332e-13
8.569732441471572537e-01 -1.826432773919817990e-18 -2.925402682285340670e-16 -5.120648925190247502e-15 -2.627952712795378731e-14 -3.937705571317651579e-14 1.630929579378225765e-14 8.862163490778490643e-14 1.356738440309255751e-13 1.797436211156556901e-13 2.348751163856881074e-13
8.703478260869565997e-01 -1.124891456419289147e-18 -2.029193978955046710e-16 -3.923232800351876082e-15 -2.249348361026293341e-14 -4.013538472549796069e-14 6.496913440950770136e-15 8.053491235199040268e-14 1.294764807287130478e-13 1.738817757117934882e-13 2.294450592811869670e-13
8.837224080267559456e-01 -6.886242951344780760e-19 -1.396345069183690976e-16 -2.977464412046489450e-15 -1.898769160054165281e-14 -3.970417581220203400e-14 -2.551840885809217368e-15 7.223129197772001170e-14 1.233637402813421044e-13 1.681407447732030596e-13 2.241352274694732627e-13
8.970969899665552916e-01 -4.191653505148850427e-19 -9.534640550853185368e-17 -2.239158119859480035e-15 -1.582117849522476138e-14 -3.829294028050069409e-14 -1.066038487670645582e-14 6.371247517462394442e-14 1.173146515272012803e-13 1.625148724984196496e-13 2.189402837526591871e-13
9.104715719063546375e-01 -2.538388899779030505e-19 -6.462751130375791880e-17 -1.669259229034549201e-15 -1.302263885270861776e-14 -3.612104528866743206e-14 -1.768350443677838701e-14 5.500527327009904102e-14 1.113042709112089821e-13 1.569992795563005424e-13 2.138552432494103169e-13
9.238461538461538725e-01 -1.529199963864876947e-19 -4.348458737424665970e-17 -1.233761826576317462e-15 -1.059561540502775689e-14 -3.340478039726610390e-14 -2.352047919547375208e-14 4.616535768903972439e-14 1.053042567454573433e-13 1.515885425579908388e-13 2.088751673952849544e-13
9.372207357859532184e-01 -9.169727260083210272e-20 -2.905595797359189722e-17 -9.043999582380530083e-16 -8.527009294806485140e-15 -3.034360507762618593e-14 -2.811726572697811942e-14 3.727477735925540356e-14 9.928257346034390050e-14 1.462782555916436858e-13 2.039955677467999886e-13
9.505953177257525644e-01 -5.474171716041483259e-20 -1.928396239051927414e-17 -6.576618775875709350e-16 -6.791082755643816401e-15 -2.711376054391069484e-14 -3.147167360595422017e-14 2.844197559808824366e-14 9.320562405925333069e-14 1.410628649335945368e-13 1.992122504168630846e-13
9.639698996655519103e-01 -3.253621393807053638e-20 -1.271332671516923226e-17 -4.744815486515217483e-16 -5.354809010931259090e-15 -2.386236286906680374e-14 -3.363027164489936835e-14 1.979499622353782017e-14 8.703995201112895608e-14 1.359371974806857337e-13 1.945212670461163980e-13
9.773444816053512563e-01 -1.926792947010460784e-20 -8.330431228842655518e-18 -3.397731524590857503e-16 -4.182550858222295576e-15 -2.070614053774646889e-14 -3.467922799673124799e-14 1.147430844649914846e-14 8.075349458591542990e-14 1.308959993234934772e-13 1.899187679261087316e-13
9.907190635451506022e-01 -1.136660463100905696e-20 -5.424975157750559685e-18 -2.415050907003316807e-16 -3.237150572154427302e-15 -1.773107671613608274e-14 -3.474181267862739534e-14 3.624788420104780220e-15 7.432116306905536071e-14 1.259327457107752663e-13 1.854009586171183528e-13
1.004093645484949837e+00 -6.681867911599170627e-21 -3.512172771482007003e-18 -1.704257408468628827e-16 -2.483526788169135223e-15 -1.499559676694029406e-14 -3.396265561259460883e-14 -3.614700035300149090e-15 6.772605075596757338e-14 1.210398265750911370e-13 1.809648379157114802e-13
1.017468227424749072e+00 -3.916221818231102884e-21 -2.261477041389343767e-18 -1.194425683880969501e-16 -1.889430990167892317e-15 -1.253428931746192890e-14 -3.249939116643287938e-14 -1.011955561815989191e-14 6.096271735371398042e-14 1.162089266727155844e-13 1.766067861669258224e-13
1.030842809364548529e+00 -2.287942023717617751e-21 -1.448173298262673777e-18 -8.313904749818206261e-17 -1.425715161734373322e-15 -1.036091534286960815e-14 -3.051358555279292151e-14 -1.578906172818984970e-14 5.404165808772932283e-14 1.114291566517574592e-13 1.723239528788025718e-13
1.044217391304347764e+00 -1.333131708133120354e-21 -9.227033124306279361e-19 -5.749433216321429569e-17 -1.067408532004371110e-15 -8.474544567881072091e-15 -2.815987446954883996e-14 -2.054999897675715535e-14 4.698867363640440602e-14 1.066881406993090285e-13 1.681133850215742656e-13
1.057591973244147221e+00 -7.748277692443168000e-22 -5.850485557313623012e-19 -3.950845078553750383e-17 -7.930976394179052970e-16 -6.862333804907747973e-15 -2.558081067814590778e-14 -2.436305502971575490e-14 3.984764890808581082e-14 1.019713683403896686e-13 1.639722959592640535e-13
1.070966555183946456e+00 -4.491733278087033333e-22 -3.691708792285846350e-19 -2.697953846043357281e-17 -5.849145534591355864e-16 -5.503622872341026341e-15 -2.290101413269968180e-14 -2.722316474328696046e-14 3.267924681597558433e-14 9.726205798839328338e-14 1.598982129189171327e-13
1.084341137123745691e+00 -2.599121357037463796e-22 -2.319729112302651645e-19 -1.831735930640274693e-17 -4.283509261528924350e-16 -4.373860322746385697e-15 -2.022489079321650720e-14 -2.915651900672292595e-14 2.555880268346094560e-14 9.254178147302026331e-14 1.558884197892166053e-13
1.097715719063545148e+00 -1.500745685102013352e-22 -1.451316653761643804e-19 -1.236393526180898069e-17 -3.115128571315452930e-16 -3.445519489207262355e-15 -1.763498666347996644e-14 -3.022108099375359486e-14 1.857404235485449810e-14 8.779084761513197674e-14 1.519406144548879798e-13
1.111090301003344383e+00 -8.649084814239985391e-23 -9.043163436921396376e-20 -8.298878708915007567e-18 -2.250208097650968534e-16 -2.691382544963572669e-15 -1.519298941531797573e-14 -3.049791744102025476e-14 1.181970240928313558e-14 8.298954263807407053e-14 1.480524533033531836e-13
1.124464882943143840e+00 -4.977760229648956721e-23 -5.614454909037161247e-20 -5.541322312766024005e-18 -1.615013920965157731e-16 -2.085432703860397685e-15 -1.294146396720922423e-14 -3.008593277402034407e-14 5.393848068256451173e-15 7.811832753277141577e-14 1.442217820374623962e-13
1.137839464882943075e+00 -2.859970387501850936e-23 -3.472626882473993665e-20 -3.680569881070658449e-18 -1.151726193622363071e-16 -1.603271153295306005e-15 -1.090532027127353332e-14 -2.909696513351737227e-14 -6.085733017941185288e-16 7.316069240965934537e-14 1.404463848775601397e-13
1.151214046822742532e+00 -1.641260030580904123e-23 -2.140788222136716692e-20 -2.432723922075628372e-18 -8.163578350096550036e-17 -1.223380433716713711e-15 -9.095972671714502088e-15 -2.764668363501810510e-14 -6.099782807222665473e-15 6.810377024699503576e-14 1.367238889788734945e-13
1.164588628762541767e+00 -9.408291120670332742e-24 -1.315558773810552220e-20 -1.600336854102811129e-18 -5.752259340991846190e-17 -9.267567763090745239e-16 -7.513140520872474194e-15 -2.585031570509364167e-14 -1.100486077486442022e-14 6.293968940953828157e-14 1.330521797087870969e-13
1.177963210702341001e+00 -5.386434183175992375e-24 -8.058501453221212285e-21 -1.047814405897185878e-18 -4.029528476136675474e-17 -6.971027535888622668e-16 -6.147999723857795439e-15 -2.381696107670416851e-14 -1.526543492654516546e-14 5.766792570981170035e-14 1.294287769761195740e-13
1.191337792642140458e+00 -3.082224609617013783e-24 -4.923572996337062856e-21 -6.831869097082036994e-19 -2.807430072969118676e-17 -5.208561825929133629e-16 -4.986430517870657693e-15 -2.164552539549773628e-14 -1.884110528010789552e-14 5.229494337040642301e-14 1.258511047822923743e-13
1.204712374581939693e+00 -1.762109850593449535e-24 -2.999794125453444483e-21 -4.435359889386948836e-19 -1.945314743908785026e-17 -3.866043855761967355e-16 -4.009814362336744422e-15 -1.942238056996856208e-14 -2.171369565124656292e-14 4.683658906806425786e-14 1.223162051890665817e-13
1.218086956521739150e+00 -1.006695085671104721e-24 -1.822997074258991333e-21 -2.867805205030834649e-19 -1.340867373466946847e-17 -2.851293521922940348e-16 -3.198087566533412195e-15 -1.721958860313658637e-14 -2.388505044183996855e-14 4.131711246199986980e-14 1.188205657858285346e-13
1.231461538461538385e+00 -5.749940444815444262e-25 -1.105499124158626707e-21 -1.847455997509591590e-19 -9.196895173461401186e-18 -2.090135735281349074e-16 -2.530755614536125065e-15 -1.509465888890963727e-14 -2.537650863365095605e-14 3.576868496828248292e-14 1.153603816155605599e-13
1.244836120401337842e+00 -3.282225846958620306e-25 -6.688118204482745536e-22 -1.185619707567093388e-19 -6.276742278321680045e-18 -1.522941683225806361e-16 -1.987464183713850440e-15 -1.309044606902706734e-14 -2.622864415517431715e-14 3.023171046987525649e-14 1.119309144812664770e-13
1.258210702341137077e+00 -1.873303681650235206e-25 -4.038449373314480831e-22 -7.582894598274409701e-20 -4.263928779288408144e-18 -1.103306144535629760e-16 -1.549475648956512228e-15 -1.123702670087573510e-14 -2.649568234785566802e-14 2.475209276282158245e-14 1.085268845971931998e-13
1.271585284280936534e+00 -1.069089853530423113e-25 -2.434046954597145530e-22 -4.833882854326158410e-20 -2.883546765505620388e-18 -7.948423335667860075e-17 -1.199539695010020327e-15 -9.552572565806502265e-15 -2.624411814182580012e-14 1.938059459167133475e-14 1.051419342420968548e-13
1.284959866220735769e+00 -6.099278031501853005e-26 -1.464217034987334412e-22 -3.071271549806046788e-20 -1.941315142699194844e-18 -5.694694078579968332e-17 -9.222949423987316989e-16 -8.045274787947951707e-15 -2.554845512131052782e-14 1.417014336545803131e-14 1.017692111541924075e-13
1.298334448160535004e+00 -3.481150630892358403e-26 -8.796568802985133361e-23 -1.945973206495493305e-20 -1.301709164283872880e-18 -4.059068893090420488e-17 -7.045386559010527540e-16 -6.715940216481595152e-15 -2.448658036122883894e-14 9.174322253232213926e-15 9.840092290434118065e-14
1.311709030100334461e+00 -1.986890575619067933e-26 -5.276262782407345376e-23 -1.229343987528004472e-20 -8.692400627205886537e-19 -2.878342187546432746e-17 -5.347690908067420908e-16 -5.558517304497225752e-15 -2.313773245950535042e-14 4.444591082111478224e-15 9.502888591362557336e-14
1.325083612040133696e+00 -1.134155371061651341e-26 -3.160276694850438522e-23 -7.744848751345747335e-21 -5.781710317034362942e-19 -2.030944661951184202e-17 -4.034134570222267383e-16 -4.562967712171557060e-15 -2.157820002179483552e-14 2.887060480471766487e-17 9.164463031321646586e-14
1.338458193979933153e+00 -6.476496366359039064e-27 -1.891026980084421473e-23 -4.867755744764022406e-21 -3.831920364347539221e-19 -1.426344530246717018e-17 -3.025403447335275376e-16 -3.716456782983359368e-15 -1.987924179205323655e-14 -4.030147868310314186e-15 8.823975243757650421e-14
1.351832775919732388e+00 -3.700962367400529578e-27 -1.130077968742387262e-23 -3.051620905129554026e-21 -2.530274811133908038e-19 -9.970159282206746923e-18 -2.255748176847917572e-16 -3.004046802714362851e-15 -1.810508581475950163e-14 -7.697351650355828364e-15 8.480657933888138984e-14
1.365207357859531845e+00 -2.114253217009522836e-27 -6.747425625225787376e-24 -1.908912008705671042e-21 -1.665171540511365010e-19 -6.938393946322803106e-18 -1.672596659845950860e-16 -2.410573170201135335e-15 -1.631158324484153687e-14 -1.094496141182399157e-14 8.133837541315570652e-14
1.378581939799331080e+00 -1.209836608782213516e-27 -4.025431103889492806e-24 -1.191613644589547850e-21 -1.092296275713481851e-19 -4.807845853986863708e-18 -1.233545160731789709e-16 -1.920800259127431807e-15 -1.454555623234178283e-14 -1.375441946486492025e-14 7.783017264298053287e-14
1.391956521739130537e+00 -6.911503196482539196e-28 -2.399199464222232300e-24 -7.422385772767219360e-22 -7.141681100998041758e-20 -3.317300336550526659e-18 -9.049329424086724705e-17 -1.520122188258472739e-15 -1.284436630510575072e-14 -1.611641745550590020e-14 7.427913493595638222e-14
1.405331103678929772e+00 -3.964889061938650204e-28 -1.429418270725124562e-24 -4.615776985538257587e-22 -4.656335680472992908e-20 -2.279995783647947053e-18 -6.605734075365843674e-17 -1.195231761197390251e-15 -1.123681544379219190e-14 -1.803000182276585636e-14 7.068479734977461061e-14
1.418705685618729007e+00 -2.268266420075453720e-28 -8.510377533786447343e-25 -2.865085152705289236e-22 -3.026961304770841834e-20 -1.560865251740473414e-18 -4.798130871431655852e-17 -9.338207915320654127e-16 -9.742864702239421352e-15 -1.950408446510182102e-14 6.704999026041651923e-14
1.432080267558528464e+00 -1.311593110628332481e-28 -5.064026023520534025e-25 -1.775377314894523872e-22 -1.962275838071263424e-20 -1.064509584688707115e-18 -3.468502955065237680e-17 -7.251150783154906168e-16 -8.375323653933748696e-15 -2.055524150594918311e-14 6.338051481250867001e-14
1.445454849498327698e+00 -7.384829330636857925e-29 -3.012896508290631641e-25 -1.098689495066086923e-22 -1.268993927896230416e-20 -7.234741684233568385e-19 -2.496033495008042995e-17 -5.597602402854537602e-16 -7.140743840160452973e-15 -2.120697262147538236e-14 5.968524168404860536e-14
1.458829431438127155e+00 -4.242368659640835156e-29 -1.791659054493259791e-25 -6.788491438092644289e-23 -8.185117471856472128e-21 -4.899350265670410387e-19 -1.788068128832219817e-17 -4.296218277241832587e-16 -6.039940820278963242e-15 -2.148984997333650803e-14 5.597637954993119429e-14
1.472204013377926390e+00 -2.434292215334646873e-29 -1.065320996351574817e-25 -4.189346638532336242e-23 -5.267494962580304813e-21 -3.306945656375377276e-19 -1.275432574449686101e-17 -3.279225911631094252e-16 -5.069977800958160712e-15 -2.143866012582502105e-14 5.226862521814545029e-14
1.485578595317725847e+00 -1.403025950179781946e-29 -6.333903852412920683e-26 -2.582395532886127946e-23 -3.382488452699241881e-21 -2.225024239871776427e-19 -9.059899895553044903e-18 -2.489596174688631931e-16 -4.224553647546069595e-15 -2.109225013452040836e-14 4.857913561461421385e-14
1.498953177257525082e+00 -8.222246564241044009e-30 -3.764936466597560485e-26 -1.589813712355165658e-23 -2.167149133615400002e-21 -1.492277960640563113e-19 -6.409002826728427440e-18 -1.880181425749603839e-16 -3.495060437478606446e-15 -2.049188288691419058e-14 4.492665302670904496e-14
1.512327759197324317e+00 -4.654790448302648009e-30 -2.238567811304085916e-26 -9.780199877384769485e-24 -1.386020987000010203e-21 -9.980520631598516804e-20 -4.516591418761028421e-18 -1.412912336296888749e-16 -2.871828291659459513e-15 -1.967946758310626831e-14 4.133096261793821353e-14
1.525702341137123774e+00 -2.700563025071924480e-30 -1.330999129600939726e-26 -6.010457968920769240e-24 -8.846935319820436479e-22 -6.655639084256914434e-20 -3.170732256105684469e-18 -1.056550391803221136e-16 -2.344064264582537661e-15 -1.869718620899729340e-14 3.781215065857875623e-14
1.539076923076923009e+00 -1.597890561594468404e-30 -7.914655799112198819e-27 -3.690451060432856579e-24 -5.636591833502531182e-22 -4.426089695497896539e-20 -2.217675497072494593e-18 -7.863090796927606368e-17 -1.901003028414323487e-15 -1.758555463769062184e-14 3.438977324556373707e-14
1.552451505016722466e+00 -9.771330140917278454e-31 -4.707717949407843277e-27 -2.264808124568731577e-24 -3.585893994132846175e-22 -2.936200596387075000e-20 -1.545785389872688259e-18 -5.825513746307981511e-17 -1.532184933334784719e-15 -1.638297574010538492e-14 3.108245174437203330e-14
1.565826086956521701e+00 -5.649683322070825940e-31 -2.800958422390285303e-27 -1.388757489733329471e-24 -2.277359013586586409e-22 -1.942738838933184407e-20 -1.073675071049492738e-18 -4.296459716736850765e-17 -1.227466876302750907e-15 -1.512478384373784987e-14 2.790685131149155771e-14
1.579200668896321158e+00 -3.676383227691255348e-31 -1.667062322780388110e-27 -8.511690294938245179e-25 -1.444312015512455887e-22 -1.282437866105999192e-20 -7.433335523948872954e-19 -3.155186469398049795e-17 -9.776470676396924317e-16 -1.384265605213742406e-14 2.487761673431154328e-14
1.592575250836120393e+00 -1.772642162666625939e-31 -9.927375401878436586e-28 -5.214584372276671415e-25 -9.147781851271098302e-23 -8.446735953070588824e-21 -5.130090991813442382e-19 -2.307435123779560438e-17 -7.742916655952465345e-16 -1.256421682726670134e-14 2.200672074114780784e-14
1.605949832775919628e+00 -1.723282363318603794e-31 -5.917869377410046383e-28 -3.192762038713447768e-25 -5.785571824958314688e-23 -5.550640942283416789e-21 -3.529291110423769150e-19 -1.680498698419708973e-17 -6.098599219481062329e-16 -1.131280668984002445e-14 1.930328413349995260e-14
1.619324414715719085e+00 0.000000000000000000e+00 -3.521955399577340571e-28 -1.954704914036250882e-25 -3.655595143040444905e-23 -3.640686445438284965e-21 -2.421194979004255737e-19 -1.219224752914696796e-17 -4.778307110411145491e-16 -1.010765634525804164e-14 1.677376489900978525e-14
1.632698996655518320e+00 0.000000000000000000e+00 -2.099565474076658341e-28 -1.196278142119380099e-25 -2.307006246199974736e-23 -2.383061187677201267e-21 -1.656174436213947478e-19 -8.811548406585797037e-18 -3.724507309026761141e-16 -8.963577310011056765e-15 1.442144182612049958e-14
1.646073578595317777e+00 0.000000000000000000e+00 -1.255444353215411648e-28 -7.319053029488144457e-26 -1.454335815354490361e-23 -1.556859145057077507e-21 -1.129715264777735829e-19 -6.344525093352969591e-18 -2.888572574851227980e-16 -7.891594993998107994e-15 1.224704483251505445e-14
1.659448160535117012e+00 0.000000000000000000e+00 -7.463794532951811492e-29 -4.478516479327270323e-26 -9.161403999448961095e-24 -1.015476075211651301e-21 -7.686820806213789935e-20 -4.552346562552142754e-18 -2.229551650903701904e-16 -6.899263418307667144e-15 1.024890182241314860e-14
1.672822742474916469e+00 0.000000000000000000e+00 -4.515447169692450169e-29 -2.739610525003767511e-26 -5.765239662247105817e-24 -6.611533793994661676e-22 -5.216454223963843524e-20 -3.254842518648831132e-18 -1.712719953208630655e-16 -5.990643025423355716e-15 8.422856191683533753e-15
1.686197324414715704e+00 0.000000000000000000e+00 -2.623317126960015398e-29 -1.676083795834963737e-26 -3.625484616280296811e-24 -4.298068352956783706e-22 -3.531582259282841713e-20 -2.319442670450204829e-18 -1.309729683159084257e-16 -5.167362801759259121e-15 6.763162878298818605e-15
1.699571906354515161e+00 0.000000000000000000e+00 -1.571818962716912960e-29 -1.025509088298028073e-26 -2.278409871283244704e-24 -2.790063835518836431e-22 -2.385423661509408929e-20 -1.647551459669119319e-18 -9.971465858589496341e-17 -4.428617942150079192e-15 5.262417262585432972e-15
1.712946488294314396e+00 0.000000000000000000e+00 -9.421233702074736286e-30 -6.273546301640216568e-27 -1.430706800023895495e-24 -1.808336831001983622e-22 -1.607451267901433858e-20 -1.166515500353270302e-18 -7.558617427733075921e-17 -3.771708724846838849e-15 3.912025477562170338e-15
1.726321070234113630e+00 0.000000000000000000e+00 -5.632545771539652738e-30 -3.840144857064441954e-27 -8.980960422083519701e-25 -1.170719108886663092e-22 -1.081058206502705997e-20 -8.235237819199352929e-19 -5.706180460763944910e-17 -3.192788984508859682e-15 2.702775448594753694e-15
1.739695652173913087e+00 0.000000000000000000e+00 -3.394686708060621881e-30 -2.350237203208205265e-27 -5.634245681538237392e-25 -7.569133981352477670e-23 -7.254993136638838794e-21 -5.796443821882524132e-19 -4.290136713544403504e-17 -2.686699308871037275e-15 1.624721084285313618e-15
1.753070234113712322e+00 0.000000000000000000e+00 -2.075782559612805659e-30 -1.439045212368036192e-27 -3.532847424204538460e-25 -4.887651408390122755e-23 -4.858985632223992582e-21 -4.068119703341270263e-19 -3.212719575557960058e-17 -2.247776150991933341e-15 6.678339608648177817e-16
1.766444816053511779e+00 0.000000000000000000e+00 -1.224479525478341660e-30 -8.815279049824268968e-28 -2.214857603495518607e-25 -3.153255416424126432e-23 -3.248674490057827383e-21 -2.847653223198578408e-19 -2.396892427552441245e-17 -1.870059470024635689e-15 -1.778558187701545169e-16
1.779819397993311014e+00 0.000000000000000000e+00 -7.525285687988935428e-31 -5.401306130027010677e-28 -1.387899744331842195e-25 -2.031940655313361713e-23 -2.167876873017033870e-21 -1.987871600541277275e-19 -1.781491795323092324e-17 -1.547272826313992672e-15 -9.222113596363789070e-16
1.793193979933110471e+00 0.000000000000000000e+00 -4.149064829111698915e-31 -3.310747159509744332e-28 -8.695471982399740530e-26 -1.308211749291576666e-23 -1.444254982587247261e-21 -1.384197519688394793e-19 -1.319369842674843410e-17 -1.273400582777051931e-15 -1.574626317167939634e-15
1.806568561872909706e+00 0.000000000000000000e+00 -2.994519201666357174e-31 -2.028769842704678652e-28 -5.447179409564879050e-26 -8.415613066652418695e-24 -9.606501271120758459e-22 -9.615073658345800990e-20 -9.737345610990727861e-18 -1.042579399528684188e-15 -2.144008924218846760e-15
1.819943143812709163e+00 0.000000000000000000e+00 -1.933696798205090924e-31 -1.247660082139453253e-28 -3.411170447526853215e-26 -5.408484379481137897e-24 -6.379078342126737750e-22 -6.662399622283925780e-20 -7.161589352819526358e-18 -8.492599837550101757e-16 -2.638753103074177899e-15
1.833317725752508398e+00 0.000000000000000000e+00 -9.289962155843710227e-32 -7.648313673092211516e-29 -2.136518930290496278e-26 -3.473987918084687511e-24 -4.230444681636951282e-22 -4.606537270865638499e-20 -5.250367478648357053e-18 -6.884114170222327227e-16 -3.066541539561975563e-15
1.846692307692307633e+00 0.000000000000000000e+00 -8.973480595822785989e-32 -4.705458147533500531e-29 -1.337974059734389186e-26 -2.229704202372172036e-24 -2.801401477810390526e-22 -3.177865071834171882e-20 -3.836752944538434655e-18 -5.553415513740307109e-16 -3.434485366023033051e-15
1.860066889632107090e+00 0.000000000000000000e+00 0.000000000000000000e+00 -2.872285495352822664e-29 -8.379010604529896529e-27 -1.430086060780649196e-24 -1.852508331398515972e-22 -2.187515870799113038e-20 -2.794953685834470743e-18 -4.458938658775433939e-16 -3.749017538417675952e-15
1.873441471571906325e+00 0.000000000000000000e+00 0.000000000000000000e+00 -1.799143312039543170e-29 -5.247898038720579612e-27 -9.168902992458824450e-25 -1.223696418424874184e-22 -1.502935901508109717e-20 -2.030123472660109966e-18 -3.564042325318012119e-16 -4.015954502554450814e-15
1.886816053511705782e+00 0.000000000000000000e+00 0.000000000000000000e+00 -1.057524051342437516e-29 -3.287573494125061812e-27 -5.874725620669099963e-25 -8.072642997686465368e-23 -1.030460330870365193e-20 -1.470179182728471908e-18 -2.836016492176056461e-16 -4.240511827561546946e-15
1.900190635451505017e+00 0.000000000000000000e+00 0.000000000000000000e+00 -6.505904782738602763e-30 -2.059603964626745047e-27 -3.762611271762297974e-25 -5.319805376655043625e-23 -7.052175579501803563e-21 -1.061706909561123713e-18 -2.246996587584488927e-16 -4.427350191279931959e-15
1.913565217391304474e+00 0.000000000000000000e+00 0.000000000000000000e+00 -4.008997075964902595e-30 -1.290437964412341328e-27 -2.409043209443971134e-25 -3.502197859803366608e-23 -4.817788966094736794e-21 -7.646501611494486642e-19 -1.772853218119480949e-16 -4.580611053499565165e-15
1.926939799331103709e+00 0.000000000000000000e+00 0.000000000000000000e+00 -2.459085654804425975e-30 -8.086558283679462048e-28 -1.541646712236922486e-25 -2.303018660945388904e-23 -3.285264027350409602e-21 -5.492017578782121564e-19 -1.392970893361159829e-16 -4.703952993982176653e-15
1.940314381270902944e+00 0.000000000000000000e+00 0.000000000000000000e+00 -1.529163411902151095e-30 -5.067934591966341367e-28 -9.864727263141870199e-26 -1.513315888755378498e-23 -2.236845051526715561e-21 -3.934895413794575498e-19 -1.090184951447965229e-16 -4.800630594830182664e-15
1.953688963210702401e+00 0.000000000000000000e+00 0.000000000000000000e+00 -9.273200531253304318e-31 -3.181001215668311370e-28 -6.310206457210462050e-26 -9.934681274836283734e-24 -1.520491770922559545e-21 -2.812120388747336299e-19 -8.498789485786087112e-17 -4.873485188815442830e-15
1.967063545150501636e+00 0.000000000000000000e+00 0.000000000000000000e+00 -5.604234265445497525e-31 -1.996713075229673894e-28 -4.035329061375166528e-26 -6.516214839009232170e-24 -1.031915315620319176e-21 -2.004785542276788059e-19 -6.600183493645362045e-17 -4.925029465694833791e-15
1.980438127090301093e+00 0.000000000000000000e+00 0.000000000000000000e+00 -3.582085795809196262e-31 -1.253341821113408420e-28 -2.580721154204368199e-26 -4.271581740952497888e-24 -6.994198840194696856e-22 -1.426066679893259897e-19 -5.107154555825655190e-17 -4.957482474330579532e-15
1.993812709030100327e+00 0.000000000000000000e+00 0.000000000000000000e+00 -2.304887544992295992e-31 -7.864901159004149725e-29 -1.650015880382279851e-26 -2.797827313963651623e-24 -4.733457193702457579e-22 -1.012032355890876869e-19 -3.937486840753612715e-17 -4.972765482559511044e-15
2.007187290969899784e+00 0.000000000000000000e+00 0.000000000000000000e+00 -1.554098173522088651e-31 -4.950250484032945949e-29 -1.054938133161199621e-26 -1.831456893454145087e-24 -3.199354934969879286e-22 -7.166664634838209206e-20 -3.025149989842711995e-17 -4.972579519220084898e-15
2.020561872909699019e+00 0.000000000000000000e+00 0.000000000000000000e+00 -1.058974778379032959e-31 -3.106657279682320899e-29 -6.745386386146267913e-27 -1.198230199505865582e-24 -2.159824407361689230e-22 -5.064549962456848154e-20 -2.316349426856559812e-17 -4.958417421588366195e-15
2.033936454849498254e+00 0.000000000000000000e+00 0.000000000000000000e+00 -5.100425325997087183e-32 -1.957104174052676885e-29 -4.312100575815901470e-27 -7.834108854598259263e-25 -1.456131525646191581e-22 -3.571414685673994644e-20 -1.767649826557259765e-17 -4.931552879504171447e-15
2.047311036789297489e+00 0.000000000000000000e+00 0.000000000000000000e+00 -4.903753128964248283e-32 -1.215883048413267252e-29 -2.757673037425435135e-27 -5.120404733516181588e-25 -9.807405658385377814e-23 -2.513850271887149818e-20 -1.344675564102939346e-17 -4.893149700192840498e-15
2.060685618729097168e+00 0.000000000000000000e+00 0.000000000000000000e+00 0.000000000000000000e+00 -7.846834607407028530e-30 -1.763455076556053207e-27 -3.344994420541567629e-25 -6.597962726106742613e-23 -1.766012911467980054e-20 -1.019672592206306037e-17 -4.844167388155960780e-15
2.074060200668896403e+00 0.000000000000000000e+00 0.000000000000000000e+00 0.000000000000000000e+00 -5.079972240846276598e-30 -1.127408309443503784e-27 -2.184142234336780547e-25 -4.433934342521088264e-23 -1.238311843677736849e-20 -7.708341222548391925e-18 -4.785465729728558501e-15
2.087434782608695638e+00 0.000000000000000000e+00 0.000000000000000000e+00 0.000000000000000000e+00 -2.953546375297849669e-30 -7.214838180747618078e-28 -1.425920024010142160e-25 -2.977259405746452044e-23 -8.668749555232606183e-21 -5.810354958568160056e-18 -4.717805404738037513e-15
2.100809364548494873e+00 0.000000000000000000e+00 0.000000000000000000e+00 0.000000000000000000e+00 -1.859354909099680667e-30 -4.615661077190221678e-28 -9.304984348088051975e-26 -1.997064591363074347e-23 -6.057626818938342897e-21 -4.366772717185960500e-18 -4.641818560183263849e-15
2.114183946488294552e+00 0.000000000000000000e+00 0.000000000000000000e+00 0.000000000000000000e+00 -1.170635319346004190e-30 -2.955655375248555443e-28 -6.070714138515983101e-26 -1.338471939072124322e-23 -4.226221256626979071e-21 -3.272683526640293345e-18 -4.558078688903375606e-15
2.127558528428093787e+00 0.000000000000000000e+00 0.000000000000000000e+00 0.000000000000000000e+00 -7.303734638420125652e-31 -1.892406176635924383e-28 -3.959984656239456008e-26 -8.963856316954073185e-24 -2.943989297007296007e-21 -2.446071825507373794e-18 -4.467092190970012733e-15
2.140933110367893022e+00 0.000000000000000000e+00 0.000000000000000000e+00 0.000000000000000000e+00 -4.671212281257404397e-31 -1.210383430921858136e-28 -2.582326754092593389e-26 -5.997822165841836102e-24 -2.047472034939244716e-21 -1.823257423291948759e-18 -4.369292932477283479e-15
2.154307692307692257e+00 0.000000000000000000e+00 0.000000000000000000e+00 0.000000000000000000e+00 -3.002370900355195037e-31 -7.767018431083894997e-29 -1.683983917228331285e-26 -4.010963932161889603e-24 -1.422075762535578715e-21 -1.355620222336246641e-18 -4.265110293898210146e-15
2.167682274247491492e+00 0.000000000000000000e+00 0.000000000000000000e+00 0.000000000000000000e+00 -1.981668103423486266e-31 -4.965180247708482784e-29 -1.097967386001492644e-26 -2.680315563014660606e-24 -9.862747325692821098e-22 -1.005355332372132486e-18 -4.154914543930474486e-15
2.181056856187291171e+00 0.000000000000000000e+00 0.000000000000000000e+00 0.000000000000000000e+00 -1.262777649194747492e-31 -3.193611756863677327e-29 -7.157455287674537762e-27 -1.789860496737646477e-24 -6.830661451689603035e-22 -7.437379638323255108e-19 -4.039080340170767963e-15
2.194431438127090406e+00 0.000000000000000000e+00 0.000000000000000000e+00 0.000000000000000000e+00 -7.788892923585663970e-32 -2.044939424672038501e-29 -4.666853494062045179e-27 -1.194741448170537756e-24 -4.725294335203737168e-22 -5.489438400421039000e-19 -3.917992623953746315e-15
2.207806020066889641e+00 0.000000000000000000e+00 0.000000000000000000e+00 0.000000000000000000e+00 -5.796493616611649506e-32 -1.310863215589526391e-29 -3.042330083786362862e-27 -7.969676523951641452e-25 -3.264472874405040686e-22 -4.042043818184633019e-19 -3.792022546755164210e-15
2.221180602006688876e+00 0.000000000000000000e+00 0.000000000000000000e+00 0.000000000000000000e+00 -2.779573218234836032e-32 -8.425721594987355975e-30 -1.983461323348716624e-27 -5.313856037335183528e-25 -2.252671185740603612e-22 -2.969674372974445040e-19 -3.661584819073570973e-15
2.234555183946488555e+00 0.000000000000000000e+00 0.000000000000000000e+00 0.000000000000000000e+00 -2.657135536280318307e-32 -5.314480070051204036e-30 -1.293333692517093043e-27 -3.541653296343024076e-25 -1.552785252935990033e-22 -2.177125863391352236e-19 -3.527114829192350553e-15
2.247929765886287790e+00 0.000000000000000000e+00 0.000000000000000000e+00 0.000000000000000000e+00 -1.792852229852914263e-33 -3.508630646268238300e-30 -8.432740631869515909e-28 -2.359208306680139159e-25 -1.069074668507503964e-22 -1.592597970402263469e-19 -3.389076179304713516e-15
2.261304347826087024e+00 0.000000000000000000e+00 0.000000000000000000e+00 0.000000000000000000e+00 0.000000000000000000e+00 -2.339645047462295326e-30 -5.499473726926483131e-28 -1.571202542979047456e-25 -7.353827212471337014e-23 -1.162723751714282900e-19 -3.247987880500700406e-15
2.274678929765886259e+00 0.000000000000000000e+00 0.000000000000000000e+00 0.000000000000000000e+00 0.000000000000000000e+00 -1.364076424513567032e-30 -3.587582525361852964e-28 -1.045985717463414602e-25 -5.053223463670974204e-23 -8.471591010930420365e-20 -3.104391228538252692e-15
2.288053511705685494e+00 0.000000000000000000e+00 0.000000000000000000e+00 0.000000000000000000e+00 0.000000000000000000e+00 -8.779392468997564956e-31 -2.339906446942143637e-28 -6.960710535834879481e-26 -3.468852997550248756e-23 -6.160157838622401218e-20 -2.958871223822387724e-15
2.301428093645485173e+00 0.000000000000000000e+00 0.000000000000000000e+00 0.000000000000000000e+00 0.000000000000000000e+00 -5.568438390466881131e-31 -1.527652884828303755e-28 -4.631709106078743439e-26 -2.379467497969078299e-23 -4.471472833630680490e-20 -2.812061464232373175e-15
2.314802675585284408e+00 0.000000000000000000e+00 0.000000000000000000e+00 0.000000000000000000e+00 0.000000000000000000e+00 -3.648492936927361649e-31 -9.966156594091721871e-29 -3.080871528911898986e-26 -1.630635311205686227e-23 -3.239548694053467937e-20 -2.664599128160005711e-15
2.328177257525083643e+00 0.000000000000000000e+00 0.000000000000000000e+00 0.000000000000000000e+00 0.000000000000000000e+00 -2.295842785593327202e-31 -6.510975643718763575e-29 -2.048970630460531715e-26 -1.116598833844103563e-23 -2.342949094808732844e-20 -2.517162570454382298e-15
2.341551839464882878e+00 0.000000000000000000e+00 0.000000000000000000e+00 0.000000000000000000e+00 0.000000000000000000e+00 -1.456714358942772014e-31 -4.253652659388629142e-29 -1.362548518101195850e-26 -7.640599476643685550e-24 -1.691667036157765314e-20 -2.370435841268673597e-15
2.354926421404682113e+00 0.000000000000000000e+00 0.000000000000000000e+00 0.000000000000000000e+00 0.000000000000000000e+00 -1.048336849228857427e-31 -2.774331297265758554e-29 -9.058489460946174247e-27 -5.223897326520160533e-24 -1.219304569041415720e-20 -2.225097143480507098e-15
2.368301003344481792e+00 0.000000000000000000e+00 0.000000000000000000e+00 0.000000000000000000e+00 0.000000000000000000e+00 -6.651936114692422837e-32 -1.816144020899224816e-29 -6.022568684319672647e-27 -3.569631320379605615e-24 -8.775193764644300263e-21 -2.081834126267620386e-15
2.381675585284281027e+00 0.000000000000000000e+00 0.000000000000000000e+00 0.000000000000000000e+00 0.000000000000000000e+00 -4.758344613622036936e-32 -1.182540727832605869e-29 -4.003686020846361116e-27 -2.437530057702986625e-24 -6.305379545187511274e-21 -1.941290682846536253e-15
2.395050167224080262e+00 0.000000000000000000e+00 0.000000000000000000e+00 0.000000000000000000e+00 0.000000000000000000e+00 -3.036256197540468963e-32 -7.699082828621099919e-30 -2.661264263262166868e-27 -1.663341777326121285e-24 -4.523657600552551818e-21 -1.804087984516795542e-15
2.408424749163879497e+00 0.000000000000000000e+00 0.000000000000000000e+00 0.000000000000000000e+00 0.000000000000000000e+00 -1.442353209104744310e-32 -5.079974771366962291e-30 -1.769047135798130590e-27 -1.134576534920110338e-24 -3.241075070282394430e-21 -1.670819563312690304e-15
2.421799331103679176e+00 0.000000000000000000e+00 0.000000000000000000e+00 0.000000000000000000e+00 0.000000000000000000e+00 -1.382174824437223341e-32 -3.310235404077168133e-30 -1.175991086206744431e-27 -7.734012883945883955e-25 -2.318682007812294600e-21 -1.541999250160715566e-15
2.435173913043478411e+00 0.000000000000000000e+00 0.000000000000000000e+00 0.000000000000000000e+00 0.000000000000000000e+00 -1.318639879881508621e-32 -2.120456399846590785e-30 -7.818000414202304275e-28 -5.269540466731676192e-25 -1.656586224868922263e-21 -1.418104366551745125e-15
2.448548494983277646e+00 0.000000000000000000e+00 0.000000000000000000e+00 0.000000000000000000e+00 0.000000000000000000e+00 0.000000000000000000e+00 -1.436575532920858496e-30 -5.197426904439561007e-28 -3.588916046915363762e-25 -1.182050943355049449e-21 -1.299540032476942587e-15
2.461923076923076881e+00 0.000000000000000000e+00 0.000000000000000000e+00 0.000000000000000000e+00 0.000000000000000000e+00 0.000000000000000000e+00 -9.748425165712725797e-31 -3.454969996361134737e-28 -2.442961693121835230e-25 -8.423062222928566151e-22 -1.186630786952100575e-15
2.475297658862876116e+00 0.000000000000000000e+00 0.000000000000000000e+00 0.000000000000000000e+00 0.000000000000000000e+00 0.000000000000000000e+00 -5.686828623458093419e-31 -2.298024124420420420e-28 -1.662480016388902092e-25 -5.995412270685128584e-22 -1.079653195935208722e-15
2.488672240802675795e+00 0.000000000000000000e+00 0.000000000000000000e+00 0.000000000000000000e+00 0.000000000000000000e+00 0.000000000000000000e+00 -3.691015938932294891e-31 -1.528654203185601578e-28 -1.130877845057727508e-25 -4.262259556996766246e-22 -9.787847427855481581e-16
2.502046822742475030e+00 0.000000000000000000e+00 0.000000000000000000e+00 0.000000000000000000e+00 0.000000000000000000e+00 0.000000000000000000e+00 -2.450109706047489421e-31 -1.017003086943348458e-28 -7.689464957169109213e-26 -3.026504148673006228e-22 -8.841400435645360378e-16
2.515421404682274265e+00 0.000000000000000000e+00 0.000000000000000000e+00 0.000000000000000000e+00 0.000000000000000000e+00 0.000000000000000000e+00 -1.613589257902616585e-31 -6.764416841460893314e-29 -5.227754036878984511e-26 -2.146956030213892225e-22 -7.957794598217023328e-16
2.528795986622073499e+00 0.000000000000000000e+00 0.000000000000000000e+00 0.000000000000000000e+00 0.000000000000000000e+00 0.000000000000000000e+00 -1.039479587261111587e-31 -4.501125240842956193e-29 -3.552751714529611825e-26 -1.521275890862354115e-22 -7.136688006946319015e-16
2.542170568561873178e+00 0.000000000000000000e+00 0.000000000000000000e+00 0.000000000000000000e+00 0.000000000000000000e+00 0.000000000000000000e+00 -7.059500590309233744e-32 -2.995570925543030064e-29 -2.413898429256043842e-26 -1.076865921979740180e-22 -6.377365416950955538e-16
2.555545150501672413e+00 0.000000000000000000e+00 0.000000000000000000e+00 0.000000000000000000e+00 0.000000000000000000e+00 0.000000000000000000e+00 -4.577200711679199937e-32 -1.993344504243712976e-29 -1.639848957066741864e-26 -7.615746721201488050e-23 -5.678504227032139912e-16
2.568919732441471648e+00 0.000000000000000000e+00 0.000000000000000000e+00 0.000000000000000000e+00 0.000000000000000000e+00 0.000000000000000000e+00 -3.199952403865630437e-32 -1.327156877727045915e-29 -1.113664803211334610e-26 -5.380407149940661064e-23 -5.038204340358164260e-16
2.582294314381270883e+00 0.000000000000000000e+00 0.000000000000000000e+00 0.000000000000000000e+00 0.000000000000000000e+00 0.000000000000000000e+00 -2.281748645585133008e-32 -8.819191262486425366e-30 -7.562990231922258222e-27 -3.798168187990461501e-23 -4.454367719325355560e-16
2.595668896321070118e+00 0.000000000000000000e+00 0.000000000000000000e+00 0.000000000000000000e+00 0.000000000000000000e+00 0.000000000000000000e+00 -1.443420633208888223e-32 -5.879062147058765737e-30 -5.135142238880011739e-27 -2.678807680331600172e-23 -3.924354272401191502e-16
2.609043478260869797e+00 0.000000000000000000e+00 0.000000000000000000e+00 0.000000000000000000e+00 0.000000000000000000e+00 0.000000000000000000e+00 -6.872760107640401927e-33 -3.902275296155245908e-30 -3.486015679306053628e-27 -1.887646356594523516e-23 -3.445344891479329259e-16
2.622418060200669032e+00 0.000000000000000000e+00 0.000000000000000000e+00 0.000000000000000000e+00 0.000000000000000000e+00 0.000000000000000000e+00 -6.553826728966884907e-33 -2.627337776037144880e-30 -2.366597848157285798e-27 -1.329273513544432076e-23 -3.014419082805336649e-16
2.635792642140468267e+00 0.000000000000000000e+00 0.000000000000000000e+00 0.000000000000000000e+00 0.000000000000000000e+00 0.000000000000000000e+00 -6.230687277294845341e-33 -1.738166812827589749e-30 -1.606425713776907185e-27 -9.352698478829147537e-24 -2.628345281430238904e-16
2.649167224080267502e+00 0.000000000000000000e+00 0.000000000000000000e+00 0.000000000000000000e+00 0.000000000000000000e+00 0.000000000000000000e+00 0.000000000000000000e+00 -1.157477159038711770e-30 -1.090374865895099487e-27 -6.575866179708053560e-24 -2.283971512001141067e-16
2.662541806020067181e+00 0.000000000000000000e+00 0.000000000000000000e+00 0.000000000000000000e+00 0.000000000000000000e+00 0.000000000000000000e+00 0.000000000000000000e+00 -8.046504054151399850e-31 -7.401183105359395218e-28 -4.620511684171183496e-24 -1.978093728164532218e-16
2.675916387959866416e+00 0.000000000000000000e+00 0.000000000000000000e+00 0.000000000000000000e+00 0.000000000000000000e+00 0.000000000000000000e+00 0.000000000000000000e+00 -5.191422588447561264e-31 -5.023592796054608570e-28 -3.244121682662125334e-24 -1.707486011964328382e-16
2.689290969899665651e+00 0.000000000000000000e+00 0.000000000000000000e+00 0.000000000000000000e+00 0.000000000000000000e+00 0.000000000000000000e+00 0.000000000000000000e+00 -3.586096782081346180e-31 -3.409882719522407832e-28 -2.276553434389577664e-24 -1.469107905294569493e-16
2.702665551839464886e+00 0.000000000000000000e+00 0.000000000000000000e+00 0.000000000000000000e+00 0.000000000000000000e+00 0.000000000000000000e+00 0.000000000000000000e+00 -2.543772089771761448e-31 -2.314601176656021405e-28 -1.596546968523946707e-24 -1.259922725764903074e-16
2.716040133779264121e+00 0.000000000000000000e+00 0.000000000000000000e+00 0.000000000000000000e+00 0.000000000000000000e+00 0.000000000000000000e+00 0.000000000000000000e+00 -1.399181273213848691e-31 -1.571450988316981386e-28 -1.118940158511089933e-24 -1.077067985695702802e-16
2.729414715719063800e+00 0.000000000000000000e+00 0.000000000000000000e+00 0.000000000000000000e+00 0.000000000000000000e+00 0.000000000000000000e+00 0.000000000000000000e+00 -9.423927622495834706e-32 -1.067084690454511338e-28 -7.838969685352270951e-25 -9.178835873849744239e-17
2.742789297658863035e+00 0.000000000000000000e+00 0.000000000000000000e+00 0.000000000000000000e+00 0.000000000000000000e+00 0.000000000000000000e+00 0.000000000000000000e+00 -6.188231858352615187e-32 -7.244678152316339968e-29 -5.488391268580650799e-25 -7.797876013703696073e-17
2.756163879598662270e+00 0.000000000000000000e+00 0.000000000000000000e+00 0.000000000000000000e+00 0.000000000000000000e+00 0.000000000000000000e+00 0.000000000000000000e+00 -4.242694006486994699e-32 -4.920161709944209477e-29 -3.840859181876624421e-25 -6.604483743800633138e-17
2.769538461538461505e+00 0.000000000000000000e+00 0.000000000000000000e+00 0.000000000000000000e+00 0.000000000000000000e+00 0.000000000000000000e+00 0.000000000000000000e+00 -2.926324436754149393e-32 -3.341994019854408774e-29 -2.686805044043563654e-25 -5.576967474540284790e-17
2.782913043478261184e+00 0.000000000000000000e+00 0.000000000000000000e+00 0.000000000000000000e+00 0.000000000000000000e+00 0.000000000000000000e+00 0.000000000000000000e+00 -1.765723228132129031e-32 -2.269944524218842201e-29 -1.878507072415365604e-25 -4.695259639240481774e-17
2.796287625418060419e+00 0.000000000000000000e+00 0.000000000000000000e+00 0.000000000000000000e+00 0.000000000000000000e+00 0.000000000000000000e+00 0.000000000000000000e+00 -1.316616358325095879e-32 -1.541160263675008335e-29 -1.312986989692577329e-25 -3.941514159790778844e-17
2.809662207357859653e+00 0.000000000000000000e+00 0.000000000000000000e+00 0.000000000000000000e+00 0.000000000000000000e+00 0.000000000000000000e+00 0.000000000000000000e+00 -9.341573456300840314e-33 -1.047657321158311155e-29 -9.173331179645950941e-26 -3.299247866523745490e-17
2.823036789297658888e+00 0.000000000000000000e+00 0.000000000000000000e+00 0.000000000000000000e+00 0.000000000000000000e+00 0.000000000000000000e+00 0.000000000000000000e+00 -5.916145431131929148e-33 -7.124406413203257011e-30 -6.406283300801695095e-26 -2.753787113552433979e-17
2.836411371237458123e+00 0.000000000000000000e+00 0.000000000000000000e+00 0.000000000000000000e+00 0.000000000000000000e+00 0.000000000000000000e+00 0.000000000000000000e+00 -2.791226321922263139e-33 -4.851500180124156410e-30 -4.473068551306035577e-26 -2.292207184702729542e-17
2.849785953177257802e+00 0.000000000000000000e+00 0.000000000000000000e+00 0.000000000000000000e+00 0.000000000000000000e+00 0.000000000000000000e+00 0.000000000000000000e+00 -2.657686326741362616e-33 -3.298803028017820334e-30 -3.121954876186665917e-26 -1.902733777603613396e-17
2.863160535117057037e+00 0.000000000000000000e+00 0.000000000000000000e+00 0.000000000000000000e+00 0.000000000000000000e+00 0.000000000000000000e+00 0.000000000000000000e+00 -2.521620898303046708e-33 -2.230864820004652309e-30 -2.178367144175338386e-26 -1.575201626358356310e-17
2.876535117056856272e+00 0.000000000000000000e+00 0.000000000000000000e+00 0.000000000000000000e+00 0.000000000000000000e+00 0.000000000000000000e+00 0.000000000000000000e+00 -1.112753760087878221e-33 -1.522268936311472909e-30 -1.519656845693954218e-26 -1.300628212193988254e-17
2.889909698996655507e+00 0.000000000000000000e+00 0.000000000000000000e+00 0.000000000000000000e+00 0.000000000000000000e+00 0.000000000000000000e+00 0.000000000000000000e+00 0.000000000000000000e+00 -1.041995499023548066e-30 -1.059768596329691631e-26 -1.071099544844956777e-17
2.903284280936454742e+00 0.000000000000000000e+00 0.000000000000000000e+00 0.000000000000000000e+00 0.000000000000000000e+00 0.000000000000000000e+00 0.000000000000000000e+00 0.000000000000000000e+00 -7.082410387276614987e-31 -7.389713091295825639e-27 -8.798564744003694344e-18
2.916658862876254421e+00 0.000000000000000000e+00 0.000000000000000000e+00 0.000000000000000000e+00 0.000000000000000000e+00 0.000000000000000000e+00 0.000000000000000000e+00 0.000000000000000000e+00 -4.791738805016556575e-31 -5.151613194849792069e-27 -7.209431280174005214e-18
2.930033444816053656e+00 0.000000000000000000e+00 0.000000000000000000e+00 0.000000000000000000e+00 0.000000000000000000e+00 0.000000000000000000e+00 0.000000000000000000e+00 0.000000000000000000e+00 -3.185105942385358566e-31 -3.590444809847915060e-27 -5.892653765176100022e-18
2.943408026755852891e+00 0.000000000000000000e+00 0.000000000000000000e+00 0.000000000000000000e+00 0.000000000000000000e+00 0.000000000000000000e+00 0.000000000000000000e+00 0.000000000000000000e+00 -2.265950597100605899e-31 -2.502339741510984490e-27 -4.804980309670987570e-18
2.956782608695652126e+00 0.000000000000000000e+00 0.000000000000000000e+00 0.000000000000000000e+00 0.000000000000000000e+00 0.000000000000000000e+00 0.000000000000000000e+00 0.000000000000000000e+00 -1.484138023632909059e-31 -1.743593893202099655e-27 -3.908662396076380762e-18
2.970157190635451805e+00 0.000000000000000000e+00 0.000000000000000000e+00 0.000000000000000000e+00 0.000000000000000000e+00 0.000000000000000000e+00 0.000000000000000000e+00 0.000000000000000000e+00 -1.054298530461093380e-31 -1.214758396824711753e-27 -3.172159786510465597e-18
2.983531772575251040e+00 0.000000000000000000e+00 0.000000000000000000e+00 0.000000000000000000e+00 0.000000000000000000e+00 0.000000000000000000e+00 0.000000000000000000e+00 0.000000000000000000e+00 -7.508771624187146331e-32 -8.462898117249186213e-28 -2.568610505648164182e-18
2.996906354515050275e+00 0.000000000000000000e+00 0.000000000000000000e+00 0.000000000000000000e+00 0.000000000000000000e+00 0.000000000000000000e+00 0.000000000000000000e+00 0.000000000000000000e+00 -4.169704983972918843e-32 -5.894862805408801092e-28 -2.075163397937606379e-18
3.010280936454849510e+00 0.000000000000000000e+00 0.000000000000000000e+00 0.000000000000000000e+00 0.000000000000000000e+00 0.000000000000000000e+00 0.000000000000000000e+00 0.000000000000000000e+00 -2.842170468576364857e-32 -4.106234248003179982e-28 -1.672888291108158963e-18
3.023655518394648745e+00 0.000000000000000000e+00 0.000000000000000000e+00 0.000000000000000000e+00 0.000000000000000000e+00 0.000000000000000000e+00 0.000000000000000000e+00 0.000000000000000000e+00 -1.963093866733414073e-32 -2.860032029105743734e-28 -1.345672606407481356e-18
3.037030100334448424e+00 0.000000000000000000e+00 0.000000000000000000e+00 0.000000000000000000e+00 0.000000000000000000e+00 0.000000000000000000e+00 0.000000000000000000e+00 0.000000000000000000e+00 -1.329455793891040847e-32 -1.991867353388858898e-28 -1.080139499678220546e-18
3.050404682274247659e+00 0.000000000000000000e+00 0.000000000000000000e+00 0.000000000000000000e+00 0.000000000000000000e+00 0.000000000000000000e+00 0.000000000000000000e+00 0.000000000000000000e+00 -9.133064113178287485e-33 -1.387428627525069903e-28 -8.652536126364740801e-19
3.063779264214046893e+00 0.000000000000000000e+00 0.000000000000000000e+00 0.000000000000000000e+00 0.000000000000000000e+00 0.000000000000000000e+00 0.000000000000000000e+00 0.000000000000000000e+00 -6.460816505445907321e-33 -9.662200588017560460e-29 -6.916822220239279966e-19
3.077153846153846128e+00 0.000000000000000000e+00 0.000000000000000000e+00 0.000000000000000000e+00 0.000000000000000000e+00 0.000000000000000000e+00 0.000000000000000000e+00 0.000000000000000000e+00 -4.071925297171167682e-33 -6.729693399345759564e-29 -5.518293029657254706e-19
3.090528428093645807e+00 0.000000000000000000e+00 0.000000000000000000e+00 0.000000000000000000e+00 0.000000000000000000e+00 0.000000000000000000e+00 0.000000000000000000e+00 0.000000000000000000e+00 -2.881159131415077256e-33 -4.687698126460720028e-29 -4.394039901284103556e-19
3.103903010033445042e+00 0.000000000000000000e+00 0.000000000000000000e+00 0.000000000000000000e+00 0.000000000000000000e+00 0.000000000000000000e+00 0.000000000000000000e+00 0.000000000000000000e+00 -1.814482219835598472e-33 -3.265179802826794310e-29 -3.491987362028102705e-19
3.117277591973244277e+00 0.000000000000000000e+00 0.000000000000000000e+00 0.000000000000000000e+00 0.000000000000000000e+00 0.000000000000000000e+00 0.000000000000000000e+00 0.000000000000000000e+00 -1.713266470936783237e-33 -2.274396680086625910e-29 -2.770022913395198487e-19
3.130652173913043512e+00 0.000000000000000000e+00 0.000000000000000000e+00 0.000000000000000000e+00 0.000000000000000000e+00 0.000000000000000000e+00 0.000000000000000000e+00 0.000000000000000000e+00 -8.084898809460205135e-34 -1.584792862122581187e-29 -2.193254459747842372e-19
3.144026755852842747e+00 0.000000000000000000e+00 0.000000000000000000e+00 0.000000000000000000e+00 0.000000000000000000e+00 0.000000000000000000e+00 0.000000000000000000e+00 0.000000000000000000e+00 -7.644824673585701879e-34 -1.103803861809753452e-29 -1.733387154018741855e-19
3.157401337792642426e+00 0.000000000000000000e+00 0.000000000000000000e+00 0.000000000000000000e+00 0.000000000000000000e+00 0.000000000000000000e+00 0.000000000000000000e+00 0.000000000000000000e+00 -7.215599800501056996e-34 -7.692659869171142267e-30 -1.367612771933075866e-19
3.170775919732441661e+00 0.000000000000000000e+00 0.000000000000000000e+00 0.000000000000000000e+00 0.000000000000000000e+00 0.000000000000000000e+00 0.000000000000000000e+00 0.000000000000000000e+00 0.000000000000000000e+00 -5.362622763837024633e-30 -1.077108868863025347e-19
3.184150501672240896e+00 0.000000000000000000e+00 0.000000000000000000e+00 0.000000000000000000e+00 0.000000000000000000e+00 0.000000000000000000e+00 0.000000000000000000e+00 0.000000000000000000e+00 0.000000000000000000e+00 -3.733586540337813130e-30 -8.468779424160254318e-20
3.197525083612040131e+00 0.000000000000000000e+00 0.000000000000000000e+00 0.000000000000000000e+00 0.000000000000000000e+00 0.000000000000000000e+00 0.000000000000000000e+00 0.000000000000000000e+00 0.000000000000000000e+00 -2.605393207946711061e-30 -6.647723766247492626e-20
3.210899665551839366e+00 0.000000000000000000e+00 0.000000000000000000e+00 0.000000000000000000e+00 0.000000000000000000e+00 0.000000000000000000e+00 0.000000000000000000e+00 0.000000000000000000e+00 0.000000000000000000e+00 -1.815430656128394209e-30 -5.209526641853074008e-20
3.224274247491639045e+00 0.000000000000000000e+00 0.000000000000000000e+00 0.000000000000000000e+00 0.000000000000000000e+00 0.000000000000000000e+00 0.000000000000000000e+00 0.000000000000000000e+00 0.000000000000000000e+00 -1.267332701362384797e-30 -4.076163574554173387e-20
3.237648829431438280e+00 0.000000000000000000e+00 0.000000000000000000e+00 0.000000000000000000e+00 0.000000000000000000e+00 0.000000000000000000e+00 0.000000000000000000e+00 0.000000000000000000e+00 0.000000000000000000e+00 -8.844448986847117175e-31 -3.184359757801704049e-20
3.251023411371237515e+00 0.000000000000000000e+00 0.000000000000000000e+00 0.000000000000000000e+00 0.000000000000000000e+00 0.000000000000000000e+00 0.000000000000000000e+00 0.000000000000000000e+00 0.000000000000000000e+00 -6.147987770792141197e-31 -2.483772027885719568e-20
3.264397993311036750e+00 0.000000000000000000e+00 0.000000000000000000e+00 0.000000000000000000e+00 0.000000000000000000e+00 0.000000000000000000e+00 0.000000000000000000e+00 0.000000000000000000e+00 0.000000000000000000e+00 -4.293380140599201520e-31 -1.934571883946736633e-20
3.277772575250836429e+00 0.000000000000000000e+00 0.000000000000000000e+00 0.000000000000000000e+00 0.000000000000000000e+00 0.000000000000000000e+00 0.000000000000000000e+00 0.000000000000000000e+00 0.000000000000000000e+00 -3.004911873296883493e-31 -1.504531262497702910e-20
3.291147157190635664e+00 0.000000000000000000e+00 0.000000000000000000e+00 0.000000000000000000e+00 0.000000000000000000e+00 0.000000000000000000e+00 0.000000000000000000e+00 0.000000000000000000e+00 0.000000000000000000e+00 -2.094304419404686959e-31 -1.168414738848820383e-20
3.304521739130434899e+00 0.000000000000000000e+00 0.000000000000000000e+00 0.000000000000000000e+00 0.000000000000000000e+00 0.000000000000000000e+00 0.000000000000000000e+00 0.000000000000000000e+00 0.000000000000000000e+00 -1.458267700672922122e-31 -9.061468105620456671e-21
3.317896321070234134e+00 0.000000000000000000e+00 0.000000000000000000e+00 0.000000000000000000e+00 0.000000000000000000e+00 0.000000000000000000e+00 0.000000000000000000e+00 0.000000000000000000e+00 0.000000000000000000e+00 -1.020693330404286587e-31 -7.017502907934100936e-21
3.331270903010033368e+00 0.000000000000000000e+00 0.000000000000000000e+00 0.000000000000000000e+00 0.000000000000000000e+00 0.000000000000000000e+00 0.000000000000000000e+00 0.000000000000000000e+00 0.000000000000000000e+00 -7.018680506686197943e-32 -5.427570139486780856e-21
3.344645484949833047e+00 0.000000000000000000e+00 0.000000000000000000e+00 0.000000000000000000e+00 0.000000000000000000e+00 0.000000000000000000e+00 0.000000000000000000e+00 0.000000000000000000e+00 0.000000000000000000e+00 -4.910775643414039371e-32 -4.192309161980646514e-21
3.358020066889632282e+00 0.000000000000000000e+00 0.000000000000000000e+00 0.000000000000000000e+00 0.000000000000000000e+00 0.000000000000000000e+00 0.000000000000000000e+00 0.000000000000000000e+00 0.000000000000000000e+00 -3.365828582032433468e-32 -3.233880648594414947e-21
3.371394648829431517e+00 0.000000000000000000e+00 0.000000000000000000e+00 0.000000000000000000e+00 0.000000000000000000e+00 0.000000000000000000e+00 0.000000000000000000e+00 0.000000000000000000e+00 0.000000000000000000e+00 -2.491185751098963542e-32 -2.491643926977625183e-21
3.384769230769230752e+00 0.000000000000000000e+00 0.000000000000000000e+00 0.000000000000000000e+00 0.000000000000000000e+00 0.000000000000000000e+00 0.000000000000000000e+00 0.000000000000000000e+00 0.000000000000000000e+00 -1.623203419155320215e-32 -1.917308152516272348e-21
3.398143812709030431e+00 0.000000000000000000e+00 0.000000000000000000e+00 0.000000000000000000e+00 0.000000000000000000e+00 0.000000000000000000e+00 0.000000000000000000e+00 0.000000000000000000e+00 0.000000000000000000e+00 -1.203557706470826788e-32 -1.473593001180617034e-21
3.411518394648829666e+00 0.000000000000000000e+00 0.000000000000000000e+00 0.000000000000000000e+00 0.000000000000000000e+00 0.000000000000000000e+00 0.000000000000000000e+00 0.000000000000000000e+00 0.000000000000000000e+00 -8.963856689761981883e-33 -1.131279913025653240e-21
3.424892976588628901e+00 0.000000000000000000e+00 0.000000000000000000e+00 0.000000000000000000e+00 0.000000000000000000e+00 0.000000000000000000e+00 0.000000000000000000e+00 0.000000000000000000e+00 0.000000000000000000e+00 -6.637760923896490675e-33 -8.674423079968231963e-22
3.438267558528428136e+00 0.000000000000000000e+00 0.000000000000000000e+00 0.000000000000000000e+00 0.000000000000000000e+00 0.000000000000000000e+00 0.000000000000000000e+00 0.000000000000000000e+00 0.000000000000000000e+00 -3.401782447103279065e-33 -6.644267211133255738e-22
3.451642140468227371e+00 0.000000000000000000e+00 0.000000000000000000e+00 0.000000000000000000e+00 0.000000000000000000e+00 0.000000000000000000e+00 0.000000000000000000e+00 0.000000000000000000e+00 0.000000000000000000e+00 -2.323130308569849656e-33 -5.083617953093584090e-22
3.465016722408027050e+00 0.000000000000000000e+00 0.000000000000000000e+00 0.000000000000000000e+00 0.000000000000000000e+00 0.000000000000000000e+00 0.000000000000000000e+00 0.000000000000000000e+00 0.000000000000000000e+00 -1.587694057409071108e-33 -3.885190448983098812e-22
3.478391304347826285e+00 0.000000000000000000e+00 0.000000000000000000e+00 0.000000000000000000e+00 0.000000000000000000e+00 0.000000000000000000e+00 0.000000000000000000e+00 0.000000000000000000e+00 0.000000000000000000e+00 -1.160932994755900081e-33 -2.966452456452224365e-22
3.491765886287625520e+00 0.000000000000000000e+00 0.000000000000000000e+00 0.000000000000000000e+00 0.000000000000000000e+00 0.000000000000000000e+00 0.000000000000000000e+00 0.000000000000000000e+00 0.000000000000000000e+00 -7.777079526694029416e-34 -2.262530616091846178e-22
3.505140468227424755e+00 0.000000000000000000e+00 0.000000000000000000e+00 0.000000000000000000e+00 0.000000000000000000e+00 0.000000000000000000e+00 0.000000000000000000e+00 0.000000000000000000e+00 0.000000000000000000e+00 -5.848474015651643352e-34 -1.723926283117644885e-22
3.518515050167224434e+00 0.000000000000000000e+00 0.000000000000000000e+00 0.000000000000000000e+00 0.000000000000000000e+00 0.000000000000000000e+00 0.000000000000000000e+00 0.000000000000000000e+00 0.000000000000000000e+00 -4.121064959722587077e-34 -1.312315506559966536e-22
3.531889632107023669e+00 0.000000000000000000e+00 0.000000000000000000e+00 0.000000000000000000e+00 0.000000000000000000e+00 0.000000000000000000e+00 0.000000000000000000e+00 0.000000000000000000e+00 0.000000000000000000e+00 -2.574641569829565108e-34 -9.979746260694420506e-23
3.545264214046822904e+00 0.000000000000000000e+00 0.000000000000000000e+00 0.000000000000000000e+00 0.000000000000000000e+00 0.000000000000000000e+00 0.000000000000000000e+00 0.000000000000000000e+00 0.000000000000000000e+00 -2.421448701970059739e-34 -7.582654803719235736e-23
3.558638795986622139e+00 0.000000000000000000e+00 0.000000000000000000e+00 0.000000000000000000e+00 0.000000000000000000e+00 0.000000000000000000e+00 0.000000000000000000e+00 0.000000000000000000e+00 0.000000000000000000e+00 -1.135252540974686441e-34 -5.756056078425201027e-23
3.572013377926421374e+00 0.000000000000000000e+00 0.000000000000000000e+00 0.000000000000000000e+00 0.000000000000000000e+00 0.000000000000000000e+00 0.000000000000000000e+00 0.000000000000000000e+00 0.000000000000000000e+00 -1.066671749576808218e-34 -4.365373561103190343e-23
3.585387959866221053e+00 0.000000000000000000e+00 0.000000000000000000e+00 0.000000000000000000e+00 0.000000000000000000e+00 0.000000000000000000e+00 0.000000000000000000e+00 0.000000000000000000e+00 0.000000000000000000e+00 -1.001262447688927236e-34 -3.308156965201827730e-23
3.598762541806020288e+00 0.000000000000000000e+00 0.000000000000000000e+00 0.000000000000000000e+00 0.000000000000000000e+00 0.000000000000000000e+00 0.000000000000000000e+00 0.000000000000000000e+00 0.000000000000000000e+00 -9.393890488303048151e-35 -2.504722561326606484e-23
3.612137123745819522e+00 0.000000000000000000e+00 0.000000000000000000e+00 0.000000000000000000e+00 0.000000000000000000e+00 0.000000000000000000e+00 0.000000000000000000e+00 0.000000000000000000e+00 0.000000000000000000e+00 0.000000000000000000e+00 -1.894859281059093745e-23
3.625511705685618757e+00 0.000000000000000000e+00 0.000000000000000000e+00 0.000000000000000000e+00 0.000000000000000000e+00 0.000000000000000000e+00 0.000000000000000000e+00 0.000000000000000000e+00 0.000000000000000000e+00 0.000000000000000000e+00 -1.432408173016178035e-23
3.638886287625418436e+00 0.000000000000000000e+00 0.000000000000000000e+00 0.000000000000000000e+00 0.000000000000000000e+00 0.000000000000000000e+00 0.000000000000000000e+00 0.000000000000000000e+00 0.000000000000000000e+00 0.000000000000000000e+00 -1.081911642388260444e-23
3.652260869565217671e+00 0.000000000000000000e+00 0.000000000000000000e+00 0.000000000000000000e+00 0.000000000000000000e+00 0.000000000000000000e+00 0.000000000000000000e+00 0.000000000000000000e+00 0.000000000000000000e+00 0.000000000000000000e+00 -8.166038449043632188e-24
3.665635451505016906e+00 0.000000000000000000e+00 0.000000000000000000e+00 0.000000000000000000e+00 0.000000000000000000e+00 0.000000000000000000e+00 0.000000000000000000e+00 0.000000000000000000e+00 0.000000000000000000e+00 0.000000000000000000e+00 -6.158937596946999813e-24
3.679010033444816141e+00 0.000000000000000000e+00 0.000000000000000000e+00 0.000000000000000000e+00 0.000000000000000000e+00 0.000000000000000000e+00 0.000000000000000000e+00 0.000000000000000000e+00 0.000000000000000000e+00 0.000000000000000000e+00 -4.641544326682618340e-24
3.692384615384615376e+00 0.000000000000000000e+00 0.000000000000000000e+00 0.000000000000000000e+00 0.000000000000000000e+00 0.000000000000000000e+00 0.000000000000000000e+00 0.000000000000000000e+00 0.000000000000000000e+00 0.000000000000000000e+00 -3.495913385837988584e-24
3.705759197324415055e+00 0.000000000000000000e+00 0.000000000000000000e+00 0.000000000000000000e+00 0.000000000000000000e+00 0.000000000000000000e+00 0.000000000000000000e+00 0.000000000000000000e+00 0.000000000000000000e+00 0.000000000000000000e+00 -2.631093187159398918e-24
3.719133779264214290e+00 0.000000000000000000e+00 0.000000000000000000e+00 0.000000000000000000e+00 0.000000000000000000e+00 0.000000000000000000e+00 0.000000000000000000e+00 0.000000000000000000e+00 0.000000000000000000e+00 0.000000000000000000e+00 -1.978899148901388512e-24
3.732508361204013525e+00 0.000000000000000000e+00 0.000000000000000000e+00 0.000000000000000000e+00 0.000000000000000000e+00 0.000000000000000000e+00 0.000000000000000000e+00 0.000000000000000000e+00 0.000000000000000000e+00 0.000000000000000000e+00 -1.487488619780563955e-24
3.745882943143812760e+00 0.000000000000000000e+00 0.000000000000000000e+00 0.000000000000000000e+00 0.000000000000000000e+00 0.000000000000000000e+00 0.000000000000000000e+00 0.000000000000000000e+00 0.000000000000000000e+00 0.000000000000000000e+00 -1.117340461178344619e-24
3.759257525083611995e+00 0.000000000000000000e+00 0.000000000000000000e+00 0.000000000000000000e+00 0.000000000000000000e+00 0.000000000000000000e+00 0.000000000000000000e+00 0.000000000000000000e+00 0.000000000000000000e+00 0.000000000000000000e+00 -8.388414928492165224e-25
3.772632107023411674e+00 0.000000000000000000e+00 0.000000000000000000e+00 0.000000000000000000e+00 0.000000000000000000e+00 0.000000000000000000e+00 0.000000000000000000e+00 0.000000000000000000e+00 0.000000000000000000e+00 0.000000000000000000e+00 -6.293863329068146383e-25
3.786006688963210909e+00 0.000000000000000000e+00 0.000000000000000000e+00 0.000000000000000000e+00 0.000000000000000000e+00 0.000000000000000000e+00 0.000000000000000000e+00 0.000000000000000000e+00 0.000000000000000000e+00 0.000000000000000000e+00 -4.719360572978216201e-25
3.799381270903010144e+00 0.000000000000000000e+00 0.000000000000000000e+00 0.000000000000000000e+00 0.000000000000000000e+00 0.000000000000000000e+00 0.000000000000000000e+00 0.000000000000000000e+00 0.000000000000000000e+00 0.000000000000000000e+00 -3.537212378297146975e-25
3.812755852842809379e+00 0.000000000000000000e+00 0.000000000000000000e+00 0.000000000000000000e+00 0.000000000000000000e+00 0.000000000000000000e+00 0.000000000000000000e+00 0.000000000000000000e+00 0.000000000000000000e+00 0.000000000000000000e+00 -2.649626241142466646e-25
3.826130434782609058e+00 0.000000000000000000e+00 0.000000000000000000e+00 0.000000000000000000e+00 0.000000000000000000e+00 0.000000000000000000e+00 0.000000000000000000e+00 0.000000000000000000e+00 0.000000000000000000e+00 0.000000000000000000e+00 -1.983762305181438017e-25
3.839505016722408293e+00 0.000000000000000000e+00 0.000000000000000000e+00 0.000000000000000000e+00 0.000000000000000000e+00 0.000000000000000000e+00 0.000000000000000000e+00 0.000000000000000000e+00 0.000000000000000000e+00 0.000000000000000000e+00 -1.484602314859456401e-25
3.852879598662207528e+00 0.000000000000000000e+00 0.000000000000000000e+00 0.000000000000000000e+00 0.000000000000000000e+00 0.000000000000000000e+00 0.000000000000000000e+00 0.000000000000000000e+00 0.000000000000000000e+00 0.000000000000000000e+00 -1.110465505225361118e-25
3.866254180602006763e+00 0.000000000000000000e+00 0.000000000000000000e+00 0.000000000000000000e+00 0.000000000000000000e+00 0.000000000000000000e+00 0.000000000000000000e+00 0.000000000000000000e+00 0.000000000000000000e+00 0.000000000000000000e+00 -8.303054558519776363e-26
3.879628762541805997e+00 0.000000000000000000e+00 0.000000000000000000e+00 0.000000000000000000e+00 0.000000000000000000e+00 0.000000000000000000e+00 0.000000000000000000e+00 0.000000000000000000e+00 0.000000000000000000e+00 0.000000000000000000e+00 -6.205708810852632643e-26
3.893003344481605676e+00 0.000000000000000000e+00 0.000000000000000000e+00 0.000000000000000000e+00 0.000000000000000000e+00 0.000000000000000000e+00 0.000000000000000000e+00 0.000000000000000000e+00 0.000000000000000000e+00 0.000000000000000000e+00 -4.636075025096702390e-26
3.906377926421404911e+00 0.000000000000000000e+00 0.000000000000000000e+00 0.000000000000000000e+00 0.000000000000000000e+00 0.000000000000000000e+00 0.000000000000000000e+00 0.000000000000000000e+00 0.000000000000000000e+00 0.000000000000000000e+00 -3.462601902735136578e-26
3.919752508361204146e+00 0.000000000000000000e+00 0.000000000000000000e+00 0.000000000000000000e+00 0.000000000000000000e+00 0.000000000000000000e+00 0.000000000000000000e+00 0.000000000000000000e+00 0.000000000000000000e+00 0.000000000000000000e+00 -2.585095650957739068e-26
3.933127090301003381e+00 0.000000000000000000e+00 0.000000000000000000e+00 0.000000000000000000e+00 0.000000000000000000e+00 0.000000000000000000e+00 0.000000000000000000e+00 0.000000000000000000e+00 0.000000000000000000e+00 0.000000000000000000e+00 -1.929315469205640944e-26
3.946501672240803060e+00 0.000000000000000000e+00 0.000000000000000000e+00 0.000000000000000000e+00 0.000000000000000000e+00 0.000000000000000000e+00 0.000000000000000000e+00 0.000000000000000000e+00 0.000000000000000000e+00 0.000000000000000000e+00 -1.439484579320483825e-26
3.959876254180602295e+00 0.000000000000000000e+00 0.000000000000000000e+00 0.000000000000000000e+00 0.000000000000000000e+00 0.000000000000000000e+00 0.000000000000000000e+00 0.000000000000000000e+00 0.000000000000000000e+00 0.000000000000000000e+00 -1.073553658532946482e-26
3.973250836120401530e+00 0.000000000000000000e+00 0.000000000000000000e+00 0.000000000000000000e+00 0.000000000000000000e+00 0.000000000000000000e+00 0.000000000000000000e+00 0.000000000000000000e+00 0.000000000000000000e+00 0.000000000000000000e+00 -8.003515579023482165e-27
3.986625418060200765e+00 0.000000000000000000e+00 0.000000000000000000e+00 0.000000000000000000e+00 0.000000000000000000e+00 0.000000000000000000e+00 0.000000000000000000e+00 0.000000000000000000e+00 0.000000000000000000e+00 0.000000000000000000e+00 -5.963510975179936365e-27
4.000000000000000000e+00 0.000000000000000000e+00 0.000000000000000000e+00 0.000000000000000000e+00 0.000000000000000000e+00 0.000000000000000000e+00 0.000000000000000000e+00 0.000000000000000000e+00 0.000000000000000000e+00 0.000000000000000000e+00 -4.439921620943719050e-27
