1.000000000000000021e-03 1.069158056466516037e-07 1.071132146396438219e-07 1.071542015191196223e-07 1.071785901733434577e-07 1.071964208568239507e-07 1.072104105115703893e-07 1.072221258818044925e-07 1.072330800340456725e-07 1.072442452583148264e-07 1.072595666501332792e-07
1.437458193979933296e-02 1.465497029897316115e-06 1.508323332927945941e-06 1.516867898214641380e-06 1.522009845498949233e-06 1.525648695590899697e-06 1.528546923312826123e-06 1.531011199386543807e-06 1.533288677791405864e-06 1.535673221153944980e-06 1.538749628889736548e-06
2.774916387959866504e-02 2.684179035647733227e-06 2.849636388163681989e-06 2.881690920649331189e-06 2.900972389167331306e-06 2.914589400716368899e-06 2.925498715403619546e-06 2.934751111391949301e-06 2.943278226002373650e-06 2.952236843674058450e-06 2.963766327824486875e-06
4.112374581939799711e-02 3.754029103515102528e-06 4.128946138908997481e-06 4.199808701293279352e-06 4.242438362001275907e-06 4.272506659444831083e-06 4.296633271195754993e-06 4.317064809274438953e-06 4.335922013226073498e-06 4.355736982747095100e-06 4.381208199628846014e-06
5.449832775919732919e-02 4.668537517113424382e-06 5.344233810712846036e-06 5.469471478515690580e-06 5.544774626469603442e-06 5.597960441977536570e-06 5.640608825913776578e-06 5.676680753144728456e-06 5.709942752405857775e-06 5.745010345301430854e-06 5.790034954621980526e-06
6.787290969899666127e-02 5.426159477815839364e-06 6.493703653436332707e-06 6.689014501896034454e-06 6.806553114695589537e-06 6.889521185201600556e-06 6.955937919505631008e-06 7.012356881192921655e-06 7.064414743025810238e-06 7.118921401694720922e-06 7.189218530176870444e-06
8.124749163879599334e-02 6.026894839071327237e-06 7.575347120498150197e-06 7.856940047226734000e-06 8.026350839446676051e-06 8.145764594755363760e-06 8.241668632117945886e-06 8.322889818655142383e-06 8.397821718445631331e-06 8.476489091181694914e-06 8.577776337196906664e-06
9.462207357859532542e-02 6.472168123753938242e-06 8.587568302382950534e-06 8.971559934192012555e-06 9.202417710033047258e-06 9.365676688084697467e-06 9.496368171446316155e-06 9.607111700323623738e-06 9.709339318113720157e-06 9.816633939040571752e-06 9.954787286055404220e-06
1.079966555183946575e-01 6.766314816788934406e-06 9.528945691538702139e-06 1.003191184668672563e-05 1.033410891816832772e-05 1.054804142495814417e-05 1.071892536533015522e-05 1.086397282596561468e-05 1.099781435114597685e-05 1.113843021251038040e-05 1.131929683885197534e-05
1.213712374581939896e-01 6.913676690918062923e-06 1.039735478282064560e-05 1.103568129936572097e-05 1.141970827603378059e-05 1.169095292144638654e-05 1.190823448417561695e-05 1.209241895044593486e-05 1.226242337546807156e-05 1.244089137872144298e-05 1.267043777412066564e-05
1.347458193979933216e-01 6.919338343998190890e-06 1.119150635657834742e-05 1.198234224411671517e-05 1.245820758415104036e-05 1.279412556800621853e-05 1.306318397712223991e-05 1.329141850104937229e-05 1.350191651561801233e-05 1.372297884719171042e-05 1.400751454911768790e-05
1.481204013377926398e-01 6.790149467938816150e-06 1.191033336064737968e-05 1.287067860300098834e-05 1.344821568608909663e-05 1.385625874286633286e-05 1.418308798707673731e-05 1.446010436546306138e-05 1.471568862436015482e-05 1.498409243940901657e-05 1.532951067007601813e-05
1.614949832775919858e-01 6.532931121291392335e-06 1.255236812226536829e-05 1.369927345963094535e-05 1.438910341512813598e-05 1.487635205179479326e-05 1.526665713821486180e-05 1.559748874649962810e-05 1.590270594189974261e-05 1.622327153596474759e-05 1.663581076407267512e-05
1.748695652173913317e-01 6.155118153138035710e-06 1.311634183791689637e-05 1.446710399481080517e-05 1.527960859045828234e-05 1.585335486504627910e-05 1.631311298240919951e-05 1.670272169906881997e-05 1.706222010012937957e-05 1.743990257331409549e-05 1.792564584953829424e-05
1.882441471571906499e-01 5.665320290181082419e-06 1.360100424584693039e-05 1.517330720439686494e-05 1.611879830070322869e-05 1.678706549701562125e-05 1.732153726214245479e-05 1.777496178456152814e-05 1.819351129142774480e-05 1.863281546321407869e-05 1.919830431214037880e-05
2.016187290969899681e-01 5.072234822873095952e-06 1.400514920140266086e-05 1.581652080856549972e-05 1.690536619374956363e-05 1.767502570148755484e-05 1.829128695882891324e-05 1.881476835404595919e-05 1.929553175029494739e-05 1.980176995349778817e-05 2.045310273650971104e-05
2.149933110367893141e-01 4.385184661627517698e-06 1.432734616380295492e-05 1.639608514610115154e-05 1.764014742934033941e-05 1.851786580133978400e-05 1.922159238250353527e-05 1.981781663881961684e-05 2.036808408280841283e-05 2.094585636402947353e-05 2.168953432050206397e-05
2.283678929765886600e-01 3.614890970498725340e-06 1.456602336490957152e-05 1.691139136664883720e-05 1.831996823607722686e-05 1.931458836495553305e-05 2.011157426625223487e-05 2.078690366614207235e-05 2.141014478602409538e-05 2.206455323197509068e-05 2.290682170118661624e-05
2.417424749163879782e-01 2.772950482848966842e-06 1.471823856842038171e-05 1.736139572868950100e-05 1.894546238006578697e-05 2.006428819946177904e-05 2.096050348425960018e-05 2.172043349588866936e-05 2.242106686298518128e-05 2.315715200762155960e-05 2.410449346771754650e-05
2.551170568561872964e-01 1.873058923793889335e-06 1.477965393741402400e-05 1.774539191490183139e-05 1.951599601209603357e-05 2.076642038835868010e-05 2.176804686303139872e-05 2.261705968365810502e-05 2.340052165362892315e-05 2.422316546492365861e-05 2.528199046181737447e-05
2.684916387959866424e-01 9.314941005116770211e-07 1.474375298269828051e-05 1.806265969887754392e-05 2.003036221558183154e-05 2.142005385984645837e-05 2.253344634795296860e-05 2.347711753756566772e-05 2.434774648402443807e-05 2.526198454059863202e-05 2.643881334156613144e-05
2.818662207357859883e-01 -3.185108818535631255e-08 1.460024212115302095e-05 1.831263888032013464e-05 2.048841727225257271e-05 2.202503657238141145e-05 2.325616685282613731e-05 2.429965831432294467e-05 2.526234214456376896e-05 2.627323247570335460e-05 2.757439938897500068e-05
2.952408026755852788e-01 -9.929955504563913200e-07 1.433483273755114488e-05 1.849469143774606778e-05 2.088949612528218636e-05 2.258068698202258620e-05 2.393569189756537835e-05 2.508410170703286705e-05 2.614367358053508550e-05 2.725632225829658042e-05 2.868840488285178414e-05
3.086153846153846247e-01 -1.924915276598670946e-06 1.393030944388623269e-05 1.860821891543314988e-05 2.123305481101790514e-05 2.308638027695098313e-05 2.457150718882213563e-05 2.583016108100453099e-05 2.699145746091556987e-05 2.821081675031469153e-05 2.978029931760040161e-05
3.219899665551839707e-01 -2.796038139145815413e-06 1.336487536036598273e-05 1.865235913351658952e-05 2.151863757911948771e-05 2.354217683460382705e-05 2.516311363717937778e-05 2.653735674448669753e-05 2.780504942264498816e-05 2.913624261193222277e-05 3.084971020757491502e-05
3.353645484949833167e-01 -3.574599510418844838e-06 1.261722736712575553e-05 1.862623221674143890e-05 2.174557177496216770e-05 2.394714215022382891e-05 2.571058632155093796e-05 2.720521267486800636e-05 2.858434611023110853e-05 3.003235060633869670e-05 3.189629414254158271e-05
3.487391304347826626e-01 -4.232161943448168117e-06 1.167073340389411534e-05 1.852754702858230040e-05 2.191433916064396711e-05 2.430117049408351179e-05 2.621280716873933075e-05 2.783364488863163754e-05 2.932863876707787155e-05 3.089879594676990044e-05 3.291964587296028575e-05
3.621137123745819530e-01 -4.741833464462003443e-06 1.051222585279673622e-05 1.835433202411495242e-05 2.202306871824443203e-05 2.460375107506947311e-05 2.667000604735578608e-05 2.842160305545628446e-05 3.003799828370655426e-05 3.173499479265916187e-05 3.391946069813170069e-05
3.754882943143812990e-01 -5.087688536608979772e-06 9.142767756994559276e-06 1.810065992978639131e-05 2.207283459621067187e-05 2.485425248849267821e-05 2.708226938432048317e-05 2.896980790481663452e-05 3.071173860493599944e-05 3.254094649018741058e-05 3.489536494080909600e-05
3.888628762541806450e-01 -5.265123845678136051e-06 7.578901128640583323e-06 1.776012550733501328e-05 2.206322646880546886e-05 2.505244194524586493e-05 2.744750764281716972e-05 2.947800112723785452e-05 3.134946474209597019e-05 3.331584350825928892e-05 3.584712543535558131e-05
4.022374581939799354e-01 -5.276527989810074357e-06 5.849588595482151585e-06 1.732199588325871088e-05 2.199371793564910290e-05 2.519929079776585230e-05 2.776699651618022059e-05 2.994361609802976523e-05 3.195198133267664514e-05 3.406041385014256675e-05 3.677430456208481831e-05
4.156120401337792813e-01 -5.138826728837977537e-06 4.003338538215889319e-06 1.677140644467113145e-05 2.186332781589360891e-05 2.529359584758685347e-05 2.804075569653780611e-05 3.036927892970792391e-05 3.251759565654633845e-05 3.477343607088761133e-05 3.767697562384689789e-05
4.289866220735786273e-01 -4.876239405315237400e-06 2.100207259182732953e-06 1.609157867034954184e-05 2.167145582759264429e-05 2.533511773220657636e-05 2.826774345173877935e-05 3.075328668730731844e-05 3.304749228700172841e-05 3.545507079380389592e-05 3.855450847864773411e-05
4.423612040133779733e-01 -4.516607868075434469e-06 2.101636326252105994e-07 1.526092151971479384e-05 2.141721470603066290e-05 2.532377209653638203e-05 2.844835954714204502e-05 3.109628059582936291e-05 3.353906321415753311e-05 3.610495109512623847e-05 3.940727237546441788e-05
4.557357859531773192e-01 -4.091721849763301297e-06 -1.594862378910149050e-06 1.425862460427798356e-05 2.109842652825646037e-05 2.525893836444974606e-05 2.858217048310294445e-05 3.139740738363376918e-05 3.399499789100883187e-05 3.672323138305354624e-05 4.023445144516476726e-05
4.691103678929766096e-01 -3.631010231013146373e-06 -3.246960795276425580e-06 1.307010773869415147e-05 2.071169162779452417e-05 2.514222168492209522e-05 2.866830698344446704e-05 3.165663299800439856e-05 3.441414821266842219e-05 3.730947432037016271e-05 4.103615997203758823e-05
4.824849498327759556e-01 -3.161597770312232542e-06 -4.681244800997610898e-06 1.168128420631632018e-05 2.025094325025470908e-05 2.497160651760229098e-05 2.870789802757728660e-05 3.187437946303539566e-05 3.479581870272008059e-05 3.786365997569000392e-05 4.181221212453074875e-05
4.958595317725753016e-01 -2.704292944897867116e-06 -5.855528050785422303e-06 1.009574583794003706e-05 1.970797863322556648e-05 2.474778135066724082e-05 2.870078970905095959e-05 3.204985135442985642e-05 3.514031733774519180e-05 3.838563403653892127e-05 4.256238382360618208e-05
5.092341137123745920e-01 -2.274451318259247355e-06 -6.742670894400288632e-06 8.328588818819910173e-06 1.907277707523263136e-05 2.447027957477047384e-05 2.864609244622376490e-05 3.218364252778800773e-05 3.544763305626651438e-05 3.887517160094215176e-05 4.328663984302042334e-05
5.226086956521739380e-01 -1.884439692657389787e-06 -7.326312250704868445e-06 6.408090186755388512e-06 1.832816052536867106e-05 2.413791035635962440e-05 2.854409930595455905e-05 3.227518517771668524e-05 3.571736172196543371e-05 3.933216915904327464e-05 4.398486586797491248e-05
5.359832775919732839e-01 -1.538344738713700463e-06 -7.621043359681307368e-06 4.383512264763110679e-06 1.745803285056823112e-05 2.375024209470114642e-05 2.839461362532101594e-05 3.232418101588842649e-05 3.594964990385052098e-05 3.975682618906998807e-05 4.465685173164508638e-05
5.493578595317726299e-01 -1.237901716463894235e-06 -7.651435119659121380e-06 2.314185134802007511e-06 1.644373777210637888e-05 2.330493834230420322e-05 2.819826741078134048e-05 3.233139651309044078e-05 3.614451861678125903e-05 4.014869787196568982e-05 4.530265343451529188e-05
5.627324414715719758e-01 -9.839836191712183924e-07 -7.449771747952149228e-06 2.708378048854572569e-07 1.526414231365988501e-05 2.279849457157830944e-05 2.795467933201326388e-05 3.229630337765724180e-05 3.630200122204166584e-05 4.050814517942050001e-05 4.592204879041888093e-05
5.761070234113713218e-01 -7.719007121575043062e-07 -7.064942316015452934e-06 -1.674929806240380077e-06 1.390710536489405321e-05 2.222612045419150947e-05 2.766365736298516121e-05 3.221890549313835805e-05 3.642176748659254443e-05 4.083493546595016126e-05 4.651506518456972823e-05
5.894816053511705567e-01 -5.976915933272007894e-07 -6.543569345132755039e-06 -3.454696303828064460e-06 1.236556670091889241e-05 2.158008768964469963e-05 2.732518161557575840e-05 3.209981396093498836e-05 3.650418123981985215e-05 4.112882739789775090e-05 4.708163643379162546e-05
6.028561872909699026e-01 -4.578735085128418978e-07 -5.931981969819092976e-06 -5.001914409968148904e-06 1.063888517452948168e-05 2.084929509253026888e-05 2.693898380897941704e-05 3.193831079721609986e-05 3.654878255633154695e-05 4.139025890934325318e-05 4.762168931523797009e-05
6.162307692307692486e-01 -3.464041675753468711e-07 -5.273398062796978537e-06 -6.276551302468898728e-06 8.747092293235753373e-06 2.002160598664758399e-05 2.650441975488267626e-05 3.173473827971870243e-05 3.655606433932926123e-05 4.161882959943916696e-05 4.813521397126230441e-05
6.296053511705685946e-01 -2.588583946627301989e-07 -4.603574215031168714e-06 -7.249710258248675282e-06 6.720325518754777804e-06 1.908146375470470154e-05 2.602058160535645055e-05 3.148909386522847937e-05 3.652599118552896475e-05 4.181470579502312359e-05 4.862220706945114777e-05
6.429799331103679405e-01 -1.915414357847204365e-07 -3.953258478337804636e-06 -7.905511836731819635e-06 4.602611237424063431e-06 1.800983855786683142e-05 2.548531166494374858e-05 3.120159673153944106e-05 3.645836062303092409e-05 4.197782827088929490e-05 4.908274618661611293e-05
6.563545150501672865e-01 -1.400062747200127115e-07 -3.341682727114352666e-06 -8.259645783377334791e-06 2.452754267287863151e-06 1.679197883411872479e-05 2.489595510665362541e-05 3.087198024179059344e-05 3.635355744668165861e-05 4.210870249068766121e-05 4.951653401643489117e-05
6.697290969899666324e-01 -1.011406080895248838e-07 -2.783258628653300368e-06 -8.334800889798887129e-06 3.353892531611447138e-07 1.541354548947032187e-05 2.424776574120058448e-05 3.050083290305355014e-05 3.621094128401489197e-05 4.220670088268538083e-05 4.992387340034640675e-05
6.831036789297659784e-01 -7.239586305349542579e-08 -2.287687998763783171e-06 -8.164292361749705097e-06 -1.678492064358490720e-06 1.386322610822123647e-05 2.353408314857393172e-05 3.008758683593748117e-05 3.603142514029445027e-05 4.227219018475367201e-05 5.030464187247460329e-05
6.964782608695653243e-01 -5.120788459730308411e-08 -1.855337720358079662e-06 -7.796442549229392284e-06 -3.525838371444171947e-06 1.214364050917084524e-05 2.274654618181592264e-05 2.963228273411597265e-05 3.581475423602187730e-05 4.230514830745196075e-05 5.065893011406433574e-05
7.098528428093645593e-01 -3.582323011581813990e-08 -1.485894039590645087e-06 -7.277522571080195408e-06 -5.148436982529569466e-06 1.026410204188924632e-05 2.187386115763238499e-05 2.913453282476622088e-05 3.556111150013121781e-05 4.230569330413204307e-05 5.098671849682514249e-05
7.232274247491639052e-01 -2.485054437925342913e-08 -1.176862363513941119e-06 -6.654614339782593453e-06 -6.497441732638383337e-06 8.245752706071777643e-06 2.090193171770499432e-05 2.859379245378819992e-05 3.527047641740175112e-05 4.227387968710780521e-05 5.128806283005315250e-05
7.366020066889632512e-01 -1.704268694816875889e-08 -9.210474293059480324e-07 -5.971885813851156774e-06 -7.549558590765689436e-06 6.126036282657353036e-06 1.981729765567126985e-05 2.800868071185046008e-05 3.494299086591237652e-05 4.220984672693796255e-05 5.156299256414186499e-05
7.499765886287625971e-01 -1.157205464368741851e-08 -7.129011180097692712e-07 -5.267101508672309432e-06 -8.290988549674644563e-06 3.950855462061658233e-06 1.860455053899555983e-05 2.737719667996585783e-05 3.457878110962594125e-05 4.211361122706487386e-05 5.181176085400201055e-05
7.633511705685619431e-01 -7.797947586578320825e-09 -5.464205628842710757e-07 -4.572272861458650509e-06 -8.724429678519277930e-06 1.776722676934797376e-06 1.724903996653868486e-05 2.669604212189958254e-05 3.417795733082836814e-05 4.198525219782476984e-05 5.203395690662062056e-05
7.767257525083612890e-01 -5.198396720702917433e-09 -4.142136290050610054e-07 -3.909483807541675695e-06 -8.875207406551469412e-06 -3.359268175152812824e-07 1.574302650613515860e-05 2.596087044336009271e-05 3.374052878148641041e-05 4.182495043213555911e-05 5.223003292566115284e-05
7.901003344481606350e-01 -3.435330148865413028e-09 -3.108752255148830904e-07 -3.296191961408394656e-06 -8.773181957653868572e-06 -2.324714060487139368e-06 1.408134225330201471e-05 2.516513736370845153e-05 3.326658229472251365e-05 4.163281034875688450e-05 5.239997073435203673e-05
8.034749163879598699e-01 -2.254926743696597513e-09 -2.312454176902708732e-07 -2.743431849487991437e-06 -8.458367695876355116e-06 -4.130018252822695982e-06 1.226707964713017224e-05 2.430043188040454115e-05 3.275603462969370094e-05 4.140879272160988576e-05 5.254384208992598961e-05
8.168494983277592159e-01 -1.465338515914121152e-09 -1.702189857121314052e-07 -2.254244056285579795e-06 -7.977870497184055506e-06 -5.705954175770619122e-06 1.031580065072786474e-05 2.335692903741979051e-05 3.220858609723384303e-05 4.115323481299691774e-05 5.266169470571472374e-05
8.302240802675585618e-01 -9.453156495128144604e-10 -1.241721470870568409e-07 -1.830642346677153263e-06 -7.376186317313798619e-06 -7.012450251432336886e-06 8.250009572861899426e-06 2.232228782710936267e-05 3.162392903368807908e-05 4.086607928930030927e-05 5.275360502235761377e-05
8.435986622073579078e-01 -6.062233618934653057e-10 -8.983141306603079235e-08 -1.470463101028888931e-06 -6.697208945410829361e-06 -8.025228348204713219e-06 6.104098088878542975e-06 2.118303910092797060e-05 3.100106561538314588e-05 4.054756774058477950e-05 5.281970850393160683e-05
8.569732441471572537e-01 -3.851715535607790679e-10 -6.434187370697878632e-08 -1.167853303335854264e-06 -5.979570674061434054e-06 -8.740765935776203220e-06 3.921984335861467580e-06 1.992761848897916559e-05 3.033865452414606019e-05 4.019767875755932851e-05 5.286008147860355306e-05
8.703478260869565997e-01 -2.433123576910854084e-10 -4.571457543387475640e-08 -9.182136583587631831e-07 -5.256710419145090600e-06 -9.161722083912136373e-06 1.753673647746151800e-06 1.854279085061100150e-05 2.963438047718643681e-05 3.981677323225257250e-05 5.287478761485493663e-05
8.837224080267559456e-01 -1.528929156872007770e-10 -3.222980091112112154e-08 -7.150255185978472477e-07 -4.555125625386129192e-06 -9.308306241090174676e-06 -3.463074565613493989e-07 1.701985496912769859e-05 2.888506974330668251e-05 3.940481944592920719e-05 5.286385626076100386e-05
8.970969899665552916e-01 -9.526048880864823819e-11 -2.250714200445297122e-08 -5.510912051030897037e-07 -3.893068006308275344e-06 -9.213057525177146685e-06 -2.325456723121608352e-06 1.535618519477268792e-05 2.808651383105057234e-05 3.896194166129460300e-05 5.282768044355150760e-05
9.104715719063546375e-01 -5.910047612902187250e-11 -1.560802708374208293e-08 -4.210299157563229331e-07 -3.285424129837884664e-06 -8.910527850958810465e-06 -4.130867210782232361e-06 1.355225738146880067e-05 2.723266261307100928e-05 3.848825123464302882e-05 5.276604430007276808e-05
9.238461538461538725e-01 -3.649370282457585901e-11 -1.074558523910348366e-08 -3.188672351207737407e-07 -2.739546406519846754e-06 -8.442959165344644459e-06 -5.719332954718333415e-06 1.161868527654688914e-05 2.631624572489831484e-05 3.798385383425569793e-05 5.267920252067183795e-05
9.372207357859532184e-01 -2.235890581288989984e-11 -7.331677517403586116e-09 -2.391863665165196980e-07 -2.257455632493809174e-06 -7.853339925332462692e-06 -7.059825773133051029e-06 9.575067487812155022e-06 2.532916090543332983e-05 3.744887149551979734e-05 5.256720689311991185e-05
9.505953177257525644e-01 -1.366193345182551744e-11 -4.973503474463199188e-09 -1.780494886856768816e-07 -1.840645779293052379e-06 -7.181478011014371337e-06 -8.125964619080038135e-06 7.447266298639475332e-06 2.426089340392428064e-05 3.688305582343211181e-05 5.243028012112037556e-05
9.639698996655519103e-01 -8.311700325246412582e-12 -3.350959160892491648e-09 -1.314673515252784805e-07 -1.485323064397014519e-06 -6.464786323613590631e-06 -8.910136819001316587e-06 5.271422164929035456e-06 2.310139525122768356e-05 3.628635673725457539e-05 5.226840288089033951e-05
9.773444816053512563e-01 -5.020723174123006648e-12 -2.238694923999861472e-09 -9.619753422735410114e-08 -1.186074151506632748e-06 -5.734488812218955024e-06 -9.417508195801763501e-06 3.089084334828219415e-06 2.184126838664810375e-05 3.565829373828166001e-05 5.208179454152328465e-05
9.907190635451506022e-01 -3.029153258642050764e-12 -1.488907520620833890e-09 -6.992747527249835135e-08 -9.386805757484559476e-07 -5.018092206751532701e-06 -9.657879540962145784e-06 9.470781065636764905e-07 2.046981578463290361e-05 3.499819980994587769e-05 5.187051391227438579e-05
1.004093645484949837e+00 -1.820109051087012526e-12 -9.839412907925816882e-10 -5.044344094202475919e-08 -7.360569223976268516e-07 -4.334956487524836248e-06 -9.657690609533611285e-06 -1.106731848212654654e-06 1.898103069064279995e-05 3.430492929327938137e-05 5.163472034836917102e-05
1.017468227424749072e+00 -1.086531129443397216e-12 -6.450894693716984316e-10 -3.607687116076880020e-08 -5.716956214450641061e-07 -3.698623893605571596e-06 -9.448616593019738404e-06 -3.027180149755136110e-06 1.737216250698439334e-05 3.357686299310817991e-05 5.137445916145428026e-05
1.030842809364548529e+00 -6.487909382942342886e-13 -4.215954183306084792e-10 -2.566055327097323522e-08 -4.406657607693377513e-07 -3.120581001516154177e-06 -9.063502598414748012e-06 -4.767761414983962082e-06 1.564187723688769573e-05 3.281158745024320965e-05 5.108999280908099082e-05
1.044217391304347764e+00 -3.858541601090499353e-13 -2.738737314970259163e-10 -1.811944990380811898e-08 -3.368166995386184683e-07 -2.604004826833959319e-06 -8.541813013039895025e-06 -6.294918028424295145e-06 1.379792245091715158e-05 3.200587484571413747e-05 5.078131602229144561e-05
1.057591973244147221e+00 -2.281113840762338797e-13 -1.765967301272497194e-10 -1.269059348046665798e-08 -2.551683414678393703e-07 -2.149568867166554593e-06 -7.920602144595028119e-06 -7.582661780622327074e-06 1.185300246086649171e-05 3.115627612735679026e-05 5.044859155652375897e-05
1.070966555183946456e+00 -1.350927239446167615e-13 -1.136635719470014578e-10 -8.849236951160872507e-09 -1.920740011814100061e-07 -1.757928930970013504e-06 -7.235052171142759587e-06 -8.608106290967045189e-06 9.823749728703619718e-06 3.025696112200248726e-05 5.009205139710764008e-05
1.084341137123745691e+00 -7.967890985499542705e-14 -7.273531124269043606e-11 -6.127813696118840957e-09 -1.434429586784414178e-07 -1.423723559452290433e-06 -6.516943584103071144e-06 -9.368549767005326110e-06 7.736052418607522007e-06 2.930251274275694600e-05 4.971169505395995616e-05
1.097715719063545148e+00 -4.673813315705417237e-14 -4.622461526487541824e-11 -4.210796113725498040e-09 -1.062417850307080482e-07 -1.141972607396511880e-06 -5.792886397708115884e-06 -9.868305291035437164e-06 5.619284986403582497e-06 2.828686794779853612e-05 4.930769309096840754e-05
1.111090301003344383e+00 -2.750200525928198653e-14 -2.936398563987937521e-11 -2.884183865223153490e-09 -7.827084890489273994e-08 -9.088330620579839143e-07 -5.086995113166192223e-06 -1.011494820628893658e-05 3.507734710867852398e-06 2.720163961437775432e-05 4.888010615238148763e-05
1.124464882943143840e+00 -1.611528345719948581e-14 -1.854645491378167759e-11 -1.962187865614869535e-09 -5.722838030589081152e-08 -7.169367540285378011e-07 -4.414752752577364113e-06 -1.013396370131958407e-05 1.437841023270690840e-06 2.604085271275646181e-05 4.842915396922114823e-05
1.137839464882943075e+00 -9.395240654746142075e-15 -1.164002830089134028e-11 -1.325331541613870783e-09 -4.151922628804345539e-08 -5.606088131540107837e-07 -3.788139084072548475e-06 -9.952136231160884383e-06 -5.535799064986142437e-07 2.479808726350120958e-05 4.795483788179033936e-05
1.151214046822742532e+00 -5.501859197645862328e-15 -7.311862823256791501e-12 -8.933703332445162869e-10 -2.999492392241603094e-08 -4.355165412178630918e-07 -3.217829242565844173e-06 -9.597646788513829793e-06 -2.426649163067341153e-06 2.346586458374689421e-05 4.745721343859496703e-05
1.164588628762541767e+00 -3.207853980946605402e-15 -4.567023431923735199e-12 -5.982252862860933827e-10 -2.151190060122739283e-08 -3.355778863862681988e-07 -2.705352125636409994e-06 -9.106702720277794731e-06 -4.150372694115653401e-06 2.204189312418522903e-05 4.693633053371985982e-05
1.177963210702341001e+00 -1.862602849207316090e-15 -2.837036534191064915e-12 -3.980076138053141342e-10 -1.531796681821107726e-08 -2.565156300109499655e-07 -2.252023696385654291e-06 -8.512242920103643215e-06 -5.695444555786782306e-06 2.052438324771846802e-05 4.639200096811703789e-05
1.191337792642140458e+00 -1.086468660732469308e-15 -1.764722379183453159e-12 -2.644238964073682827e-10 -1.086856510649258852e-08 -1.949817289550024482e-07 -1.858697674666367722e-06 -7.846394735786115207e-06 -7.033484517544205256e-06 1.891249311719095860e-05 4.582413888003191213e-05
1.204712374581939693e+00 -6.311597778072151993e-16 -1.091895163967134323e-12 -1.745855396971857202e-10 -7.658568102660033111e-09 -1.470812099256246171e-07 -1.520013045543874824e-06 -7.139020261285257276e-06 -8.152314686416616522e-06 1.721237254224490716e-05 4.523244206094153267e-05
1.218086956521739150e+00 -3.655170796811400599e-16 -6.725613763633314792e-13 -1.146267927990262203e-10 -5.362114241184521471e-09 -1.101500384825692243e-07 -1.232177260866366395e-06 -6.415937354722910891e-06 -9.041716057676728806e-06 1.543141197168564912e-05 4.461633994813671929e-05
1.231461538461538385e+00 -2.126148102761571182e-16 -4.148966291006032409e-13 -7.518208543238905919e-11 -3.742688528210677945e-09 -8.208656067678095719e-08 -9.915082069733125032e-07 -5.700602052058861515e-06 -9.695589842718624628e-06 1.357976624462914805e-05 4.397496945981661960e-05
1.244836120401337842e+00 -1.232130552981257725e-16 -2.546988264323787890e-13 -4.902597650529979615e-11 -2.595398525463187122e-09 -6.073675396654037632e-08 -7.912235903925921079e-07 -5.009212048560514647e-06 -1.012383206245540219e-05 1.167351323177074360e-05 4.330732312671838622e-05
1.258210702341137077e+00 -7.125311894741586044e-17 -1.558047778433619239e-13 -3.181889419772167433e-11 -1.789652710745751912e-09 -4.464869925309692375e-08 -6.264685018342964695e-07 -4.355561741695759939e-06 -1.033696482728629277e-05 9.730050183472425474e-06 4.261194077931164040e-05
1.271585284280936534e+00 -4.137644050093883450e-17 -9.545903646797085667e-14 -2.063618627235506637e-11 -1.230791389169007569e-09 -3.267872618732742070e-08 -4.928375556970836933e-07 -3.750740883606588783e-06 -1.034991622544827915e-05 7.769774149974894960e-06 4.188675636502216704e-05
1.284959866220735769e+00 -2.394476000807518097e-17 -5.822303683183369230e-14 -1.331150688867889384e-11 -8.412815920160307118e-10 -2.375785651599853560e-08 -3.847541296962244983e-07 -3.198651422153277959e-06 -1.018756806779943052e-05 5.815196537620904231e-06 4.112960189129851243e-05
1.298334448160535004e+00 -1.384129140354645704e-17 -3.542059813737531311e-14 -8.553850443304504677e-12 -5.722359875981420265e-10 -1.717244058031662323e-08 -2.982827019452301110e-07 -2.702874818101309286e-06 -9.873561499611197795e-06 3.889761453600755836e-06 4.033774175651220708e-05
1.311709030100334461e+00 -8.031894650995548458e-18 -2.158252614489531183e-14 -5.493879446413474614e-12 -3.883405195556263899e-10 -1.236398661505866400e-08 -2.299286175684983460e-07 -2.264910073945470163e-06 -9.433704862566047605e-06 2.018243319227350970e-06 3.950763664839125903e-05
1.325083612040133696e+00 -4.645921456693481073e-18 -1.309556587304351439e-14 -3.510751686222581834e-12 -2.620284367795064464e-10 -8.845628138838023177e-09 -1.759855570333336642e-07 -1.881458639103437017e-06 -8.896234553323409812e-06 2.229081133916003909e-07 3.863618965709667566e-05
1.338458193979933153e+00 -2.686829869524753038e-18 -7.932908169682725758e-15 -2.236875935819711968e-12 -1.760817642917754353e-10 -6.296519336885521109e-09 -1.338626274726119153e-07 -1.550327939774465545e-06 -8.286993522499518653e-06 -1.473422460882050028e-06 3.771952851414994110e-05
1.351832775919732388e+00 -1.559330659685296615e-18 -4.812819254845035487e-15 -1.424734009186311662e-12 -1.180882361592148380e-10 -4.466154651480556271e-09 -1.013026039820068597e-07 -1.268133550952607902e-06 -7.631071327979847233e-06 -3.049403718387122978e-06 3.675361941941152690e-05
1.365207357859531845e+00 -9.022958205092452875e-19 -2.908517739017076344e-15 -9.031871919211257864e-13 -7.876859365849201448e-11 -3.149086193804850611e-09 -7.615621723554972818e-08 -1.029130854743985810e-06 -6.950643064666755893e-06 -4.489378872399464306e-06 3.573562777137863870e-05
1.378581939799331080e+00 -5.224678440582124093e-19 -1.756374281525695842e-15 -5.713688606802720899e-13 -5.236906553607074476e-11 -2.210732666303563499e-09 -5.693760256687659702e-08 -8.292277867699536209e-07 -6.265584076975458424e-06 -5.777485386726309880e-06 3.466203938314762995e-05
1.391956521739130537e+00 -3.034728919001897836e-19 -1.062058051229756154e-15 -3.613438542773910385e-13 -3.475378487142883285e-11 -1.546989899894099602e-09 -4.237143241536846147e-08 -6.638008185932480103e-07 -5.593020720721539354e-06 -6.901713661269600242e-06 3.353034954450928953e-05
1.405331103678929772e+00 -1.757913640853919752e-19 -6.399052430985945057e-16 -2.275237686733296655e-13 -2.294779548490066716e-11 -1.076462689149441828e-09 -3.133618087109039154e-08 -5.275342744572129849e-07 -4.945174893785266436e-06 -7.856931153268681325e-06 3.234000908247549981e-05
1.418705685618729007e+00 -1.019883539731893971e-19 -3.856025883109437072e-16 -1.430891371171361982e-13 -1.511524486891116967e-11 -7.463575621316698569e-10 -2.306496523220386896e-08 -4.166095276479190075e-07 -4.333200008883121103e-06 -8.637571966671103626e-06 3.109052091639921082e-05
1.432080267558528464e+00 -5.932735395423638680e-20 -2.326201949990601074e-16 -8.995640975675752170e-14 -9.938936790347624815e-12 -5.159267766504916759e-10 -1.690378934681320584e-08 -3.270750475069821678e-07 -3.764559442715794902e-06 -9.243487166977973148e-06 2.978314242353049480e-05
1.445454849498327698e+00 -3.442453284142162365e-20 -1.398642833381709850e-16 -5.632402532072869402e-14 -6.504590878643256377e-12 -3.547600349208934341e-10 -1.231620726203419574e-08 -2.550596690264311595e-07 -3.242676233390079812e-06 -9.680202726585131228e-06 2.842151810371327356e-05
1.458829431438127155e+00 -2.002227012156493316e-20 -8.417655751564029919e-17 -3.525302125229021314e-14 -4.250000586159508380e-12 -2.432453738085906052e-10 -8.937269824651784713e-09 -1.978117545161191504e-07 -2.771123026317952789e-06 -9.952675578546349533e-06 2.700977311560049822e-05
1.472204013377926390e+00 -1.167091417166495821e-20 -5.070365518139117391e-17 -2.205475261722662460e-14 -2.772233794279333555e-12 -1.663101951419907817e-10 -6.459353982071688712e-09 -1.525861609424211245e-07 -2.350136136395056125e-06 -1.007113524624962503e-05 2.555432050103262093e-05
1.485578595317725847e+00 -6.787049550986823052e-21 -3.044655102383620904e-17 -1.374553145444953016e-14 -1.800343530003998213e-12 -1.131442474822579412e-10 -4.642735406349905551e-09 -1.169653499942022327e-07 -1.977652763491437499e-06 -1.004912182664265262e-05 2.406329111130379780e-05
1.498953177257525082e+00 -3.959556150284520247e-21 -1.831610390746313557e-17 -8.571083530629958078e-15 -1.168245909589252861e-12 -7.681587812074338407e-11 -3.325896753267317160e-09 -8.923399982479396474e-08 -1.652635706767046139e-06 -9.899393253578092806e-06 2.254535008412641368e-05
1.512327759197324317e+00 -2.313835371141456353e-21 -1.102406560074591504e-17 -5.341137438117938333e-15 -7.567758920779997793e-13 -5.200768258813787769e-11 -2.373469150980762629e-09 -6.773725760620825756e-08 -1.371532944421638375e-06 -9.638301329910737195e-06 2.101092429593732455e-05
1.525702341137123774e+00 -1.349187037846959188e-21 -6.615939421933712714e-18 -3.316603182698770577e-15 -4.882094595033414217e-13 -3.504702063147317882e-11 -1.684975910001358112e-09 -5.111838674858235958e-08 -1.130135658912728352e-06 -9.282879788748203304e-06 1.947093561633802102e-05
1.539076923076923009e+00 -7.898610063375365930e-22 -3.981116647873044401e-18 -2.062257686138936599e-15 -3.149705817207864854e-13 -2.358822520459877121e-11 -1.193121925842851451e-09 -3.842236758246945830e-08 -9.255393897486315632e-07 -8.849512946649527618e-06 1.793649185434786501e-05
1.552451505016722466e+00 -4.629308643737039758e-22 -2.395875282256407094e-18 -1.281183741892045175e-15 -2.028336387846204877e-13 -1.583210312686593866e-11 -8.417111282246307818e-10 -2.874289286533039417e-08 -7.532052137897113744e-07 -8.355408913991916358e-06 1.641888114542369281e-05
1.565826086956521701e+00 -2.707651849167382557e-22 -1.437941049026247412e-18 -7.932949515048504044e-16 -1.301132940322729818e-13 -1.057943159613078554e-11 -5.908742767622914057e-10 -2.138326310724610527e-08 -6.089146091198767162e-07 -7.816708402974030119e-06 1.492860927953795315e-05
1.579200668896321158e+00 -1.591219951821527015e-22 -8.660119435334012803e-19 -4.922663442712847861e-16 -8.353750671336868128e-14 -7.066252045697440317e-12 -4.140273787695010912e-10 -1.585568975880439732e-08 -4.896441145722608361e-07 -7.248974051331380852e-06 1.347671998840996580e-05
1.592575250836120393e+00 -9.357129159140496425e-23 -5.214332284376593907e-19 -3.051322855816085312e-16 -5.353092574717140264e-14 -4.706748848579759621e-12 -2.890689917642627824e-10 -1.170429733905311967e-08 -3.914392493840213311e-07 -6.666047808433421671e-06 1.207184467274607639e-05
1.605949832775919628e+00 -5.491769072949452304e-23 -3.131516390788987708e-19 -1.885429270301229086e-16 -3.417684765854351232e-14 -3.122012643264384854e-12 -2.008793118535249240e-10 -8.594676334290573356e-09 -3.110068823804180036e-07 -6.080034940274062939e-06 1.072180291769955931e-05
1.619324414715719085e+00 -3.240755830678388150e-23 -1.888611971459486155e-19 -1.168458910955502701e-16 -2.185649030471760775e-14 -2.071515165553349093e-12 -1.394407430999222365e-10 -6.294857165351648541e-09 -2.459673726133716768e-07 -5.502752067590281106e-06 9.434550711131788888e-06
1.632698996655518320e+00 -1.912632797322879759e-23 -1.138279219201980540e-19 -7.231289532504321572e-17 -1.394818024650006174e-14 -1.370622724728898449e-12 -9.644895650335670117e-11 -4.590471657486918305e-09 -1.934633435279584320e-07 -4.942497674910266008e-06 8.214466736073792148e-06
1.646073578595317777e+00 -1.126743652990885168e-23 -6.843891813945301598e-20 -4.462042795975129863e-17 -8.870594365920556940e-15 -9.033014927731599298e-13 -6.641644267236967956e-11 -3.330997431609944214e-09 -1.512934222148534531e-07 -4.406179419297122471e-06 7.065140419072776752e-06
1.659448160535117012e+00 -6.678443771586273603e-24 -4.135294498807549497e-20 -2.763537479111919260e-17 -5.655217432206893690e-15 -5.959723913580145016e-13 -4.571937378780117842e-11 -2.412538185515144620e-09 -1.178558581818162651e-07 -3.900939906545565364e-06 5.990646154990804300e-06
1.672822742474916469e+00 -3.956786439420615396e-24 -2.495951955541657165e-20 -1.708633648775269374e-17 -3.596926748232996980e-15 -3.920451754065508621e-13 -3.135890877193792905e-11 -1.739878866995415033e-09 -9.133113872687480883e-08 -3.429470889482639068e-06 4.990792238359797298e-06
1.686197324414715704e+00 -2.340308103241480125e-24 -1.503086073540041776e-20 -1.053492106248142277e-17 -2.280378491796025326e-15 -2.569423709153909922e-13 -2.141919213180207758e-11 -1.248908641957459767e-09 -7.039398749753433594e-08 -2.994133825991906540e-06 4.065461527565413302e-06
1.699571906354515161e+00 -1.393578248425808455e-24 -9.102861049703600226e-21 -6.524425807014355576e-18 -1.450337483226418498e-15 -1.687102878259426690e-13 -1.463561175206982468e-11 -8.954268673755120400e-10 -5.408379662019382905e-08 -2.597873241578350244e-06 3.215029562516751941e-06
1.712946488294314396e+00 -8.290600948987894588e-25 -5.504452191989648926e-21 -4.032369333420014074e-18 -9.200515969157922338e-16 -1.104332887146971544e-13 -9.963960390655428380e-12 -6.392871436310932950e-10 -4.134526195386844308e-08 -2.239328528771391670e-06 2.436127619974734793e-06
1.726321070234113630e+00 -4.925122539063521158e-25 -3.321928473844929148e-21 -2.486025271804418660e-18 -5.819439937155336972e-16 -7.204148000772826214e-14 -6.757202774382962352e-12 -4.544218024038666037e-10 -3.144708622405139595e-08 -1.917824464986433709e-06 1.726054640366399425e-06
1.739695652173913087e+00 -2.946395249986705264e-25 -2.016804624148996379e-21 -1.540141618945761885e-18 -3.694394808259416955e-16 -4.710829244010754904e-14 -4.586752872463868344e-12 -3.228147403896421518e-10 -2.385679589880673499e-08 -1.633365744647289807e-06 1.082699400830947124e-06
1.753070234113712322e+00 -1.760383245776967425e-25 -1.222226295621979381e-21 -9.519698662160456570e-19 -2.338923571629809802e-16 -3.070607035872657335e-14 -3.102037814445401903e-12 -2.283685075622657137e-10 -1.801125280526036193e-08 -1.382547462541459572e-06 5.011544222606985409e-07
1.766444816053511779e+00 -1.050984968767877301e-25 -7.397348770874026041e-22 -5.873597123518186560e-19 -1.477394740109850721e-16 -1.995922426129453825e-14 -2.090986961643706530e-12 -1.609319199526145227e-10 -1.353572759306272118e-08 -1.163245507764074273e-06 -2.234360509446310075e-08
1.779819397993311014e+00 -6.315090015623864871e-26 -4.501965846079696093e-22 -3.640443377276195367e-19 -9.364493515883503851e-17 -1.300361557609497964e-14 -1.410854978831456407e-12 -1.133585096189974201e-10 -1.014931632087037764e-08 -9.737951541776561561e-07 -4.912420123015200020e-07
1.793193979933110471e+00 -3.789899717414877873e-26 -2.735130307762542879e-22 -2.251432986984738756e-19 -5.920260185571526520e-17 -8.446269362602880477e-15 -9.486225181574604883e-13 -7.953150740776515150e-11 -7.575234306945612508e-09 -8.105047592818068192e-07 -9.104677810995711815e-07
1.806568561872909706e+00 -2.274196533273413184e-26 -1.660626431468964354e-22 -1.390785891957409156e-19 -3.736594723940786112e-17 -5.474164440072893687e-15 -6.360762539560094629e-13 -5.561190561650247027e-11 -5.630685917747931034e-09 -6.708559283112906553e-07 -1.283716771149125282e-06
1.819943143812709163e+00 -1.372682592313226880e-26 -1.013357228763547244e-22 -8.627305306584032278e-20 -2.365990616335484039e-17 -3.555638956499094979e-15 -4.269235320335753920e-13 -3.887328088826665086e-11 -4.176907740643503158e-09 -5.527280731164961451e-07 -1.614757682286083469e-06
1.833317725752508398e+00 -8.275912171449549669e-27 -6.173806823392926069e-23 -5.340791649531294637e-20 -1.494479609246578832e-17 -2.302918781318748419e-15 -2.856012961261236204e-13 -2.707098555017348033e-11 -3.085056913189228127e-09 -4.529184507647034068e-07 -1.907734113609291910e-06
1.846692307692307633e+00 -4.991978938087538094e-27 -3.761190661992262188e-23 -3.304421350578290846e-20 -9.429827335493264243e-18 -1.489159339118674582e-15 -1.906383890679807406e-13 -1.879822577832122704e-11 -2.270248162746554134e-09 -3.692475852704075678e-07 -2.165949061606306896e-06
1.860066889632107090e+00 -3.027047222605722124e-27 -2.301882556139655252e-23 -2.052257174959103963e-20 -5.967574918234227828e-18 -9.648879804400058610e-16 -1.273685696773093245e-13 -1.305000746410521688e-11 -1.667623855247838185e-09 -2.997710235785675442e-07 -2.392631647156955943e-06
1.873441471571906325e+00 -1.833599839859788056e-27 -1.406652242061566145e-23 -1.272153510671452806e-20 -3.767880738312523748e-18 -6.235164585967644293e-16 -8.483315625550310119e-14 -9.027411669549060264e-12 -1.219939262424125204e-09 -2.421191108090446323e-07 -2.590875276542696272e-06
1.886816053511705782e+00 -1.111883859479382080e-27 -8.600772497623061641e-24 -7.886298892688591637e-21 -2.377921386948938570e-18 -4.025120192737125161e-16 -5.641003016564540779e-14 -6.230264845912565484e-12 -8.895899003257717410e-10 -1.946465942551733792e-07 -2.763358852143484742e-06
1.900190635451505017e+00 -6.774073520546045559e-28 -5.280259260877039246e-24 -4.905395595539668222e-21 -1.504664350687851780e-18 -2.603081947796617451e-16 -3.754053886340143986e-14 -4.298627362829959765e-12 -6.476068781689233812e-10 -1.558792086825356839e-07 -2.912631963147430190e-06
1.913565217391304474e+00 -4.122913546569742152e-28 -3.237080867006203005e-24 -3.045720979604374612e-21 -9.500349587576233023e-19 -1.679165234687174298e-16 -2.490953528007803702e-14 -2.955890793665652713e-12 -4.696079868085099650e-10 -1.242283545073864528e-07 -3.040842859835538186e-06
1.926939799331103709e+00 -2.513503170170986187e-28 -1.986821801792143507e-24 -1.892322144751659261e-21 -5.999330201491151424e-19 -1.082721649178800352e-16 -1.651075506232201859e-14 -2.028953458413315933e-12 -3.396129209116755705e-10 -9.858704617388766115e-08 -3.150032766250392229e-06
1.940314381270902944e+00 -1.538672486395356409e-28 -1.223821683821051761e-24 -1.179203244001100922e-21 -3.797226513773146221e-19 -6.992257443704756130e-17 -1.095129558271025972e-14 -1.392277373663432539e-12 -2.452157099057464651e-10 -7.795904521329337278e-08 -3.242046707312934379e-06
1.953688963210702401e+00 -9.410268234974330830e-29 -7.528218572246972586e-25 -7.335680389201960627e-22 -2.398497092766794188e-19 -4.504784343009762496e-17 -7.243568466313935957e-15 -9.523347649059375751e-13 -1.764001931778827685e-10 -6.136431043557077717e-08 -3.318333783013871330e-06
1.967063545150501636e+00 -5.767889676923384991e-29 -4.638970626975917167e-25 -4.569132919320894077e-22 -1.516103047748906020e-19 -2.902682258088932197e-17 -4.788726119997421927e-15 -6.505947217104487720e-13 -1.266153788658578514e-10 -4.812070944446891333e-08 -3.380408090315824896e-06
1.980438127090301093e+00 -3.547947153480537455e-29 -2.867377837231258015e-25 -2.853160553283291512e-22 -9.602011539119674297e-20 -1.872759495286451297e-17 -3.167418912056557523e-15 -4.442889315371894015e-13 -9.074143811355734932e-11 -3.760966788577821984e-08 -3.429532422850327935e-06
1.993812709030100327e+00 -2.180464406747574973e-29 -1.770084931426109047e-25 -1.778753211215177194e-22 -6.069477252240884804e-20 -1.205521354246396263e-17 -2.089497142633320505e-15 -3.024824740717708286e-13 -6.480220196182749186e-11 -2.926627620854374755e-08 -3.466650203512299163e-06
2.007187290969899784e+00 -1.343730714060481399e-29 -1.095222410566574584e-25 -1.110955643206887473e-22 -3.841578521431139164e-20 -7.765846752208167101e-18 -1.378498044503037522e-15 -2.057928443320797878e-13 -4.619885846906837228e-11 -2.269871837121744644e-08 -3.492879063776114706e-06
2.020561872909699019e+00 -8.305916997139031860e-30 -6.794126141687043917e-26 -6.953322963971583040e-23 -2.435325775081868437e-20 -5.007690901435551270e-18 -9.097123197949067367e-16 -1.399427738167106303e-13 -3.288595428623788242e-11 -1.754956048655411513e-08 -3.509026260868825154e-06
2.033936454849498254e+00 -5.129666656785615693e-30 -4.209525475066090335e-26 -4.345251097979149852e-23 -1.540979707058261114e-20 -3.222114471831210187e-18 -5.988318545669040935e-16 -9.488773717999363274e-14 -2.333044357973616814e-11 -1.351218077302265598e-08 -3.515720124685873717e-06
2.047311036789297489e+00 -3.178333781924592428e-30 -2.615541932301922789e-26 -2.721863181416817538e-23 -9.768942668002465475e-21 -2.075907627370335390e-18 -3.944337343765967037e-16 -6.432773354611420519e-14 -1.653145919434146651e-11 -1.037406479327246225e-08 -3.513732333086367500e-06
2.060685618729097168e+00 -1.974251179838291427e-30 -1.628592821954552972e-26 -1.707869087714534601e-23 -6.200622634196672838e-21 -1.338405104696177403e-18 -2.598298057262133284e-16 -4.358395405480852551e-14 -1.169591351126419540e-11 -7.940943524571110541e-09 -3.503603521656163992e-06
2.074060200668896403e+00 -1.225301810262870847e-30 -1.012862231193816408e-26 -1.070028120860729664e-23 -3.928689374560524021e-21 -8.611144462777263269e-19 -1.707469685285248280e-16 -2.944745404765346633e-14 -8.248061835762877241e-12 -6.054396859549414632e-09 -3.485671928523621113e-06
2.087434782608695638e+00 -7.633026732629943609e-31 -6.320260394080219183e-27 -6.723431466371435057e-24 -2.495182600751375290e-21 -5.550496002572545205e-19 -1.123359516511595165e-16 -1.990333474899091108e-14 -5.812474620826329372e-12 -4.605003783170748316e-09 -3.460535461830796956e-06
2.100809364548494873e+00 -4.764543635574157819e-31 -3.950351149799773084e-27 -4.229970966018716756e-24 -1.586100801430169476e-21 -3.579138907548754915e-19 -7.389675676577690251e-17 -1.344234064513777585e-14 -4.089602711797427415e-12 -3.492487337382231383e-09 -3.428466878848307942e-06
2.114183946488294552e+00 -2.971722999334246539e-31 -2.466351150508522348e-27 -2.657503363788215477e-24 -1.006532305035117258e-21 -2.303399254265980942e-19 -4.849959027486759293e-17 -9.054832114864197663e-15 -2.868581123999731566e-12 -2.638777683735375040e-09 -3.389687136635646400e-06
2.127558528428093787e+00 -1.861255352243798693e-31 -1.545726719886562314e-27 -1.675277821273720418e-24 -6.406114726377037084e-22 -1.485899014798543690e-19 -3.188492781662029457e-17 -6.104822169215301985e-15 -2.011706821678717473e-12 -1.989906149156142827e-09 -3.344647421229379583e-06
2.140933110367893022e+00 -1.167487755583445915e-31 -9.698783269989196939e-28 -1.056958678655287080e-24 -4.079088072714473656e-22 -9.585977302147482877e-20 -2.095335141153953504e-17 -4.111963640608590411e-15 -1.408408083380405845e-12 -1.496339315360459641e-09 -3.293459352020181232e-06
2.154307692307692257e+00 -7.317751952618300163e-32 -6.079152063821020894e-28 -6.659593388998068657e-25 -2.593188308877201187e-22 -6.172588870717021739e-20 -1.373959316214941846e-17 -2.762705320696346784e-15 -9.831459055554560274e-13 -1.121152920501345464e-09 -3.236289039347648988e-06
2.167682274247491492e+00 -4.607888832759780575e-32 -3.826754606497695183e-28 -4.212380514118150996e-25 -1.654230462838564427e-22 -3.986150551478124684e-20 -9.029370612321883374e-18 -1.858807643129682141e-15 -6.864971110509456716e-13 -8.388104271775815547e-10 -3.173524119749242270e-06
2.181056856187291171e+00 -2.904487213684801028e-32 -2.410624145585330276e-28 -2.665536065555516746e-25 -1.055348191956484097e-22 -2.573502075183897532e-20 -5.929870300187008593e-18 -1.249199132386905966e-15 -4.784973383461752811e-13 -6.258118240507814980e-10 -3.105229631835211707e-06
2.194431438127090406e+00 -1.829476132889420095e-32 -1.517002342960395697e-28 -1.684543128655336948e-25 -6.722418243869645810e-23 -1.658487503529840442e-20 -3.886193455154456496e-18 -8.374976745754644710e-16 -3.325823371843466048e-13 -4.652993229251853282e-10 -3.031592371342269366e-06
2.207806020066889641e+00 -1.158155974481862731e-32 -9.591893718132023752e-29 -1.069252762152134600e-25 -4.298974330892715684e-23 -1.072456777618395144e-20 -2.553848223903114018e-18 -5.625727096256553203e-16 -2.313517187110080583e-13 -3.456154828621002560e-10 -2.952982188334546792e-06
2.221180602006688876e+00 -7.335726150542133679e-33 -6.066443082655791300e-29 -6.786847683625649681e-26 -2.748333601161230542e-23 -6.930712600217868320e-21 -1.676637716898149244e-18 -3.773707503400996000e-16 -1.606206225352495739e-13 -2.559933441588781095e-10 -2.869537166724587289e-06
2.234555183946488555e+00 -4.643265702350858762e-33 -3.833025950633774544e-29 -4.302505766585330826e-26 -1.754421765827487560e-23 -4.471239887902973214e-21 -1.098539688159685461e-18 -2.525570095450942396e-16 -1.112148192659731604e-13 -1.889884732521191469e-10 -2.781506126892031526e-06
2.247929765886287790e+00 -2.955030321258643136e-33 -2.434453858926084179e-29 -2.740803569697613716e-26 -1.124914218482820612e-23 -2.895850653722515720e-21 -7.221158743468687628e-19 -1.694411394140376596e-16 -7.710801212014468067e-14 -1.394510841220248562e-10 -2.689370933507899110e-06
2.261304347826087024e+00 -1.880764440565254774e-33 -1.545884514483331567e-29 -1.745169918227169068e-26 -7.207701388886252360e-24 -1.873689745740216431e-21 -4.740618910685532116e-19 -1.134910119094932995e-16 -5.334759507989521269e-14 -1.026054009581610717e-10 -2.593368071727701600e-06
2.274678929765886259e+00 -1.196252884658702698e-33 -9.807249525778615371e-30 -1.109902139644115163e-26 -4.611692064629620408e-24 -1.210325775694650553e-21 -3.106219930512280094e-19 -7.584872777606747938e-17 -3.681398174513245131e-14 -7.525750324035965448e-11 -2.493845830290892893e-06
2.288053511705685494e+00 -7.653073423579531318e-34 -6.256795920769694330e-30 -7.096256704214366585e-27 -2.965164376784545382e-24 -7.852662326624378834e-22 -2.042970501402618221e-19 -5.084228046529560882e-17 -2.545110734280631035e-14 -5.519633003453455968e-11 -2.391446628514450371e-06
2.301428093645485173e+00 -4.894403079881405900e-34 -3.989269139197114941e-30 -4.533212381969809572e-27 -1.904446424797394323e-24 -5.088131283013062024e-22 -1.341530585800417534e-19 -3.401566003264259688e-17 -1.755515544162196222e-14 -4.036501207148754138e-11 -2.286479387727338216e-06
2.314802675585284408e+00 -3.129082865685517001e-34 -2.541986884342869718e-30 -2.893458129087286124e-27 -1.221865108527766906e-24 -3.292536790497177357e-22 -8.795358300093664565e-20 -2.271527002546772452e-17 -1.208140344708788409e-14 -2.943455601215750185e-11 -2.179459712780700973e-06
2.328177257525083643e+00 -2.011599062581589927e-34 -1.628482803539353332e-30 -1.856248042995545455e-27 -7.876423777581852643e-25 -2.139725083057987876e-22 -5.787704998706602834e-20 -1.521384922852796663e-17 -8.330106725774381937e-15 -2.146682496613570440e-11 -2.071109113543571833e-06
2.341551839464882878e+00 -1.292619228582753864e-34 -1.042527920512873293e-30 -1.189734582352604991e-27 -5.071487923163863763e-25 -1.388634509205083724e-22 -3.802351071277527743e-20 -1.017025592240217521e-17 -5.730542892014897185e-15 -1.561128401453609295e-11 -1.961821646765057061e-06
2.354926421404682113e+00 -8.307172499715294881e-35 -6.673271355848158133e-31 -7.622722906265790286e-28 -3.263537349838976144e-25 -9.004500825736556814e-23 -2.495278425099571242e-20 -6.789047857995291384e-18 -3.934967917575462535e-15 -1.132447601673124002e-11 -1.852210169649604143e-06
2.368301003344481792e+00 -5.365613250194391361e-35 -4.292453028671140686e-31 -4.906562922576091763e-28 -2.109160471619050731e-25 -5.861700914828040681e-23 -1.643043930393022710e-20 -4.544256409363294174e-18 -2.706728089060280939e-15 -8.215988605455288060e-12 -1.742997616091394549e-06
2.381675585284281027e+00 -3.464137433299953752e-35 -2.759155665695532121e-31 -3.155391746265041834e-28 -1.361597294527648873e-25 -3.810765052738954118e-23 -1.080187472361389821e-20 -3.036131804372203487e-18 -1.857815584323780434e-15 -5.944564749391490098e-12 -1.634624947233002625e-06
2.395050167224080262e+00 -2.237758383658352303e-35 -1.774153001679061899e-31 -2.029445002191744674e-28 -8.788978546649418984e-26 -2.476541624204849222e-23 -7.096924960951397167e-21 -2.026547143991369339e-18 -1.273315731337794233e-15 -4.291834715510763950e-12 -1.527662434993223102e-06
2.408424749163879497e+00 -1.452110307815735795e-35 -1.145813152555239214e-31 -1.310727506456598036e-28 -5.695276933473101523e-26 -1.615135030772816851e-23 -4.676982665607251274e-21 -1.355999694491361822e-18 -8.740970955504467028e-16 -3.098957739994526979e-12 -1.422824813736320732e-06
2.421799331103679176e+00 -9.418967369511372611e-36 -7.395239749647090943e-32 -8.458083048703171206e-29 -3.686624257283866136e-26 -1.052010769869246672e-23 -3.077580196533040559e-21 -9.057319882651675823e-19 -5.987915946019600375e-16 -2.231799341538179290e-12 -1.320431900303116017e-06
2.435173913043478411e+00 -6.115416104771746248e-36 -4.776622454485163256e-32 -5.460982405538920788e-29 -2.387192041676882078e-26 -6.852842479356594919e-24 -2.024727707542856923e-21 -6.046529236338309551e-19 -4.097821647350263841e-16 -1.604437028682867870e-12 -1.221020720226285727e-06
2.448548494983277646e+00 -3.986685184559031179e-36 -3.097404855810313468e-32 -3.539086622375257643e-29 -1.551158031892047828e-26 -4.478071568033112979e-24 -1.335702273563556592e-21 -4.045451178359210917e-19 -2.808299891770909426e-16 -1.153515285285778886e-12 -1.125125882742986710e-06
2.461923076923076881e+00 -2.597890574725709962e-36 -2.007244971841545177e-32 -2.291655197145971892e-29 -1.006883366523797345e-26 -2.922672196214181015e-24 -8.798847289392481234e-22 -2.702059189379431008e-19 -1.920696057701014282e-16 -8.272402839727996635e-13 -1.032940862093619680e-06
2.475297658862876116e+00 -1.695211048565293532e-36 -1.302320124962670890e-32 -1.485379095961754023e-29 -6.540948422499147618e-27 -1.908550978071489663e-24 -5.797626113907933257e-22 -1.804598296082373614e-19 -1.312853318588757441e-16 -5.924215176511032611e-13 -9.448622180609389423e-07
2.488672240802675795e+00 -1.110161544384610842e-36 -8.478987165475842983e-33 -9.659522342671649425e-30 -4.262186804901471663e-27 -1.249774493110028764e-24 -3.829252794162241765e-22 -1.207523995465447934e-19 -8.984624562879043337e-17 -4.242592661387164015e-13 -8.612229379005024232e-07
2.502046822742475030e+00 -7.267311977422697314e-37 -5.516980396853433758e-33 -6.276549493118682771e-30 -2.774542096118782253e-27 -8.174186953236445449e-25 -2.525638938813639836e-22 -8.066961065232162684e-20 -6.136863714301549076e-17 -3.031000458808851287e-13 -7.820510661996841467e-07
2.515421404682274265e+00 -4.765621441304881351e-37 -3.595407823614924941e-33 -4.084105454120326158e-30 -1.808311899799987834e-27 -5.351542744785179406e-25 -1.666955823665654497e-22 -5.390940510808306609e-20 -4.190962495723398230e-17 -2.163185686031589703e-13 -7.075821786484644427e-07
2.528795986622073499e+00 -3.134991667913377865e-37 -2.350272032882127812e-33 -2.665167045884089255e-30 -1.181725070623949888e-27 -3.512055597773919603e-25 -1.102496452894114327e-22 -3.608486072714274126e-20 -2.864911304057926782e-17 -1.543685667160942506e-13 -6.379282500818355060e-07
2.542170568561873178e+00 -2.061504507825301348e-37 -1.535425132127419638e-33 -1.737846386433438823e-30 -7.715112540423939189e-28 -2.302224722366270668e-25 -7.281867514317797238e-23 -2.411621639857149936e-20 -1.954804585090517507e-17 -1.099053473334004057e-13 -5.729833765527300829e-07
2.555545150501672413e+00 -1.358448840590450922e-37 -1.005059990365670364e-33 -1.135218638468513239e-30 -5.045060421283395276e-28 -1.511240314531336789e-25 -4.814934892799039895e-23 -1.612946783499275358e-20 -1.334129566749201351e-17 -7.819881359754638666e-14 -5.128089306754583576e-07
2.568919732441471648e+00 -8.976059870804484146e-38 -6.596151830449424505e-34 -7.433898597170546926e-31 -3.306566824159047061e-28 -9.940450310890503751e-26 -3.189251760559268546e-23 -1.080228013839692479e-20 -9.112346568405783800e-18 -5.562807677036632439e-14 -4.573407439507872170e-07
2.582294314381270883e+00 -5.928731394542565743e-38 -4.326523090438430096e-34 -4.864356731437858090e-31 -2.165140463102736015e-28 -6.531265731160259789e-26 -2.109704701435625065e-23 -7.223574866567532253e-21 -6.212700576671800933e-18 -3.948340886656570290e-14 -4.063581245003625498e-07
2.595668896321070118e+00 -3.925589631882350323e-38 -2.844495630275418292e-34 -3.189978521367752555e-31 -1.420596206520622736e-28 -4.299034671457078576e-26 -1.397700839565139665e-23 -4.836100654851895316e-21 -4.238475142478924573e-18 -2.801701727415033205e-14 -3.598071732811270118e-07
2.609043478260869797e+00 -2.605239657805139457e-38 -1.874240339871422020e-34 -2.096243535885338578e-31 -9.338381709323458033e-29 -2.834449707034296504e-26 -9.272827579783853439e-24 -3.241121569565553526e-21 -2.893179123827957733e-18 -1.987402424278577342e-14 -3.174884451869638256e-07
2.622418060200669032e+00 -1.728345685254574462e-38 -1.234244711194767001e-34 -1.376500751081358689e-31 -6.133131300738372017e-29 -1.866824479697599912e-26 -6.144210866972763246e-24 -2.169011706026626970e-21 -1.971465410869886328e-18 -1.406740962805702575e-14 -2.791223704260780022e-07
2.635792642140468267e+00 -1.149801229944888665e-38 -8.149855721818239287e-35 -9.062066222305758418e-32 -4.037725569949041569e-29 -1.232227981696686516e-26 -4.078994331337174633e-24 -1.453815547906805183e-21 -1.344790503323607328e-18 -9.958467799768608838e-15 -2.445771053103359484e-07
2.649167224080267502e+00 -7.663665825514813014e-39 -5.391055177218880176e-35 -5.975774433754403247e-32 -2.662183555645655102e-29 -8.144069859642092489e-27 -2.710791122293701781e-24 -9.751692184799558797e-22 -9.175871975077344500e-19 -7.046291943878725736e-15 -2.135822270986212530e-07
2.662541806020067181e+00 -5.106172367918475141e-39 -3.564195108231835195e-35 -3.937788626663120085e-32 -1.753726851144504216e-29 -5.377057326800374528e-27 -1.799343000448057517e-24 -6.531904218284520820e-22 -6.250511616895053055e-19 -4.975399087570775925e-15 -1.858469151895395758e-07
2.675916387959866416e+00 -3.412752873449517713e-39 -2.363600766310131737e-35 -2.602477297010488308e-32 -1.158500088769161601e-29 -3.559357593015448007e-27 -1.197124665411155298e-24 -4.383861932452052505e-22 -4.263942428427454288e-19 -3.514909664377916731e-15 -1.612042534205204486e-07
2.689290969899665651e+00 -2.284381632766513236e-39 -1.569616145352234302e-35 -1.722151236839625059e-32 -7.661522512419924431e-30 -2.358341863869514681e-27 -7.970333967240560580e-25 -2.943520492012317679e-22 -2.908882983426328012e-19 -2.481538652982563112e-15 -1.393683092350454392e-07
2.702665551839464886e+00 -1.528541962463813138e-39 -1.041787485480630912e-35 -1.138811585814891238e-32 -5.062491288715226209e-30 -1.561006288053861021e-27 -5.300313386350031937e-25 -1.973706982828785327e-22 -1.981241523802877113e-19 -1.748456487034154816e-15 -1.200678678768229182e-07
2.716040133779264121e+00 -1.026285599989625571e-39 -6.937973397511961098e-36 -7.555441853719015877e-33 -3.355683869295457803e-30 -1.036307911899879600e-27 -3.534278073324823367e-25 -1.326553834147320200e-22 -1.351905055794647677e-19 -1.233027023056269394e-15 -1.031357445281745434e-07
2.729414715719063800e+00 -6.898413764373922994e-40 -4.625155778555039151e-36 -5.017096289924111249e-33 -2.225979190423623397e-30 -6.883757310959831678e-28 -2.357572466993874132e-25 -8.917152907599352071e-23 -9.222742866179177886e-20 -8.688266913982107564e-16 -8.830635036053728021e-08
2.742789297658863035e+00 -4.635350298876730709e-40 -3.081744010378200005e-36 -3.329306530244045668e-33 -1.475387792965526939e-30 -4.568170121708862153e-28 -1.570859059173629478e-25 -5.986265388899392897e-23 -6.281991163724973323e-20 -6.110178943466306896e-16 -7.535172679321546225e-08
2.756163879598662270e+00 -3.126238305850601420e-40 -2.060960933064322478e-36 -2.217308310221505561e-33 -9.813162067325698134e-31 -3.041591709635872817e-28 -1.049890175450780233e-25 -4.029731448002334368e-23 -4.288424595099628988e-20 -4.302504009116996797e-16 -6.412280263816881781e-08
2.769538461538461505e+00 -2.110041279732210927e-40 -1.379175744617197803e-36 -1.477473863452809179e-33 -6.529420451823374617e-31 -2.025613770714670557e-28 -7.017266685906394970e-26 -2.712181469420949556e-23 -2.926070289833950258e-20 -3.026538214222983147e-16 -5.439524613077166049e-08
2.782913043478261184e+00 -1.423693712368983331e-40 -9.224711485401902405e-37 -9.838556894060068243e-34 -4.341067884969199503e-31 -1.347739244480130954e-28 -4.685069822684644726e-26 -1.823093398616165925e-23 -1.993508975137803927e-20 -2.125009039866709789e-16 -4.599104910046100310e-08
2.796287625418060419e+00 -9.644363768638147467e-41 -6.194773846291867673e-37 -6.577471895873986014e-34 -2.897264409694787274e-31 -9.000254338123346230e-29 -3.138784430210312990e-26 -1.229295582435281014e-23 -1.361709069058788321e-20 -1.494478295158131892e-16 -3.878927744010697353e-08
2.809662207357859653e+00 -6.535936206638988430e-41 -4.161206333412442322e-37 -4.397969598604045406e-34 -1.933698146561922763e-31 -6.009673314867629396e-29 -2.102234132867208464e-26 -8.285002133952440442e-24 -9.294360217704899555e-21 -1.049757598356916193e-16 -3.261423035871631964e-08
2.823036789297658888e+00 -4.427898060979668126e-41 -2.793813804164138862e-37 -2.938775871173158144e-34 -1.289587080323571524e-31 -4.009108028886252894e-29 -1.406482804517725716e-26 -5.576851411803427921e-24 -6.334577348591098317e-21 -7.360392900034861782e-17 -2.733450147259018704e-08
2.836411371237458123e+00 -3.012565761989992213e-41 -1.883840393055659942e-37 -1.972124556050017089e-34 -8.636285083812629943e-32 -2.685314463480738367e-29 -9.445859324068293426e-27 -3.767069986682447144e-24 -4.330249906061132962e-21 -5.171201985357340735e-17 -2.285883766591012270e-08
2.849785953177257802e+00 -2.049761967947484999e-41 -1.270160974043867824e-37 -1.323164409560035553e-34 -5.781751381641177043e-32 -1.797794212485452603e-29 -6.339842796051065159e-27 -2.542561134959158904e-24 -2.957030839195068306e-21 -3.627930836980333676e-17 -1.905786948744323030e-08
2.863160535117057037e+00 -1.394282820692211969e-41 -8.560241368748563388e-38 -8.872479862748052654e-35 -3.867997556738724283e-32 -1.202598133809356172e-29 -4.250951886636483266e-27 -1.714108071538705803e-24 -2.016521929933345580e-21 -2.540874124754003408e-17 -1.583994217003480626e-08
2.876535117056856272e+00 -9.526151784960611978e-42 -5.795100648657075841e-38 -5.976085778979397639e-35 -2.599087918277682383e-32 -8.078889213503420632e-30 -2.861897900822930641e-27 -1.159941274730557599e-24 -1.379643624980213097e-21 -1.783661410392039298e-17 -1.313958029397151672e-08
2.889909698996655507e+00 -6.507116719260016763e-42 -3.921723866459479940e-38 -4.023205869979404913e-35 -1.745358570408910295e-32 -5.423195947144173230e-30 -1.925003114889767317e-27 -7.841027198832077511e-25 -9.427056202674719811e-22 -1.250084085612361051e-17 -1.086695047084483122e-08
2.903284280936454742e+00 -4.445098081117629373e-42 -2.653722693430952684e-38 -2.707915321544621206e-35 -1.171661240521404819e-32 -3.638783985514672313e-30 -1.294022436886434029e-27 -5.296272367190975565e-25 -6.434970590103636203e-22 -8.749192368925939056e-18 -8.961357755595662465e-09
2.916658862876254421e+00 -3.048777253982616307e-42 -1.803067066517462567e-38 -1.830078336739626002e-35 -7.897001059985196106e-33 -2.451029214543167891e-30 -8.730962674031186837e-28 -3.589723636363888965e-25 -4.405716780051394018e-22 -6.136513408087749802e-18 -7.376338557730579100e-09
2.930033444816053656e+00 -2.090628225959921658e-42 -1.224654661433737010e-38 -1.236215470916195480e-35 -5.319359536800166722e-33 -1.649769471134575456e-30 -5.885780810515561162e-28 -2.430556310210766862e-25 -3.012659654051734927e-22 -4.297310649482231036e-18 -6.054125829630430482e-09
2.943408026755852891e+00 -1.434105355569302725e-42 -8.319902230574790029e-39 -8.351650528559407072e-36 -3.583112904411157005e-33 -1.110320432846038065e-30 -3.966737162517001530e-28 -1.644995664260996645e-25 -2.058712933767625191e-22 -3.006178939757454917e-18 -4.955475371249420112e-09
2.956782608695652126e+00 -9.873544522272139064e-43 -5.673274652855871077e-39 -5.663120187855995226e-36 -2.422371003107659103e-33 -7.499044483175960847e-31 -2.682390273190207213e-28 -1.116806119032728794e-25 -1.410653214775516154e-22 -2.107035579213332251e-18 -4.049177020474552103e-09
2.970157190635451805e+00 -6.796299166559100200e-43 -3.867206663873819063e-39 -3.838252200449530412e-36 -1.636680674243872974e-33 -5.061206260451669681e-31 -1.812350466455479516e-28 -7.574556757298747560e-26 -9.654369918886956961e-23 -1.474589713891320942e-18 -3.299396557998582307e-09
2.983531772575251040e+00 -4.681191742017450861e-43 -2.637571655983952221e-39 -2.602624985456595580e-36 -1.106222121025127611e-33 -3.416698062710554460e-31 -1.224632592091310778e-28 -5.136974085167716693e-26 -6.605320770867919846e-23 -1.031238302850452173e-18 -2.681725623449841874e-09
2.996906354515050275e+00 -3.234945706332134383e-43 -1.804918042085210621e-39 -1.770639210167006322e-36 -7.501305166896823825e-34 -2.313838049268328255e-31 -8.299975814761425210e-29 -3.493572778491819681e-26 -4.530204996918064132e-23 -7.224257886821540104e-19 -2.176097921553560790e-09
3.010280936454849510e+00 -2.235044964925605687e-43 -1.234701153513162934e-39 -1.204058718500443246e-36 -5.083711991042597010e-34 -1.565878408795422694e-31 -5.620691163097161369e-29 -2.373619574793060928e-26 -3.103391954382120354e-23 -5.053478797174260085e-19 -1.761048030893083277e-09
3.023655518394648745e+00 -1.545667674979090297e-43 -8.453655936684798451e-40 -8.194207520397757063e-37 -3.447672952941982376e-34 -1.060319869656136978e-31 -3.808006651508968268e-29 -1.613153719213945745e-26 -2.126048233661615914e-23 -3.533628054963461622e-19 -1.421906934735957537e-09
3.037030100334448424e+00 -1.072064618542015630e-43 -5.805212883148306483e-40 -5.593072387034799551e-37 -2.344944192036447150e-34 -7.200094473665127566e-32 -2.586828591358526713e-29 -1.099046824908459775e-26 -1.459628314901519882e-23 -2.474604086618668224e-19 -1.146268955208590766e-09
3.050404682274247659e+00 -7.434192616613496025e-44 -3.985143723612591852e-40 -3.815889329877326511e-37 -1.594016767957268083e-34 -4.885895490479303325e-32 -1.755849684614203437e-29 -7.480756536436061452e-27 -1.000965678944124027e-23 -1.730498477922297534e-19 -9.216548545737450764e-10
3.063779264214046893e+00 -5.161509794008768117e-44 -2.738903321987480550e-40 -2.606260297325656378e-37 -1.084661121599183313e-34 -3.318542917492020342e-32 -1.192747061174895791e-29 -5.095020196056908483e-27 -6.866907044545281191e-24 -1.210074049899263091e-19 -7.395266303753350746e-10
3.077153846153846128e+00 -3.592898353334864891e-44 -1.887323202909173143e-40 -1.784714386579589117e-37 -7.399495932375705716e-35 -2.259547108640632790e-32 -8.121284067272709428e-30 -3.477629730411415877e-27 -4.719660851801151774e-24 -8.472455530351169870e-20 -5.924832734803652122e-10
3.090528428093645807e+00 -2.500469084970119248e-44 -1.300080054291666269e-40 -1.221588628704506701e-37 -5.045091508498849271e-35 -1.537469502740123482e-32 -5.525340126057013474e-30 -2.371482560778040798e-27 -3.240270511532792751e-24 -5.923863061400387263e-20 -4.734827578682837969e-10
3.103903010033445042e+00 -1.742797699483354782e-44 -8.968684286258842849e-41 -8.373219993904617366e-38 -3.444422255985238249e-35 -1.047448102280409807e-32 -3.763409017314453795e-30 -1.618737053649121231e-27 -2.226208630668293194e-24 -4.143056416092694509e-20 -3.776918184342307043e-10
3.117277591973244277e+00 -1.217447806158626024e-44 -6.201151210045822798e-41 -5.752217793865860061e-38 -2.356770393765558236e-35 -7.151184261713388871e-33 -2.568456263428847375e-30 -1.106954183660338349e-27 -1.531899661498965405e-24 -2.900617155953321276e-20 -3.008284043506666960e-10
3.130652173913043512e+00 -8.502820975303843172e-45 -4.286201953359260276e-41 -3.949911574697790230e-38 -1.611692963811344322e-35 -4.879118118092095285e-33 -1.751577431811541934e-30 -7.562972430855815377e-28 -1.053000705764940257e-24 -2.028036312377083292e-20 -2.390249975235968763e-10
3.144026755852842747e+00 -5.948902346347557219e-45 -2.967761373195784753e-41 -2.716930765218960912e-38 -1.103979035182649829e-35 -3.334132562402577593e-33 -1.196231819702503206e-30 -5.173903937536389354e-28 -7.245784463833580313e-25 -1.418805016013902884e-20 -1.896165985224271133e-10
3.157401337792642426e+00 -4.170150410464799224e-45 -2.058868748690098434e-41 -1.872411948859242850e-38 -7.576158739953922642e-36 -2.282451339465837828e-33 -8.183346113499510182e-31 -3.544935589456205989e-28 -4.992293806723798501e-25 -9.934000362925216177e-21 -1.501987041381976955e-10
3.170775919732441661e+00 -2.922641886061794037e-45 -1.427861925442233486e-41 -1.289840329478807116e-38 -5.196431905607420528e-36 -1.561504590122465990e-33 -5.593963822829345108e-31 -2.426701962989662772e-28 -3.436052930390057316e-25 -6.946349748131830329e-21 -1.186955330881771570e-10
3.184150501672240896e+00 -2.052419235318456607e-45 -9.922343257303930367e-42 -8.902886010455669056e-39 -3.571094680853149132e-36 -1.070271755046989525e-33 -3.830645047233440037e-31 -1.663891662830229499e-28 -2.368193906616306775e-25 -4.861704480281847347e-21 -9.367293011345073835e-11
3.197525083612040131e+00 -1.443651270866832100e-45 -6.906296772651015172e-42 -6.154808094394271611e-39 -2.457897827880066245e-36 -7.346484810581721222e-34 -2.626722288816229748e-31 -1.142255724488095318e-28 -1.633833888001273684e-25 -3.404636843714364066e-21 -7.381586722435618024e-11
3.210899665551839366e+00 -1.015236514233484110e-45 -4.805462676440086090e-42 -4.253166060309111827e-39 -1.690821940690977818e-36 -5.039566074057620354e-34 -1.799848868027619594e-31 -7.834800299389058050e-29 -1.126040684541536869e-25 -2.381214454835324152e-21 -5.803590070704796285e-11
3.224274247491639045e+00 -7.155571688183682094e-46 -3.351275890943503097e-42 -2.945722071482042342e-39 -1.165731642111913461e-36 -3.464551996165122331e-34 -1.235824564139740478e-31 -5.384329644551921044e-29 -7.773899753190364006e-26 -1.667501305124001137e-21 -4.557897876320669398e-11
3.237648829431438280e+00 -5.050059392399686056e-46 -2.340195059844522591e-42 -2.042778188238031431e-39 -8.046847746380814675e-37 -2.384494720835226296e-34 -8.494355241056970682e-32 -3.703669336698008572e-29 -5.370723030788693973e-26 -1.168096477538701917e-21 -3.574223297223804208e-11
3.251023411371237515e+00 -3.563333001865240334e-46 -1.633628775612007374e-42 -1.416010560246158519e-39 -5.551719238556291842e-37 -1.640128464849929479e-34 -5.834306764282345081e-32 -2.545460114897526617e-29 -3.706735374952044167e-26 -8.172403931008118126e-22 -2.796663510883435444e-11
3.264397993311036750e+00 -2.520509455693472779e-46 -1.143268738368668637e-42 -9.840310019162263070e-40 -3.839872105793180661e-37 -1.130903091268432149e-34 -4.016769780814590465e-32 -1.753367752473230491e-29 -2.563453886441319953e-26 -5.726614622366978161e-22 -2.186399858382145282e-11
3.277772575250836429e+00 -1.784722816068765714e-46 -8.009036775577187541e-43 -6.844917689030942979e-40 -2.658265472821633833e-37 -7.804303680879022862e-35 -2.767483108322021102e-32 -1.208503009997122461e-29 -1.773564525891277331e-26 -4.013158689824615486e-22 -1.706693045537602383e-11
3.291147157190635664e+00 -1.263456383082998910e-46 -5.608829586222675502e-43 -4.759323806286019138e-40 -1.839320138383725505e-37 -5.382440146783185427e-35 -1.905389101429627469e-32 -8.322675086625126093e-30 -1.225864778233883652e-26 -2.808961993679348455e-22 -1.329388136335359493e-11
3.304521739130434899e+00 -8.968464686336785729e-47 -3.938790024159302663e-43 -3.318417116188887631e-40 -1.276206798373724698e-37 -3.722308191598880468e-35 -1.315339142721104485e-32 -5.746205789333271694e-30 -8.492725779366163545e-27 -1.969781224740283326e-22 -1.034885110022754020e-11
3.317896321070234134e+00 -6.370922914836469253e-47 -2.767965846722726942e-43 -2.315266229189889612e-40 -8.860180043965840460e-38 -2.575560660651845069e-35 -9.084026003534650359e-33 -3.968592860777204645e-30 -5.884570651373195365e-27 -1.381087139007659457e-22 -8.043529450416597564e-12
3.331270903010033368e+00 -4.524738972084097184e-47 -1.944553126849645717e-43 -1.614696206555979223e-40 -6.148156039300507319e-38 -1.781033625780528555e-35 -6.269249434450409081e-33 -2.738670321045712804e-30 -4.073482920074194899e-27 -9.671813591596901181e-23 -6.238779073897834007e-12
3.344645484949833047e+00 -3.222901399470901737e-47 -1.370187681004112287e-43 -1.129532369033741124e-40 -4.279241844855128364e-38 -1.235322540302262768e-35 -4.339429299802095385e-33 -1.895285550221496129e-30 -2.827212936653186337e-27 -6.788008819572408838e-23 -4.837395532614415045e-12
3.358020066889632282e+00 -2.296718572580122315e-47 -9.658791967945437234e-44 -7.904284017712245127e-41 -2.979314727483310374e-38 -8.570064189561020581e-36 -3.004041947095529496e-33 -1.311652383036152627e-30 -1.961967827910766234e-27 -4.762104922865033827e-23 -3.744642939506506881e-12
3.371394648829431517e+00 -1.636350979053905457e-47 -6.806579173763057031e-44 -5.529037366170415590e-41 -2.073246797010793714e-38 -5.942017944277075538e-36 -2.078176534306582730e-33 -9.070236012753837589e-31 -1.360249240182517791e-27 -3.336969519291156034e-23 -2.892915834609139243e-12
3.384769230769230752e+00 -1.169490090026375246e-47 -4.812089693832077302e-44 -3.880241417656030850e-41 -1.447488506072302847e-38 -4.133392989357223296e-36 -1.442309758196462932e-33 -6.291790619068603646e-31 -9.458342879200007637e-28 -2.344147549823612833e-23 -2.234783675537982434e-12
3.398143812709030431e+00 -8.360059006473157117e-48 -3.402520818709263066e-44 -2.723329391056192354e-41 -1.010603793636436315e-38 -2.875067027336113220e-36 -1.000839027847568839e-33 -4.363290886957707152e-31 -6.574035097135751994e-28 -1.645626594804581124e-23 -1.723412631430212816e-12
3.411518394648829666e+00 -5.974885170707916053e-48 -2.405092476957062594e-44 -1.910584677484458973e-41 -7.052357247386180605e-39 -1.998660077218915263e-36 -6.940290547797096039e-34 -3.023540415888451402e-31 -4.565097135048970834e-28 -1.153945206185809449e-23 -1.326463296966329312e-12
3.424892976588628901e+00 -4.284368523981234981e-48 -1.705907456266570385e-44 -1.345102177932095418e-41 -4.938822914453777311e-39 -1.394325449062154551e-36 -4.829554749426136797e-34 -2.102297517410295132e-31 -3.180267145989765443e-28 -8.114246906155283762e-24 -1.021155359048934439e-12
3.438267558528428136e+00 -3.072033226996167696e-48 -1.209830918847533587e-44 -9.467949645548476043e-42 -3.457732208054580835e-39 -9.723746715275730863e-37 -3.359244602613734471e-34 -1.460943887119753643e-31 -2.214002815469968443e-28 -5.700541052125282574e-24 -7.847027442799854300e-13
3.451642140468227371e+00 -2.202586081209406546e-48 -8.578735929084473662e-45 -6.662704463409477678e-42 -2.420020524558684648e-39 -6.778404620124829389e-37 -2.335396816359328257e-34 -1.014642374006911384e-31 -1.540186105047051917e-28 -4.001015701801475359e-24 -6.019124562701058922e-13
3.465016722408027050e+00 -1.584303387070267882e-48 -6.103465224640286044e-45 -4.704689862754596717e-42 -1.699601592123881755e-39 -4.741572980309838517e-37 -1.629167314822260335e-34 -7.070387854809869930e-32 -1.074840840416831508e-28 -2.815953884073955016e-24 -4.618408085595326383e-13
3.478391304347826285e+00 -1.139407719808798807e-48 -4.341368625082585165e-45 -3.321034880746542448e-42 -1.193173672776968219e-39 -3.315211382573341493e-37 -1.135862486842377747e-34 -4.923630999257216251e-32 -7.494964713676698243e-29 -1.979907826281261379e-24 -3.537242469410163832e-13
3.491765886287625520e+00 -8.195770432005355739e-49 -3.088276015119511692e-45 -2.344366541190099822e-42 -8.376068276036508598e-40 -2.317652310626361162e-37 -7.917667929910379277e-35 -3.427653395836808282e-32 -5.224027295968686500e-29 -1.391163477073567838e-24 -2.704853536716970509e-13
3.505140468227424755e+00 -5.912549300882668987e-49 -2.203587609958336849e-45 -1.660085240796932371e-42 -5.898512088741858003e-40 -1.625367180237071899e-37 -5.536317879549821842e-35 -2.393472520280933054e-32 -3.651685153981763092e-29 -9.799509708452039538e-25 -2.068878441999834332e-13
3.518515050167224434e+00 -4.264764173828798597e-49 -1.571963536490834821e-45 -1.175165664244521448e-42 -4.152177683873564066e-40 -1.139336992702064080e-37 -3.869051964827773172e-35 -1.670236506101243776e-32 -2.550605732548749135e-29 -6.896124360337929663e-25 -1.579657096018035227e-13
3.531889632107023669e+00 -3.077379383760366364e-49 -1.121754097940603830e-45 -8.321221628687070127e-43 -2.923503698260017918e-40 -7.987654046267622389e-38 -2.704088245873206595e-35 -1.165521606415352307e-32 -1.781266157688532983e-29 -4.851131452215262653e-25 -1.204448060644125203e-13
3.545264214046822904e+00 -2.226487951143067234e-49 -8.026952813467074328e-46 -5.908775237652526318e-43 -2.064261748283618171e-40 -5.615901490918499554e-38 -1.895209287478272872e-35 -8.155548534389052614e-33 -1.247218684643511230e-29 -3.420302965878072707e-25 -9.185470039121657711e-14
3.558638795986622139e+00 -1.610620783160122501e-49 -5.742499709838515820e-46 -4.194419121290999565e-43 -1.456994939367609597e-40 -3.946563283244974158e-38 -1.327566094793178766e-35 -5.703060854458994028e-33 -8.726178973311124282e-30 -2.409178154184860710e-25 -6.993136222212575536e-14
3.572013377926421374e+00 -1.165814693847928805e-49 -4.110546506288514803e-46 -2.979041681409711434e-43 -1.028871986980062816e-40 -2.774627433584626171e-38 -9.302741850806657773e-36 -3.989159549467668139e-33 -6.106166777490966318e-30 -1.696825865545070629e-25 -5.317867432695636399e-14
3.585387959866221053e+00 -8.458670777300248476e-50 -2.949668653460436479e-46 -2.121179201639459059e-43 -7.283994235936911917e-41 -1.955663451713460260e-38 -6.535169399961476125e-36 -2.797166876694431180e-33 -4.282720323200841631e-30 -1.197513139562893818e-25 -4.044471261118968227e-14
3.598762541806020288e+00 -6.136268885513569704e-50 -2.116123672847323880e-46 -1.509871071750583058e-43 -5.154761339315582870e-41 -1.377787765451954349e-38 -4.588447466871799401e-36 -1.960102588030158555e-33 -3.001521599564761229e-30 -8.443287717822408786e-26 -3.070862193922031638e-14
3.612137123745819522e+00 -4.455166432066327034e-50 -1.519353227161812936e-46 -1.075573570732922435e-43 -3.650644550249618342e-41 -9.713427794299874502e-39 -3.223665950270846112e-36 -1.374295687719023264e-33 -2.104509398188401341e-30 -5.954311716591637406e-26 -2.329447700416227899e-14
3.625511705685618757e+00 -3.241492177084298350e-50 -1.093278418862168393e-46 -7.679128209487377392e-44 -2.591246477862292291e-41 -6.863389247458069418e-39 -2.269851691908041832e-36 -9.656479375381580770e-34 -1.478580052337290661e-30 -4.206450840808473536e-26 -1.767130308044025781e-14
3.638886287625418436e+00 -2.358065287148973956e-50 -7.864985262572493266e-47 -5.480840756743708497e-44 -1.838574031462707142e-41 -4.847377093861319937e-39 -1.597394496133647997e-36 -6.780881676681046348e-34 -1.038045105546525943e-30 -2.968912806508908257e-26 -1.338377609414492983e-14
3.652260869565217671e+00 -1.717177200550754486e-50 -5.663873256222069088e-47 -3.915836105362225482e-44 -1.305823543616196361e-41 -3.426809550669186803e-39 -1.125171969319631753e-36 -4.765562947093562724e-34 -7.292854632724915600e-31 -2.096480537993029362e-26 -1.012939513022414868e-14
3.665635451505016906e+00 -1.252801355642572149e-50 -4.086615601527747077e-47 -2.803172537003799987e-44 -9.292659908183367235e-42 -2.427289782458124036e-39 -7.940741764436224290e-37 -3.355466358877936217e-34 -5.132636993637454380e-31 -1.482640677197422636e-26 -7.666002276097094017e-15
3.679010033444816141e+00 -9.138589509526761289e-51 -2.947880621328422692e-47 -2.006041945815351574e-44 -6.610447606538760530e-42 -1.718533971485085745e-39 -5.601110020833986765e-37 -2.361156989536817492e-34 -3.609664966394041452e-31 -1.047578545912081237e-26 -5.792528369031907307e-15
3.692384615384615376e+00 -6.674399124403144202e-51 -2.129116527861399600e-47 -1.437384375795605611e-44 -4.708233920928242612e-42 -1.218201371192137209e-39 -3.955418437166477290e-37 -1.663313379683387586e-34 -2.541105137480421895e-31 -7.407469981170664600e-27 -4.374849890092235690e-15
3.705759197324415055e+00 -4.882542586861178333e-51 -1.540318730389385070e-47 -1.031660486021079458e-44 -3.359059373758748289e-42 -8.649822638843164235e-40 -2.797848809091363939e-37 -1.173579902989127381e-34 -1.791520672353570947e-31 -5.244400412232896352e-27 -3.303661361121518694e-15
3.719133779264214290e+00 -3.571175333796410246e-51 -1.114088281695497068e-47 -7.402324657791525843e-45 -2.395608307608136663e-42 -6.139090334139053239e-40 -1.978024018250430406e-37 -8.275421027749807163e-35 -1.262150680154152996e-31 -3.709679682051250085e-27 -2.490928739577125057e-15
3.732508361204013525e+00 -2.615752979866302623e-51 -8.069813174626466409e-48 -5.319112345689150681e-45 -1.711007282336715608e-42 -4.363459870213663861e-40 -1.400405131552300060e-37 -5.843293279995862794e-35 -8.903198747943073260e-32 -2.626804454014791473e-27 -1.877693729691696658e-15
3.745882943143812760e+00 -1.918585229471246740e-51 -5.853568727448336296e-48 -3.827619181405841340e-45 -1.223784883236984995e-42 -3.105760061169160950e-40 -9.928214458610286407e-38 -4.131395521692845213e-35 -6.287948350491136084e-32 -1.861891590961613086e-27 -1.415077310015090517e-15
3.759257525083611995e+00 -1.407012222097098556e-51 -4.244997111696228672e-48 -2.753517377571211934e-45 -8.749825741170346142e-43 -2.209615556546245974e-40 -7.035063523006989291e-38 -2.919304920960067501e-35 -4.437802741363888135e-32 -1.318571405590165404e-27 -1.064847242398456484e-15
3.772632107023411674e+00 -1.033520031600690064e-51 -3.083610815037806410e-48 -1.984187112802348858e-45 -6.266602632213307645e-43 -1.574708802520562722e-40 -4.993305721236142853e-38 -2.066161361602583421e-35 -3.136807444544826098e-32 -9.350216614087378206e-28 -8.013035141764456653e-16
3.786006688963210909e+00 -7.600488979890039628e-52 -2.242598983063464805e-48 -1.431489567531931320e-45 -4.493360902248322215e-43 -1.123520108257367396e-40 -3.548047989299910639e-38 -1.463882807791067561e-35 -2.219337884912564225e-32 -6.635439881371810024e-28 -6.027692985764976948e-16
3.799381270903010144e+00 -5.588558796842579846e-52 -1.630596656516013527e-48 -1.032445184528656748e-45 -3.220739560615801771e-43 -8.012681014259035199e-41 -2.519853575673568136e-38 -1.036567932361113745e-35 -1.569141091433560559e-32 -4.704887282315646228e-28 -4.527688781423745273e-16
3.812755852842809379e+00 -4.116687655627567530e-52 -1.187843225474278391e-48 -7.460689478516351858e-46 -2.313024558276519298e-43 -5.725527634383644381e-41 -1.793057521095199448e-38 -7.353680213607582474e-36 -1.111420614174149485e-32 -3.341316894916417130e-28 -3.401842855284597007e-16
3.826130434782609058e+00 -3.035332457948621584e-52 -8.661315870368073073e-49 -5.396342415376240256e-46 -1.662669252297366825e-43 -4.094892262944363308e-41 -1.276982769781820081e-38 -5.221066904673182140e-36 -7.877749425289140286e-33 -2.374180763112800207e-28 -2.554747430075161009e-16
3.839505016722408293e+00 -2.237726232228624734e-52 -6.314200378561556112e-49 -3.902117992384318170e-46 -1.194769315003767728e-43 -2.927478029174801985e-41 -9.090099380360211831e-39 -3.704862408257368025e-36 -5.580058939532436674e-33 -1.685594469239215536e-28 -1.915908835502199767e-16
3.852879598662207528e+00 -1.653045306155896469e-52 -4.612797596351084758e-49 -2.827701675995451222e-46 -8.604114277943981064e-44 -2.097457149892663332e-41 -6.484804504590041437e-39 -2.634605894116507624e-36 -3.960703635927496815e-33 -1.198958069195038211e-28 -1.437567110743735729e-16
3.866254180602006763e+00 -1.222044756057199786e-52 -3.372335617137654210e-49 -2.050591483467841229e-46 -6.200544328891273742e-44 -1.503764935891000503e-41 -4.629066425411482736e-39 -1.874573217907605902e-36 -2.812610693614208325e-33 -8.530689972216132420e-29 -1.078023777888539065e-16
3.879628762541805997e+00 -9.033245132617829811e-53 -2.465014671132766510e-49 -1.486682267302241469e-46 -4.467037289069944492e-44 -1.077717722135987922e-41 -3.302914123196795379e-39 -1.333099855514443956e-36 -1.996070959334859298e-33 -6.064924178442990292e-29 -8.073233231114734661e-17
3.893003344481605676e+00 -6.692142088985218989e-53 -1.805986680601242505e-49 -1.080413190005499787e-46 -3.225955763051757351e-44 -7.742618167619960439e-42 -2.362432741108696676e-39 -9.503230245536481295e-37 -1.419910297071460132e-33 -4.321194228477180565e-29 -6.050760514398291305e-17
3.906377926421404911e+00 -4.960553315878636462e-53 -1.323865705195018011e-49 -7.855688226764474330e-47 -2.330806536097611846e-44 -5.564976414618888867e-42 -1.690415820470711631e-39 -6.776818783774214416e-37 -1.010306094863494508e-33 -3.079066823984461942e-29 -4.531781230641094711e-17
3.919752508361204146e+00 -3.676706774806453539e-53 -9.703028235814333772e-50 -5.710645477497103867e-47 -1.683582912493291121e-44 -3.998457102708486459e-42 -1.209069983920170836e-39 -4.830270749895766467e-37 -7.184436932887646915e-34 -2.192379008502582449e-29 -3.389762012519974762e-17
3.933127090301003381e+00 -2.731664411471145108e-53 -7.129525155215665375e-50 -4.162069542788169693e-47 -1.219292770427158441e-44 -2.880583910124060083e-42 -8.671091091555711042e-40 -3.452041460372777699e-37 -5.122315927079373474e-34 -1.564836484641091030e-29 -2.538164497730520380e-17
3.946501672240803060e+00 -2.030212997849629162e-53 -5.240197594362314638e-50 -3.034263621463823750e-47 -8.832547881462028533e-45 -2.075656683555682962e-42 -6.219583684554978727e-40 -2.467286525354244990e-37 -3.652084144977805334e-34 -1.116750848626830012e-29 -1.898868013930947883e-17
3.959876254180602295e+00 -1.508669374780793751e-53 -3.850766780926135149e-50 -2.211492860628048161e-47 -6.396297048176176769e-45 -1.495100798358658000e-42 -4.459241798738016040e-40 -1.762561511392099415e-37 -2.602284482065712422e-34 -7.963760246143661491e-30 -1.418726319010097008e-17
3.973250836120401530e+00 -1.123821692983753835e-53 -2.836994397698138642e-50 -1.616109680553881204e-47 -4.644651365269528999e-45 -1.079909002136448560e-42 -3.206075529709920017e-40 -1.262646760036010544e-37 -1.859353822305601329e-34 -5.693785744642741866e-30 -1.061208285934369065e-17
3.986625418060200765e+00 -8.370562056120770793e-54 -2.089820327081974947e-50 -1.180809109665095251e-47 -3.371977110195461723e-45 -7.798163822693265630e-43 -2.304373074005356668e-40 -9.041895606478816203e-38 -1.327919662066982821e-34 -4.068391132968835853e-30 -7.927899834464411536e-18
4.000000000000000000e+00 -6.231170103874799018e-54 -1.538483511452138970e-50 -8.621821418289807183e-48 -2.446268651231864922e-45 -5.626808099890472230e-43 -1.654892575477745612e-40 -6.469121349321650816e-38 -9.474355224599953541e-35 -2.903682493024287653e-30 -5.912615534902149821e-18
