1.000000000000000021e-03 1.069544787954404942e-07 1.071132024657275326e-07 1.071542759306473012e-07 1.071789808630042729e-07 1.071964292989891277e-07 1.072104080545318251e-07 1.072222563302657109e-07 1.072331877993150896e-07 1.072446667830218315e-07 1.072594414742742011e-07
1.437458193979933296e-02 1.475323036698116938e-06 1.508325175458455710e-06 1.516870232446222089e-06 1.522009926778962843e-06 1.525639956047991557e-06 1.528548141733446562e-06 1.531013095482829744e-06 1.533287313793125475e-06 1.535675438830251761e-06 1.538749213564760159e-06
2.774916387959866504e-02 2.726063331860264985e-06 2.849637971610736580e-06 2.881692527967824054e-06 2.900972753001203207e-06 2.914589862629442336e-06 2.925499164005054798e-06 2.934745796179698610e-06 2.943276934017645626e-06 2.952235363282513372e-06 2.963765828860286077e-06
4.112374581939799711e-02 3.856713801494825048e-06 4.128954679142654123e-06 4.199805613494266528e-06 4.242421145055746810e-06 4.272519360410265589e-06 4.296632443959920127e-06 4.317070490953338151e-06 4.335927064108418721e-06 4.355728089481474918e-06 4.381214146770289161e-06
5.449832775919732919e-02 4.865596656675935884e-06 5.344272631344936538e-06 5.469472596239534155e-06 5.544778068274449160e-06 5.597964318254939944e-06 5.640574302746252965e-06 5.676690167547577805e-06 5.710011426027142443e-06 5.745001616407427915e-06 5.790037768817591181e-06
6.787290969899666127e-02 5.751908973417020770e-06 6.493681987332208187e-06 6.689034110419012902e-06 6.806534813030726906e-06 6.889522430970248402e-06 6.956007680723186450e-06 7.012360019735386279e-06 7.064351876070069100e-06 7.118947801745887692e-06 7.189218652032424452e-06
8.124749163879599334e-02 6.515770365140263057e-06 7.575364213304594764e-06 7.856907103041690262e-06 8.026249963701393672e-06 8.145852317634993438e-06 8.241671339433029198e-06 8.322886737137719966e-06 8.397817775736003110e-06 8.476501817863475757e-06 8.577776674472924054e-06
9.462207357859532542e-02 7.158235781660504873e-06 8.587590472549408343e-06 8.971583541505578837e-06 9.202548297289833237e-06 9.365672555140937427e-06 9.496359003231241562e-06 9.607127738468794118e-06 9.709325309497736630e-06 9.816641558339248914e-06 9.954769155999775845e-06
1.079966555183946575e-01 7.681284296891580359e-06 9.528719932404748573e-06 1.003162904978950971e-05 1.033411961765101956e-05 1.054776065228341980e-05 1.071891844542986231e-05 1.086399035265456189e-05 1.099783675354650374e-05 1.113838699872398998e-05 1.131929033746848480e-05
1.213712374581939896e-01 8.087792995453120263e-06 1.039719799640611597e-05 1.103568147999105683e-05 1.141971753122919809e-05 1.169095196971992136e-05 1.190825052379808394e-05 1.209243095226574397e-05 1.226235969957965867e-05 1.244079951520798513e-05 1.267047082151805974e-05
1.347458193979933216e-01 8.381501995542026403e-06 1.119155447009784325e-05 1.198244942588014418e-05 1.245815817015681893e-05 1.279413859106525791e-05 1.306330817022427879e-05 1.329145404367603815e-05 1.350194623767862688e-05 1.372298116486276787e-05 1.400747697813055092e-05
1.481204013377926398e-01 8.566974118915360361e-06 1.191040167061280954e-05 1.287071068502477992e-05 1.344831886847139067e-05 1.385626815031532123e-05 1.418309533927845014e-05 1.446011131830083013e-05 1.471569210227904730e-05 1.498407393108736448e-05 1.532951031811369966e-05
1.614949832775919858e-01 8.649551302573431892e-06 1.255243249717082613e-05 1.369931067590162437e-05 1.438913679708800797e-05 1.487634262068968578e-05 1.526666592032750944e-05 1.559750066919723580e-05 1.590273578517056524e-05 1.622325893783616612e-05 1.663580683762029764e-05
1.748695652173913317e-01 8.635309238810908673e-06 1.311641850484666756e-05 1.446716081623362133e-05 1.527960756302210990e-05 1.585341706985969577e-05 1.631312261774640874e-05 1.670276517720990724e-05 1.706225761938023880e-05 1.743975563613515584e-05 1.792563633676396405e-05
1.882441471571906499e-01 8.531011389387547914e-06 1.360120810099480426e-05 1.517323686860343830e-05 1.611878377819258985e-05 1.678659838638519946e-05 1.732161580364250004e-05 1.777509207073567067e-05 1.819347883769478275e-05 1.863282096630824774e-05 1.919830171532382158e-05
2.016187290969899681e-01 8.344063046194172422e-06 1.400572518745626573e-05 1.581657725918014622e-05 1.690577360295247134e-05 1.767504398202241319e-05 1.829134234736731084e-05 1.881371166305225053e-05 1.929566060946352556e-05 1.980174849923667068e-05 2.045313824845057551e-05
2.149933110367893141e-01 8.082465310597830626e-06 1.432896903958414142e-05 1.639628137518716117e-05 1.763973926929505366e-05 1.851796047439031105e-05 1.922154442593384049e-05 1.981789627101625980e-05 2.036810305919836415e-05 2.094586755986463283e-05 2.168951284519716506e-05
2.283678929765886600e-01 7.754767643524686409e-06 1.457001714530170984e-05 1.691150784660881560e-05 1.831989558847169170e-05 1.931460235429482885e-05 2.011150831928918876e-05 2.078695911878368624e-05 2.141014427035060311e-05 2.206454233604387936e-05 2.290682329259686770e-05
2.417424749163879782e-01 7.370015925514594343e-06 1.472803432737767671e-05 1.736147281789303159e-05 1.894550844753416943e-05 2.006427064181295599e-05 2.096056319421473705e-05 2.172025323004603812e-05 2.242115927750014598e-05 2.315717097568235813e-05 2.410449748790598144e-05
2.551170568561872964e-01 6.937690762655409351e-06 1.480229379740256933e-05 1.774544821717423241e-05 1.951589329908351675e-05 2.076631153503239111e-05 2.176807988044103976e-05 2.261717031210739101e-05 2.340055905004066218e-05 2.422318467502617841e-05 2.528199266151336623e-05
2.684916387959866424e-01 6.467628339358300987e-06 1.479221853195661614e-05 1.806276003730131489e-05 2.003041364827018748e-05 2.142011505513174432e-05 2.253346964237347219e-05 2.347713963495359950e-05 2.434778947028625921e-05 2.526204676076454456e-05 2.643879459290211285e-05
2.818662207357859883e-01 5.969914152857569924e-06 1.469745366120436177e-05 1.831278666421933763e-05 2.048847954085045359e-05 2.202511369127015697e-05 2.325618294963012822e-05 2.429962690828868071e-05 2.526233030876561930e-05 2.627325176850265311e-05 2.757441682192486991e-05
2.952408026755852788e-01 5.454739611421814213e-06 1.451798103445339575e-05 1.849495734656598744e-05 2.088954605586911038e-05 2.258078104853790885e-05 2.393570824939616321e-05 2.508413315933270078e-05 2.614369419930427955e-05 2.725632452000108615e-05 2.868839985753056393e-05
3.086153846153846247e-01 4.932214005807014725e-06 1.425428424481877769e-05 1.860875104186078473e-05 2.123311180633322265e-05 2.308663050200164416e-05 2.457157074340118508e-05 2.583019361399542979e-05 2.699142561633205407e-05 2.821081920143196970e-05 2.978031038595194222e-05
3.219899665551839707e-01 4.412130547771627138e-06 1.390756516908212473e-05 1.865369617984475911e-05 2.151871745116690974e-05 2.354221385966009285e-05 2.516333117212870424e-05 2.653737658385939253e-05 2.780509985668704227e-05 2.913631844475331089e-05 3.084974048023823130e-05
3.353645484949833167e-01 3.903694642717282152e-06 1.348000180252018927e-05 1.862937246792119159e-05 2.174594422213841380e-05 2.394712003691226387e-05 2.571058460867175051e-05 2.720528236122740133e-05 2.858432202802505432e-05 3.003243241415613768e-05 3.189630681288711583e-05
3.487391304347826626e-01 3.415233504526205582e-06 1.297502378417284825e-05 1.853541685239933046e-05 2.191441247142075834e-05 2.430097374492842728e-05 2.621295926445595025e-05 2.783354212431251567e-05 2.932872604577989840e-05 3.089879789939160599e-05 3.291964987320658017e-05
3.621137123745819530e-01 2.953915680254250832e-06 1.239756979778508617e-05 1.837153720987161297e-05 2.202378025202137476e-05 2.460343419510857633e-05 2.667011530886287149e-05 2.842181685447624584e-05 3.003797364046279964e-05 3.173507741764275164e-05 3.391943319091122062e-05
3.754882943143812990e-01 2.525513898632867038e-06 1.175428364968082024e-05 1.813753917762269766e-05 2.207374196200216973e-05 2.485419382161876129e-05 2.708174370460328945e-05 2.896979626725133345e-05 3.071175337693378594e-05 3.254095832546413354e-05 3.489534256733583015e-05
3.888628762541806450e-01 2.134242771705391329e-06 1.105360604160476430e-05 1.783337336270324905e-05 2.206402713059408429e-05 2.505297702382825240e-05 2.744756506051092805e-05 2.947719775872171711e-05 3.134977968712607472e-05 3.331615194217558821e-05 3.584708531553099098e-05
4.022374581939799354e-01 1.782694061243562257e-06 1.030572779472276145e-05 1.745921128714284832e-05 2.199439953140180443e-05 2.519953893039311759e-05 2.776732850325617987e-05 2.994376536867433318e-05 3.195179191756066108e-05 3.406039268596470750e-05 3.677438951038706279e-05
4.156120401337792813e-01 1.471878359435581397e-06 9.522386311517320803e-06 1.701555788209253801e-05 2.186465702707693275e-05 2.529366418695100293e-05 2.804081056931324105e-05 3.036926876178394635e-05 3.251755339284534278e-05 3.477343722382305837e-05 3.767700324982489372e-05
4.289866220735786273e-01 1.201366473684841683e-06 8.716507448328195850e-06 1.650340521882582442e-05 2.167463295402462481e-05 2.533516577051661412e-05 2.826781411835646828e-05 3.075350222794725401e-05 3.304685049621971729e-05 3.545506363631953324e-05 3.855469392797979269e-05
4.423612040133779733e-01 9.695102098866921626e-07 7.901715967474649404e-06 1.592442597998231497e-05 2.142420052443553375e-05 2.532388383733352223e-05 2.844816726911130814e-05 3.109628370274212058e-05 3.353949176807751142e-05 3.610507059809563466e-05 3.940724752120500668e-05
4.557357859531773192e-01 7.737134369817111142e-07 7.091755737108909237e-06 1.528119628370368160e-05 2.111328270613462455e-05 2.525968462107649784e-05 2.858172235854695403e-05 3.139745380885586816e-05 3.399530702327593218e-05 3.672327657485634049e-05 4.023446788762149773e-05
4.691103678929766096e-01 6.107215389041876858e-07 6.299873065835268128e-06 1.457742725479342206e-05 2.074187129959218504e-05 2.514245942336501034e-05 2.866835492518039907e-05 3.165687491920056836e-05 3.441414648792419373e-05 3.730951903752210719e-05 4.103617608084974162e-05
4.824849498327759556e-01 4.769002007612153010e-07 5.538221372872570776e-06 1.381817543748008371e-05 2.031006027044212053e-05 2.497212379479434228e-05 2.870796271720255227e-05 3.187443024231532615e-05 3.479587995623561889e-05 3.786365369410904242e-05 4.181220967843445150e-05
4.958595317725753016e-01 3.684812889942927370e-07 4.817342402749458028e-06 1.300999635949875331e-05 1.981809941807416477e-05 2.474861711969776842e-05 2.870046472625126561e-05 3.205002293054347724e-05 3.514039596792190235e-05 3.838555373980766851e-05 4.256242212552561170e-05
5.092341137123745920e-01 2.817622077800197390e-07 4.145769141101651523e-06 1.216100549240026386e-05 1.926647458850099017e-05 2.447190303223211778e-05 2.864580024826509196e-05 3.218357521136954992e-05 3.544760100651375652e-05 3.887510912564173316e-05 4.328668209402109510e-05
5.226086956521739380e-01 2.132535451987885234e-07 3.529780203289773295e-06 1.128081761206222854e-05 1.865601923184435015e-05 2.414197145486023422e-05 2.854392797479527038e-05 3.227502754220299346e-05 3.571741871890007832e-05 3.933222584600728962e-05 4.398487285765272418e-05
5.359832775919732839e-01 1.597766661118681919e-07 2.973317204085600005e-06 1.038034871532350238e-05 1.798805866994705873e-05 2.375884360767883228e-05 2.839482512339078563e-05 3.232433778880746138e-05 3.594978915629408830e-05 3.975682524531115694e-05 4.465689168314800772e-05
5.493578595317726299e-01 1.185175146883270046e-07 2.478058272276692075e-06 9.471482223518360729e-06 1.726458289084104551e-05 2.332258210119897003e-05 2.819848662836186399e-05 3.233148042749672108e-05 3.614466803675749502e-05 4.014884334385934229e-05 4.530264923767485946e-05
5.627324414715719758e-01 8.704525540150242627e-08 2.043625108765297053e-06 8.566620118021620292e-06 1.648843654557617582e-05 2.283330913980626250e-05 2.795492444135748585e-05 3.229644577116326537e-05 3.630202602934098091e-05 4.050823018307689647e-05 4.592206901267740035e-05
5.761070234113713218e-01 6.330492212129370691e-08 1.667889839339664910e-06 7.678156428863353942e-06 1.566350726969280608e-05 2.229123676599074858e-05 2.766416704851033066e-05 3.221923921920785580e-05 3.642184805983368450e-05 4.083494919008092729e-05 4.651508676416088992e-05
5.894816053511705567e-01 4.559254749899172942e-08 1.347342448829716662e-06 6.817922062409577875e-06 1.479488715869530289e-05 2.169671368151523247e-05 2.732625941841264688e-05 3.209988053159991672e-05 3.650413263805389591e-05 4.112897656157103276e-05 4.708164996943233269e-05
6.028561872909699026e-01 3.251987827139968963e-08 1.077479775943759307e-06 5.996654306629335907e-06 1.388897898448066528e-05 2.105029310757452080e-05 2.694126378063530286e-05 3.193840312787866526e-05 3.654889120655761077e-05 4.139030066695126504e-05 4.762171730025854132e-05
6.162307692307692486e-01 2.297419147098250836e-08 8.531819234131166112e-07 5.223540939121534410e-06 1.295351996896322909e-05 2.035282498927216618e-05 2.650926192772637828e-05 3.173485341353679730e-05 3.655614751059262183e-05 4.161892147055006481e-05 4.813525811235835617e-05
6.296053511705685946e-01 1.607720113326080857e-08 6.690499131033638285e-07 4.505878601362935949e-06 1.199750223257452080e-05 1.960557331775417828e-05 2.603036015579805436e-05 3.148929014028175748e-05 3.652593698908069832e-05 4.181484997276299317e-05 4.862225195111016530e-05
6.429799331103679405e-01 1.114573580790354317e-08 5.196877182092437110e-07 3.848870079825676807e-06 1.103097992238247661e-05 1.881035540082580157e-05 2.550469850523195904e-05 3.120178381591094099e-05 3.645830618637429854e-05 4.197810766990556062e-05 4.908268807331909469e-05
6.563545150501672865e-01 7.655825167347066558e-09 3.999208496925157210e-07 3.255568085948889046e-06 1.006476693918008196e-05 1.796969489810144321e-05 2.493246658224640511e-05 3.087241619901029931e-05 3.635331218450778680e-05 4.210872603252821663e-05 4.951656498485821251e-05
6.697290969899666324e-01 5.211051249571631385e-09 3.049513138087994013e-07 2.726956836866663378e-06 9.110043800345697527e-06 1.708697509230737630e-05 2.431392881825895108e-05 3.050127995177765957e-05 3.621102205566671011e-05 4.220674600191749569e-05 4.992388999396999024e-05
6.831036789297659784e-01 3.515460673017621529e-09 2.304543731458067526e-07 2.262149508862938882e-06 8.177904916324309141e-06 1.616657425150523845e-05 2.364946237264765980e-05 3.008847859346726293e-05 3.603151233466938701e-05 4.227221750447860484e-05 5.030467877998888627e-05
6.964782608695653243e-01 2.350955139811888146e-09 1.726260030267312590e-07 1.858670928013946912e-06 7.278886165942161938e-06 1.521396221132175370e-05 2.293961077144258227e-05 2.963412701357615795e-05 3.581486851150486101e-05 4.230519898367432089e-05 5.065895497722573118e-05
7.098528428093645593e-01 1.558837759824606810e-09 1.281914654626917000e-07 1.512791170778826564e-06 6.422515679914537810e-06 1.423573745958340873e-05 2.218515556295732358e-05 2.913835298580217282e-05 3.556118454464563135e-05 4.230575694917196495e-05 5.098674977373452252e-05
7.232274247491639052e-01 1.025057388584764210e-09 9.438545411526141145e-08 1.219876682495272522e-06 5.616927816083289236e-06 1.323958757064985793e-05 2.138720659310035442e-05 2.860130038502254981e-05 3.527056239749187772e-05 4.227396554283639188e-05 5.128810152466638738e-05
7.366020066889632512e-01 6.686339709841446477e-10 6.891328821835992117e-08 9.747300555634848910e-07 4.868572161259854021e-06 1.223416269767504482e-05 2.054730893684211338e-05 2.802313515160307684e-05 3.494311160397827723e-05 4.220990612119028274e-05 5.156305537990114586e-05
7.499765886287625971e-01 4.327421343767064268e-10 4.990110458713676730e-08 7.718963887548716301e-07 4.182037612915661679e-06 1.122886118113420123e-05 1.966756125563126498e-05 2.740405544829648449e-05 3.457894887704646185e-05 4.211366685395307428e-05 5.181166292563711012e-05
7.633511705685619431e-01 2.779599126048508943e-10 3.584127396295371483e-08 6.059218011431147765e-07 3.559998239788767112e-06 1.023353680024464092e-05 1.875073679907929337e-05 2.674430785905154844e-05 3.417819778868307279e-05 4.198534233826107696e-05 5.203398183960709569e-05
7.767257525083612890e-01 1.772403032659779619e-10 2.553759912103390566e-08 4.715570370695939413e-07 3.003274782480922339e-06 9.258147114178058126e-06 1.780039503590937177e-05 2.604421179137649315e-05 3.374098857765624442e-05 4.182503322816766089e-05 5.223007555958454916e-05
7.901003344481606350e-01 1.122245066936555200e-10 1.805338334084221250e-08 3.639053548367941343e-07 2.510995064588602414e-06 8.312370092958157485e-06 1.682096967269165795e-05 2.530419433551111684e-05 3.326745818806888487e-05 4.163284587902902256e-05 5.240001296483491421e-05
8.034749163879598699e-01 7.057925291538888937e-11 1.266425472228171642e-08 2.785186014140558991e-07 2.080829362206203865e-06 7.405220580037508695e-06 1.581781822972729080e-05 2.452483756015024426e-05 3.275775071707878408e-05 4.140889200640704600e-05 5.254386807016549475e-05
8.168494983277592159e-01 4.410122853441581533e-11 8.816704979873432494e-09 2.114484329215392166e-07 1.709273343745545545e-06 6.544698427972117378e-06 1.479721981144224558e-05 2.370693945840995353e-05 3.221201856245877620e-05 4.115328835920378103e-05 5.266171973222335341e-05
8.302240802675585618e-01 2.738602480858614567e-11 6.092628391324393445e-09 1.592611882618930643e-07 1.391951320901092275e-06 5.737496479111088534e-06 1.376631132223126287e-05 2.285158842979713185e-05 3.163042471627016273e-05 4.086615640694225956e-05 5.275365136768484788e-05
8.435986622073579078e-01 1.690565677522136516e-11 4.179689073239402090e-09 1.190252506404274524e-07 1.123915548624467224e-06 4.988789645002115904e-06 1.273295783965210605e-05 2.196024932273555263e-05 3.101314684918668311e-05 4.054762204158747258e-05 5.281975068299961151e-05
8.569732441471572537e-01 1.037717280408780249e-11 2.847059444542971336e-09 8.827918542902322207e-08 8.999222220908798469e-07 4.302117353953126807e-06 1.170555950846148247e-05 2.103485682039159312e-05 3.036038405860643776e-05 4.019781529531912562e-05 5.286010941531330199e-05
8.703478260869565997e-01 6.335602413252797328e-12 1.925918159035894502e-09 6.498785858814078162e-08 7.146706385745141962e-07 3.679361976203569553e-06 1.069280425349510050e-05 2.007790960792976042e-05 2.967236738418419084e-05 3.981687007790503488e-05 5.287482308424505017e-05
8.837224080267559456e-01 3.848352889895402272e-12 1.294035596816078687e-09 4.749240096225135282e-08 5.629978366776893929e-07 3.120816835787846966e-06 9.703381831217241905e-06 1.909255668465395682e-05 2.894937538022207448e-05 3.940492394137816949e-05 5.286399075415806144e-05
8.970969899665552916e-01 2.326238416554546016e-12 8.637791802456607061e-10 3.445850300739445348e-08 4.400262293950117330e-07 2.625330142682636931e-06 8.745679346889256067e-06 1.808266578802759177e-05 2.819175611303303635e-05 3.896211788770497983e-05 5.282771480658678592e-05
9.104715719063546375e-01 1.399709532954391145e-12 5.729156525217320429e-10 2.482624338874935594e-08 3.412659035570771041e-07 2.190506291325216696e-06 7.827480708092236723e-06 1.705286354399833444e-05 2.739995685256745871e-05 3.848859624855314999e-05 5.276610072248113273e-05
9.238461538461538725e-01 8.385626797579346466e-13 3.776551294352467643e-10 1.776355323721258528e-08 2.626762014361341977e-07 1.812943695217725627e-06 6.955692275794630609e-06 1.600853789259378443e-05 2.657456238651551038e-05 3.798450668871539300e-05 5.267925687393417350e-05
9.372207357859532184e-01 5.003270036261415341e-13 2.474592640823385204e-10 1.262452812170045042e-08 2.006929598503962431e-07 1.488488490864857047e-06 6.136114312423985555e-06 1.495579561738576390e-05 2.571634225989861031e-05 3.745000041947323528e-05 5.256729432506759353e-05
9.505953177257525644e-01 2.973701138766742988e-13 1.612143756307289170e-10 8.913121778255761876e-09 1.522285178981015440e-07 1.212485585286166004e-06 5.373273163639965610e-06 1.390137127498139544e-05 2.482630633221554733e-05 3.688523275897949969e-05 5.243032664175140513e-05
9.639698996655519103e-01 1.761030795300340106e-13 1.044442303485114733e-10 6.252269326769697243e-09 1.146515448837329659e-07 9.800120152825354653e-07 4.670323148154411246e-06 1.285248811527137195e-05 2.390576689866845286e-05 3.629036424633360898e-05 5.226846970984630318e-05
9.773444816053512563e-01 1.039348527907564078e-13 6.730311606815494416e-11 4.358163197136764726e-09 8.575313042177101209e-08 7.860817727162707845e-07 4.029020686744859342e-06 1.181667619154129430e-05 2.295640434976383793e-05 3.566556260483037669e-05 5.208184156166295858e-05
9.907190635451506022e-01 6.114704631678087812e-14 4.314648696682032084e-11 3.019209388438368959e-09 6.370464519061545703e-08 6.258155324361821772e-07 3.449767076274025311e-06 1.080155719762884542e-05 2.198033210051743150e-05 3.501100595420757314e-05 5.187056221034909290e-05
1.004093645484949837e+00 3.586758997518145884e-14 2.752355938332257388e-11 2.079093575635350817e-09 4.701180932163446369e-08 4.945726328201911410e-07 2.931711169776783837e-06 9.814609076820352587e-06 2.098015549101513977e-05 3.432688778217288608e-05 5.163475349194191654e-05
1.017468227424749072e+00 2.098122123836900833e-14 1.747436915901592850e-11 1.423358045752137352e-09 3.446833385206797408e-08 3.880458970141728494e-07 2.472899508983703391e-06 8.862925676935742554e-06 1.995901872775451884e-05 3.361342428582696993e-05 5.137453891487005225e-05
1.030842809364548529e+00 1.224186604318722544e-14 1.104394682683065510e-11 9.689088651639165164e-10 2.511152014588826239e-08 3.023222960343305503e-07 2.070459376096460892e-06 7.952987411160874524e-06 1.892063385092571757e-05 3.287086476101057033e-05 5.109004351679978322e-05
1.044217391304347764e+00 7.125843158792442555e-15 6.949605919557231117e-12 6.559196096453113279e-10 1.818136370367980985e-08 2.339140252127065670e-07 1.720799759861372768e-06 7.090457971871603073e-06 1.786928626585980345e-05 3.209950572468919588e-05 5.078139372892394250e-05
1.057591973244147221e+00 4.138826645366780935e-15 4.355070008056347327e-12 4.416602296096705749e-10 1.308403236218997817e-08 1.797653715697238807e-07 1.419816152284642969e-06 6.280019793176172820e-06 1.680981257545822869e-05 3.129970937422100514e-05 5.044871724821600208e-05
1.070966555183946456e+00 2.399099407372048716e-15 2.718403244726438107e-12 2.958473518689798524e-10 9.360072859536834942e-09 1.372409284835238161e-07 1.163087068655567952e-06 5.525257499762493499e-06 1.574754821549070364e-05 3.047192679470993982e-05 5.009214291896037891e-05
1.084341137123745691e+00 1.388110840845595027e-15 1.690439369806902819e-12 1.971791449380869290e-10 6.657328957290957153e-09 1.041004268263483060e-07 9.460528222022131258e-07 4.828594461222511264e-06 1.468824456826112599e-05 2.961672600994044494e-05 4.971180062631452552e-05
1.097715719063545148e+00 8.018202925342431972e-16 1.047451425371959412e-12 1.307797925425612531e-10 4.708306624618228445e-09 7.846485816375551243e-08 7.641699997969816010e-07 4.191283280622382360e-06 1.363795759642751747e-05 2.873482453908261019e-05 4.930782120717209539e-05
1.111090301003344383e+00 4.624622950354389902e-16 6.468396560296712773e-13 8.633348172476342633e-11 3.311572781504040948e-09 5.877780621363884485e-08 6.130379439027302257e-07 3.613447043913729242e-06 1.260291235330659405e-05 2.782712559656657698e-05 4.888033638776878169e-05
1.124464882943143840e+00 2.663721172001183142e-16 3.981676008307933044e-13 5.673477161491957470e-11 2.316700160168163298e-09 4.376508988321331809e-08 4.884960967995016799e-07 3.094164817944100505e-06 1.158934974851579202e-05 2.689475650319057972e-05 4.842947876409255939e-05
1.137839464882943075e+00 1.532422520517079145e-16 2.443531554126323717e-13 3.712128966525237346e-11 1.612250973537103987e-09 3.239503636516822339e-08 3.866931457414583938e-07 2.631592462216083510e-06 1.060336347255652144e-05 2.593910732626665197e-05 4.795538185115925099e-05
1.151214046822742532e+00 8.806580380169908209e-17 1.495295542020182275e-13 2.418646086742885707e-11 1.116308723898865907e-09 2.384099859737361992e-08 3.041304486374845613e-07 2.223108429506667499e-06 9.650735863732589433e-06 2.496186730772806116e-05 4.745818024159076875e-05
1.164588628762541767e+00 5.056317645795709322e-17 9.125686128224457210e-14 1.569525520611559423e-11 7.691066923858495352e-10 1.744713613138242117e-08 2.376832182438528130e-07 1.865473859480417299e-06 8.736781661685689485e-06 2.396505634182649348e-05 4.693800993355126569e-05
1.177963210702341001e+00 2.900791795587123652e-17 5.555252319023814991e-14 1.014569471462742377e-11 5.273529217263046633e-10 1.269800163873723813e-08 1.846034509290227123e-07 1.554996797269125094e-06 7.866208037529471401e-06 2.295104868489696907e-05 4.639500891339095240e-05
1.191337792642140458e+00 1.663062380532096667e-17 3.373729081078213690e-14 6.534047345261116296e-12 3.599072473944223294e-10 9.192113321825117688e-09 1.425086887636819164e-07 1.287691601717193486e-06 7.042998097088071449e-06 2.192258625155481014e-05 4.582931810899456085e-05
1.204712374581939693e+00 9.529337014948423676e-18 2.044330742684324543e-14 4.193132854881996908e-12 2.445210644969479781e-10 6.619434630011497303e-09 1.093605003356849623e-07 1.059426314239237389e-06 6.270323355953334777e-06 2.088277927734866532e-05 4.524108286428033410e-05
1.218086956521739150e+00 5.457946176574632896e-18 1.236206578133179531e-14 2.681751671068278995e-12 1.654018322218320977e-10 4.742510946542140491e-09 8.343615550708999838e-08 8.660527039199774270e-07 5.550488657771241589e-06 1.983509277838645360e-05 4.463045512052689568e-05
1.231461538461538385e+00 3.125045909723881413e-18 7.460918478135996655e-15 1.709577072300189917e-12 1.114100686353674647e-10 3.380911045045118632e-09 6.329644138217824635e-08 7.035156758046116548e-07 4.884910843424374590e-06 1.878331805684053840e-05 4.399759652144032238e-05
1.244836120401337842e+00 1.788917523067943486e-18 4.494851527746641485e-15 1.086461598635392219e-12 7.473604818547764737e-11 2.398572510046737084e-09 4.775199420088312897e-08 5.679405569587861802e-07 4.274130368467418532e-06 1.773152941078088999e-05 4.334268267980613781e-05
1.258210702341137077e+00 1.023941706314334288e-18 2.703452476371555111e-15 6.884299476946711571e-13 4.993654645696178395e-11 1.693640183050549177e-09 3.582995979127207422e-08 4.556983389673383508e-07 3.717853177004157548e-06 1.668402712191469084e-05 4.266590884675602451e-05
1.271585284280936534e+00 5.860754250746405745e-19 1.623525342688847805e-15 4.349983225837550009e-13 3.323917563359697014e-11 1.190402616956688615e-09 2.674228107366455531e-08 3.634501876007981720e-07 3.215018603239454904e-06 1.564526863288103590e-05 4.196749720251240402e-05
1.284959866220735769e+00 3.354792900026422963e-19 9.736235765026242041e-16 2.741317037018762215e-13 2.204375128984923655e-11 8.329635891790013764e-10 1.985646691168448288e-08 2.881734080034917809e-07 2.763887972715940104e-06 1.461979051738732741e-05 4.124770593339791242e-05
1.298334448160535004e+00 1.920660768166682855e-19 5.831330518313162496e-16 1.723196465906672313e-13 1.456745941667535517e-11 5.803264002384674759e-10 1.466933190454217823e-08 2.271715914618726298e-07 2.362147950726324281e-06 1.361212434290979647e-05 4.050684016985848417e-05
1.311709030100334461e+00 1.099880504570108406e-19 3.488509275882810485e-16 1.080619322326079078e-13 9.594095479266595072e-12 4.026125241776922535e-10 1.078391184477020022e-08 1.780719081691315868e-07 2.007022526570303246e-06 1.262670980226386806e-05 3.974526473411683019e-05
1.325083612040133696e+00 6.300655807441214814e-20 2.084764813487820303e-16 6.761299402881595831e-14 6.298023074485023134e-12 2.781794597227386110e-10 7.889548667253350484e-09 1.388125052621654501e-07 1.695387781240343204e-06 1.166780854603725229e-05 3.896341848862520230e-05
1.338458193979933153e+00 3.610816217182358273e-20 1.244706055769992620e-16 4.221460671971929298e-14 4.121370999859609526e-12 1.914430140079561156e-10 5.744992304531208065e-09 1.076227824736484233e-07 1.423884186014500628e-06 1.073942200159835563e-05 3.816182989790262603e-05
1.351832775919732388e+00 2.070317021472638265e-20 7.425316728340439171e-17 2.630417177878012965e-14 2.688888545614221989e-12 1.312454231152219555e-10 4.164273840474324261e-09 8.299900919988296112e-08 1.189022026329857532e-06 9.845216149262772719e-06 3.734113323172135758e-05
1.365207357859531845e+00 1.187712087039563691e-20 4.426351163229986706e-17 1.635944295678323832e-14 1.749254320818410068e-12 8.964211272984304309e-11 3.005053455031694939e-09 6.367737022568288989e-08 9.872765395489126892e-07 8.988455783109211144e-06 3.650208466572959739e-05
1.378581939799331080e+00 6.818015377443984325e-21 2.636951259590814869e-17 1.015653593867248742e-14 1.134845206082606407e-12 6.100647275296487929e-11 2.159127398621319634e-09 4.860612682967473324e-08 8.151704016234718739e-07 8.171950255562029583e-06 3.564557739679328222e-05
1.391956521739130537e+00 3.916566758706047704e-21 1.570090872708132980e-17 6.295144287700199082e-15 7.343062903281625290e-13 4.137402907730989724e-11 1.544781478049102684e-09 3.691818902134260063e-08 6.693422133886958136e-07 7.398012131091562783e-06 3.477265480392744817e-05
1.405331103678929772e+00 2.251546063740577670e-21 9.344444832369281443e-18 3.895803696598821516e-15 4.739441794278677134e-13 2.796529444171074960e-11 1.100696694782009779e-09 2.790503627926668558e-08 5.466005570170031208e-07 6.668429589490043336e-06 3.388452066723684000e-05
1.418705685618729007e+00 1.295417116241974759e-21 5.559379946669830026e-18 2.407501816763417539e-15 3.051671315332300053e-13 1.884090205254047058e-11 7.811397551897586422e-10 2.099261238953786624e-08 4.439639717292324406e-07 5.984452850685200425e-06 3.298254551623014657e-05
1.432080267558528464e+00 7.459615920917663232e-22 3.306587520419796005e-18 1.485798221448199457e-15 1.960465115505386658e-13 1.265392078300229742e-11 5.522026444320987485e-10 1.571956115744229886e-08 3.586878098344947263e-07 5.346794362006110367e-06 3.206826831684549296e-05
1.445454849498327698e+00 4.299567230081722312e-22 1.966300065400185252e-18 9.158424618172018954e-16 1.256725267561164081e-13 8.473042800499521380e-12 3.888880705957486326e-10 1.171796461278985479e-08 2.882793721507812709e-07 4.755642010860083579e-06 3.114339291670895131e-05
1.458829431438127155e+00 2.480600085627336824e-22 1.169148336169314834e-18 5.638870932411543537e-16 8.039506066491342285e-14 5.657096693100246506e-12 2.728691475236423593e-10 8.696590541516655070e-09 2.305029931529408618e-07 4.210684212479971314e-06 3.020977893578383617e-05
1.472204013377926390e+00 1.432628957910341110e-22 6.951397621278297007e-19 3.468289434238196237e-16 5.133020076372776142e-14 3.766483100007766222e-12 1.907808274420062917e-10 6.426546003203293596e-09 1.833768689096156713e-07 3.711145382383724995e-06 2.926942709351866665e-05
1.485578595317725847e+00 8.282774939430632659e-23 4.133221854308749012e-19 2.131230155325403490e-16 3.271272847780889904e-14 2.501002936477342256e-12 1.329265793475118582e-10 4.729160950549851486e-09 1.451634199133333383e-07 3.255830042806157412e-06 2.832445927875848954e-05
1.498953177257525082e+00 4.794048017196052955e-23 2.457816916394230961e-19 1.308506729575233491e-16 2.081159046447938191e-14 1.656436828716635122e-12 9.230634781585163115e-11 3.465883860341978240e-09 1.143548843323595257e-07 2.843173635867169797e-06 2.737709396885724069e-05
1.512327759197324317e+00 2.777995601466959940e-23 1.461785120934269622e-19 8.027672352046501235e-17 1.321848882900650243e-14 1.094369471599573806e-12 6.389093809301879646e-11 2.529952455484503065e-09 8.965567318701007541e-08 2.471298025445410465e-06 2.642961786521578850e-05
1.525702341137123774e+00 1.611687155896118658e-23 8.695980651003501289e-20 4.921614917668490280e-17 8.382789822671681689e-15 7.213176334841081511e-13 4.408386968202586196e-11 1.839600911481766533e-09 6.996281349409393140e-08 2.138069663774728602e-06 2.548435481388168738e-05
1.539076923076923009e+00 9.361952630197152884e-24 5.174654124200120417e-20 3.015539142322970462e-17 5.308436678705947580e-15 4.743586515688941802e-13 3.032474420985264874e-11 1.332575096167947935e-09 5.434558090915470179e-08 1.841158472938872250e-06 2.454363320810719638e-05
1.552451505016722466e+00 5.445080217001564200e-24 3.080331552756366127e-20 1.846696444396380335e-17 3.357035534864148519e-15 3.112777861708785758e-13 2.079865496263317656e-11 9.617450772441159741e-10 4.202519779500990487e-08 1.578095638533817986e-06 2.360975311840951763e-05
1.565826086956521701e+00 3.171093954192079281e-24 1.834389611958833952e-20 1.130399516265586814e-17 2.120290145904914137e-15 2.038416360170182426e-13 1.422450337605879578e-11 6.916259918877607224e-10 3.235525932555682944e-08 1.346328720714311700e-06 2.268495436558557761e-05
1.579200668896321158e+00 1.849247246369789722e-24 1.092917252388481858e-20 6.916810902742194181e-18 1.337588230160933966e-15 1.332240595051396912e-13 9.701641448147647236e-12 4.956419078991403138e-10 2.480335821697909523e-08 1.143272743261739789e-06 2.177138665085717034e-05
1.592575250836120393e+00 1.079879277296328919e-24 6.514891606132883297e-21 4.231046739971056429e-18 8.428960398151111918e-16 8.690765985061903714e-14 6.599354172576735352e-12 3.539907508787610271e-10 1.893421317714389238e-08 9.663562078173408798e-07 2.087108269764729429e-05
1.605949832775919628e+00 6.314840464112395303e-25 3.885733539824475384e-21 2.587540472312260823e-18 5.306224202945298867e-16 5.659248808206835094e-14 4.477617464429337597e-12 2.519905578132190499e-10 1.439446927122032062e-08 8.130612814078510665e-07 1.998593515771662026e-05
1.619324414715719085e+00 3.698012821676047427e-25 2.319025568180594197e-21 1.582166854063216093e-18 3.337272843217757986e-16 3.678948065387011756e-14 3.030556910836407914e-12 1.788075418414914800e-10 1.089922983690666909e-08 6.809577044958256782e-07 1.911767780839067945e-05
1.632698996655518320e+00 2.168725253875972861e-25 1.384919956928314125e-21 9.673209706906201354e-19 2.097132469402641064e-16 2.387759298325788450e-14 2.046292470578593987e-12 1.264843628864306648e-10 8.220297391787096408e-09 5.677302492762211686e-07 1.826787133499593248e-05
1.646073578595317777e+00 1.273741678110000901e-25 8.276552953311009835e-22 5.913825779630849948e-19 1.316802160562550344e-16 1.547378008386674722e-14 1.378548318756618916e-12 8.920249091687607385e-11 6.176042159702122554e-09 4.711998115755457984e-07 1.743789376935626724e-05
1.659448160535117012e+00 7.492191574216102021e-26 4.949920993500996187e-22 3.615526205278731714e-19 8.262418811198607270e-17 1.001330263398864003e-14 9.266672797260537891e-13 6.272568800409474268e-11 4.622777870832408661e-09 3.893384353761722602e-07 1.662893545408654158e-05
1.672822742474916469e+00 4.413635696140398741e-26 2.962705274864033937e-22 2.210569156790828665e-19 5.181033600103538010e-17 6.470956279446573465e-15 6.216000394617618349e-13 4.398259235292702226e-11 3.447501693285743184e-09 3.202787409899255942e-07 1.584199823328762862e-05
1.686197324414715704e+00 2.604072243555469290e-26 1.774748258012955471e-22 1.351729991189499070e-19 3.246965779035335925e-17 4.176418864859548382e-15 4.161220365660274753e-13 3.075539010212983855e-11 2.561845010357723459e-09 2.623183539227429658e-07 1.507789843843756678e-05
1.699571906354515161e+00 1.538816400381718850e-26 1.064042970716302535e-22 8.267073938988558876e-20 2.033853900793144586e-17 2.692262869901122957e-15 2.780284655929214578e-13 2.144886051773941717e-11 1.897081074945464147e-09 2.139200122500330514e-07 1.433727314631114372e-05
1.712946488294314396e+00 9.107634490933432814e-27 6.385147651492176156e-23 5.057217802649572900e-20 1.273415886113223383e-17 1.733569251934474908e-15 1.854181910824830038e-13 1.491992933372178171e-11 1.400041589801577472e-09 1.737080691495962043e-07 1.362058913253571408e-05
1.726321070234113630e+00 5.399041491178353386e-27 3.835188159454368286e-23 3.094500639465771505e-20 7.969958993937354291e-18 1.115082173208739627e-15 1.234368645184911223e-13 1.035250125735584383e-11 1.029804688575656307e-09 1.404621093036358500e-07 1.292815392660233370e-05
1.739695652173913087e+00 3.205729084437285985e-27 2.305792844523511044e-23 1.894126169003842192e-20 4.986584698354359140e-18 7.165479547873351806e-16 8.203536073891862530e-14 7.165981216647438374e-12 7.550298009617113708e-10 1.131083695951957563e-07 1.226012838667420265e-05
1.753070234113712322e+00 1.906524473113894460e-27 1.387666384185672296e-23 1.159808264495423664e-20 3.119153405588127985e-18 4.600301352085547844e-16 5.443201912928636081e-14 4.948723385040508380e-12 5.518290768688078618e-10 9.070960286421358965e-08 1.161654024927266782e-05
1.766444816053511779e+00 1.135714726466438661e-27 8.359757769430373671e-24 7.104626895134029718e-21 1.950657396017996036e-18 2.950930821558835554e-16 3.606099283895299003e-14 3.409828597414596732e-12 4.020793955862310836e-10 7.245395542879428665e-08 1.099729816340572195e-05
1.779819397993311014e+00 6.776616380932162002e-28 5.041482317752183405e-24 4.354038119071257124e-21 1.219718180187981274e-18 1.891436543054030282e-16 2.385518607755351921e-14 2.344379469708475794e-12 2.920927875057092325e-10 5.764335113513028765e-08 1.040220578466962860e-05
1.793193979933110471e+00 4.050217763099278685e-28 3.043618704329811178e-24 2.669663033109551390e-21 7.625967544880309858e-19 1.211468134668172397e-16 1.575872638888452016e-14 1.608469428128243982e-12 2.115758931496768411e-10 4.568179260564433814e-08 9.830975576628527143e-06
1.806568561872909706e+00 2.424768831163875152e-28 1.839503604987275851e-24 1.637761495238247300e-21 4.767704458168273693e-19 7.754367376768896384e-17 1.039640429461011959e-14 1.101336956838104908e-12 1.528206192506422370e-10 3.606390885888276778e-08 9.283242039515678782e-06
1.819943143812709163e+00 1.454096036761770412e-28 1.113012072918429960e-24 1.005288964685782882e-21 2.980738233192583254e-19 4.960447058288361344e-17 6.850129549169782299e-15 7.526316604302567274e-13 1.100783135317493456e-10 2.836400125996755911e-08 8.758574156180766300e-06
1.833317725752508398e+00 8.734751455349953582e-29 6.742141417565315499e-25 6.174370021124090691e-22 1.863626968808301100e-19 3.171469126792844302e-17 4.508137139621945163e-15 5.133710757221107793e-13 7.907856220461916102e-11 2.222576945844171574e-08 8.256486909398946068e-06
1.846692307692307633e+00 5.255890460289348708e-29 4.088876695773752708e-25 3.794640890184970117e-22 1.165291472501537907e-19 2.026701514240155495e-17 2.963511282263941731e-15 3.495410021119573629e-13 5.666118055899756605e-11 1.735283724223917495e-08 7.776451781295765585e-06
1.860066889632107090e+00 3.167988529590615722e-29 2.482717419652631138e-25 2.333668818690475615e-22 7.287351168601260761e-20 1.294590500910805904e-17 1.946054086663966191e-15 2.375818475700859063e-13 4.049622394827007649e-11 1.350014590408419134e-08 7.317906193715436824e-06
1.873441471571906325e+00 1.912781518537039881e-29 1.509302101339131924e-25 1.436190069680442401e-22 4.558089278342546626e-20 8.266303278792049494e-18 1.276641964726071023e-15 1.612154879937962193e-13 2.887202332790823162e-11 1.046623991677666667e-08 6.880261887557430190e-06
1.886816053511705782e+00 1.156895758007685472e-29 9.186682651261170649e-26 8.845081867889759222e-23 2.851620727006331241e-20 5.276535059535947524e-18 8.367111648709321296e-16 1.092214735040949489e-13 2.053548378961457114e-11 8.086436060416101079e-09 6.462912269672339098e-06
1.900190635451505017e+00 7.009265583561194298e-30 5.598639718754509479e-26 5.451569875536138759e-23 1.784488217005848777e-20 3.367181264077047582e-18 5.478982679122746885e-16 7.388322598481025888e-14 1.457231189575762775e-11 6.226841882963384135e-09 6.065238778471427014e-06
1.913565217391304474e+00 4.254046936318374184e-30 3.416290568161678431e-26 3.362661280992294754e-23 1.117030843726567736e-20 2.148252253752490540e-18 3.584818889642141084e-16 4.990549996067647159e-14 1.031758541632539008e-11 4.779171520593397760e-09 5.686616334872278835e-06
1.926939799331103709e+00 2.586338064999454269e-30 2.087287948589799834e-26 2.075859704198708768e-23 6.994588752415520908e-21 1.370330918760725865e-18 2.343698808987748397e-16 3.366226344255340530e-14 7.289262682866243582e-12 3.656295356859010637e-09 5.326417954600873376e-06
1.940314381270902944e+00 1.575154211897426435e-30 1.276943369725787596e-26 1.282558672612295422e-23 4.381473123805513289e-21 8.739904660439834104e-19 1.531184004839918560e-16 2.267553657073311831e-14 5.138949880599070009e-12 2.788453633626878511e-09 4.984018602284396800e-06
1.953688963210702401e+00 9.609856672410169311e-31 7.822195646544133299e-27 7.931063240216296738e-24 2.745705260725272611e-21 5.573757000885905580e-19 9.996939324668037586e-17 1.525518965146261375e-14 3.615590834896976536e-12 2.120061883498238128e-09 4.658798368260092673e-06
1.967063545150501636e+00 5.873105741165230218e-31 4.797988217184469910e-27 4.908746622909990662e-24 1.721384094548995186e-21 3.554413109497872178e-19 6.522938426129778174e-17 1.025059972642981730e-14 2.538789350377391015e-12 1.607036899696172331e-09 4.350145046571697478e-06
1.980438127090301093e+00 3.595643399527315553e-31 2.946921076409212802e-27 3.040916613280851517e-24 1.079706078751495759e-21 2.266648410265649396e-19 4.253808195559905610e-17 6.879832000005901516e-15 1.779280664262057320e-12 1.214575114129344027e-09 4.057456188109831804e-06
1.993812709030100327e+00 2.205179155508528043e-31 1.812431852434124821e-27 1.885568587338624719e-24 6.775642335641786029e-22 1.445486648226644509e-19 2.772631689956371437e-17 4.612410825140923089e-15 1.244686779344867320e-12 9.153198825101950453e-10 3.780140697035578090e-06
2.007187290969899784e+00 1.354783793764294011e-31 1.116203631545312117e-27 1.170288415511938613e-24 4.254272908407504739e-22 9.218800099060416097e-20 1.806370287477835279e-17 3.089042301713170194e-15 8.691614748574336720e-13 6.878597610746086421e-10 3.517620032140919421e-06
2.020561872909699019e+00 8.337870277495894720e-32 6.883639914408261173e-28 7.270506173214714949e-25 2.672652330232034620e-22 5.880053527710520912e-20 1.176364167558674655e-17 2.066755131115759116e-15 6.058876567660384389e-13 5.155058800843138593e-10 3.269329068154297395e-06
2.033936454849498254e+00 5.140428083963607183e-32 4.250988535862356034e-28 4.521323626178000300e-25 1.680016990065417773e-22 3.751028646512607098e-20 7.658024044571651331e-18 1.381486067164371248e-15 4.216586196112209355e-13 3.853026328015879780e-10 3.034716665590822135e-06
2.047311036789297489e+00 3.174696810117925828e-32 2.628830738049994986e-28 2.814513958654911873e-25 1.056696697424188261e-22 2.393298330965645176e-20 4.983684803432763912e-18 9.226113300661463564e-16 2.929763889999428660e-13 2.872318397750341982e-10 2.813245991859552185e-06
2.060685618729097168e+00 1.964100308591854062e-32 1.627945140345778666e-28 1.753821487596087488e-25 6.650640067705830384e-23 1.527338453909615562e-20 3.242363801954816170e-18 6.156413512361432976e-16 2.032507098403013103e-13 2.135761391858682347e-10 2.604394631162452985e-06
2.074060200668896403e+00 1.217258931873897632e-32 1.009542587529749500e-28 1.094002928700183922e-25 4.188547845265776667e-23 9.749444541699873111e-21 2.108959068771118483e-18 4.104827490494738991e-16 1.407939221216273186e-13 1.584124835039444507e-10 2.407654516358056934e-06
2.087434782608695638e+00 7.557174845255738013e-33 6.269317902010544277e-29 6.831393693747078578e-26 2.639736461816638065e-23 6.225070471924117410e-21 1.371472726481303295e-18 2.734897448092214146e-16 9.738952321369916869e-14 1.172112320678930091e-10 2.222531712440128643e-06
2.100809364548494873e+00 4.699939931322614838e-33 3.898786889870716057e-29 4.270356807891895930e-26 1.664809056551267207e-23 3.975957148389387574e-21 8.917347515119349552e-19 1.820901922410616651e-16 6.727298694755219652e-14 8.652039917507591068e-11 2.048546078564537319e-06
2.114183946488294552e+00 2.928063400913683189e-33 2.428034255755311479e-29 2.672323341108915288e-26 1.050713672167652864e-23 2.540299391031810300e-21 5.797357468675069744e-19 1.211577757816656673e-16 4.640796243425858396e-14 6.371815697236264514e-11 1.885230833551265247e-06
2.127558528428093787e+00 1.827354601013313152e-33 1.514253390716933986e-29 1.674131258945364253e-26 6.636351560163392631e-24 1.623626852601715638e-21 3.768653744012600590e-19 8.056652196445643789e-17 3.197351105151618964e-14 4.681973027943575586e-11 1.732132048362869448e-06
2.140933110367893022e+00 1.142399729456042235e-33 9.457205767894568185e-30 1.049955852073719439e-26 4.194768737213085925e-24 1.038143908717701862e-21 2.449737708199301226e-19 5.354456462294602792e-17 2.200171118305594824e-14 3.432739686491585724e-11 1.588808088049158666e-06
2.154307692307692257e+00 7.154262135687649785e-34 5.914929274604337726e-30 6.592326254290291413e-27 2.653557693565435242e-24 6.640647029215405210e-22 1.592374053924694845e-19 3.556739050678609888e-17 1.512212074694739657e-14 2.511446847464688076e-11 1.454829024875506666e-06
2.167682274247491492e+00 4.488090143868481773e-34 3.704762746132763851e-30 4.143785638809479726e-27 1.679959516360326660e-24 4.249676021911250888e-22 1.035087979620330502e-19 2.361469604177178733e-17 1.038198547759062290e-14 1.833592421472865610e-11 1.329776043632011707e-06
2.181056856187291171e+00 2.820373397371768279e-34 2.323789960020722539e-30 2.607662320844865698e-27 1.064452860196904954e-24 2.720849588279734016e-22 6.728684683927400271e-20 1.567198133224050715e-17 7.120008674550293812e-15 1.335984721765801221e-11 1.213240859284323307e-06
2.194431438127090406e+00 1.775408126166298143e-34 1.459688804404388741e-30 1.642877553889799084e-27 6.750230930318754048e-25 1.742877444995590761e-22 4.374389709280552493e-20 1.039665488461822106e-17 4.877906763847265373e-15 9.715023780378259373e-12 1.104825166023088651e-06
2.207806020066889641e+00 1.119526775129105627e-34 9.182305740833843318e-31 1.036245975481422202e-27 4.284324357158769974e-25 1.116998830172139845e-22 2.844149177865906567e-20 6.894583977791995113e-18 3.338561450226111689e-15 7.051043456927455660e-12 1.004140135282378607e-06
2.221180602006688876e+00 7.071531573845122558e-35 5.784585493833108761e-31 6.543771678819563692e-28 2.721599422243402421e-25 7.162617037893527726e-23 1.849471718057232079e-20 4.570706338697191640e-18 2.282852074305197771e-15 5.108026682880996097e-12 9.108059783547135850e-07
2.234555183946488555e+00 4.474382801735903319e-35 3.649409105352294174e-31 4.137181851225896221e-28 1.730416137519012535e-25 4.595503832567749225e-23 1.202862143862725228e-20 3.029249591865044251e-18 1.559580757053666892e-15 3.693736408804915864e-12 8.244515868024022884e-07
2.247929765886287790e+00 2.835902417489957746e-35 2.305702654621429003e-31 2.618759553276981734e-28 1.101203189882366697e-25 2.950161746588093766e-23 7.824721497799427475e-21 2.007143989144611412e-18 1.064555797585145755e-15 2.666330583354256745e-12 7.447142609741004865e-07
2.261304347826087024e+00 1.800469113792021096e-35 1.458864524109516076e-31 1.659603383794384719e-28 7.014241320113530227e-26 1.895040051157113816e-23 5.091179865768511828e-21 1.329623146432792770e-18 7.260688469127600039e-16 1.921407372722873241e-12 6.712395336466638830e-07
2.274678929765886259e+00 1.145022406184633948e-35 9.243955983871205742e-32 1.053012668303685988e-28 4.471938337582431474e-26 1.218033093765548886e-23 3.313414694005901308e-21 8.806424180662310860e-19 4.948276133428106412e-16 1.382305166020686501e-12 6.036810922327184448e-07
2.288053511705685494e+00 7.294135075995598976e-36 5.865866826120100438e-32 6.689385129456430797e-29 2.853763872450244766e-26 7.833861000907307042e-24 2.157008574389589374e-21 5.831840840777416004e-19 3.369879215741586332e-16 9.928616270942411742e-13 5.417007992610641041e-07
2.301428093645485173e+00 4.654388587938502500e-36 3.727674642336579732e-32 4.254657969748405356e-29 1.822856191736119540e-26 5.041692581806580834e-24 1.404614816913899173e-21 3.861538773963865275e-19 2.293380748728466629e-16 7.120242394211813492e-13 4.849688071072996401e-07
2.314802675585284408e+00 2.974938145629988084e-36 2.372330455865749351e-32 2.709388570826056986e-29 1.165476978252901795e-26 3.246892745076225047e-24 9.149600806408776093e-22 2.556684140406998602e-19 1.559754159153741371e-16 5.098502949065642570e-13 4.331637593936459885e-07
2.328177257525083643e+00 1.904658327279563627e-36 1.511971277128009055e-32 1.727461129207638716e-29 7.458928663674967470e-27 2.092462479730785386e-24 5.962061794054909717e-22 1.692655552815800414e-19 1.060158159494445216e-16 3.645462611957111723e-13 3.859730682383500088e-07
2.341551839464882878e+00 1.221454705552742708e-36 9.650342668700925615e-33 1.102751368137159598e-29 4.778317335389909254e-27 1.349436235426182845e-24 3.886420604091284414e-22 1.120591878403227798e-19 7.201710533430342598e-17 2.602822679727567058e-13 3.430932538091425480e-07
2.354926421404682113e+00 7.846139945514757322e-37 6.168396956476367906e-33 7.048246333884073190e-30 3.064103305023187947e-27 8.708804429962569761e-25 2.534377980266514771e-22 7.418667308638947432e-20 4.889525955190291477e-17 1.855829230995938917e-13 3.042303304322201055e-07
2.368301003344481792e+00 5.048360026685028434e-37 3.948496120316914918e-33 4.510454878195647354e-30 1.966824391587336474e-27 5.624481077233610899e-25 1.653370503781166929e-22 4.911517497970565957e-20 3.318021344942512012e-17 1.321454222578071666e-13 2.691002220653112750e-07
2.381675585284281027e+00 3.253548686510026151e-37 2.531163897528292320e-33 2.889993762776169791e-30 1.263761784190097213e-27 3.635215424693124963e-25 1.079082999060053088e-22 3.251833961551098318e-20 2.250545457325195275e-17 9.397357820147832099e-14 2.374291891869931098e-07
2.395050167224080262e+00 2.100265049238008676e-37 1.624939495291352027e-33 1.854010142875101402e-30 8.128413454495157526e-28 2.351296455391568649e-25 7.045855683512276076e-23 2.153153818536898774e-20 1.525833373590613250e-17 6.674480020284185737e-14 2.089542491223346222e-07
2.408424749163879497e+00 1.357993651059013945e-37 1.044676013064839221e-33 1.190877636878063464e-30 5.233480152201215887e-28 1.522017712390317633e-25 4.602724118500409517e-23 1.425826277440393454e-20 1.034073240410496626e-17 4.734840031457110890e-14 1.834235725297564259e-07
2.421799331103679176e+00 8.794784465302254726e-38 6.725933712050831187e-34 7.658841164133469765e-31 3.373049475018797167e-28 9.859897739693059942e-26 3.008196885622216998e-23 9.443077571610977487e-21 7.005419987689773927e-18 3.354958988346955950e-14 1.605968400966044987e-07
2.435173913043478411e+00 5.704970893046003427e-38 4.336596483382290812e-34 4.931747048205709721e-31 2.176231552263426349e-28 6.392497757178017005e-26 1.967049174448685524e-23 6.254982480160910218e-21 4.744268093282155391e-18 2.374546353927414310e-14 1.402455453659126625e-07
2.448548494983277646e+00 3.706630883485540986e-38 2.800075657330742041e-34 3.179663183805111546e-31 1.405531257281286955e-28 4.147812277990769141e-26 1.286912733670658721e-23 4.143946562422108456e-21 3.211955979029108355e-18 1.678814807109131729e-14 1.221532319218779294e-07
2.461923076923076881e+00 2.412124869539144467e-38 1.810562864611980906e-34 2.052601765625094107e-31 9.087229834727941747e-29 2.693534802127201673e-26 8.423933327713838351e-24 2.745916461690998378e-21 2.173942665345399903e-18 1.185688148623894394e-14 1.061156557692566628e-07
2.475297658862876116e+00 1.572213789118930550e-38 1.172409227957580747e-34 1.326697987797635073e-31 5.881397552023711721e-29 1.750594381789326236e-26 5.517209285505847394e-24 1.819931115795577402e-21 1.471015438011151230e-18 8.365660578766904929e-15 9.194086651970428393e-08
2.488672240802675795e+00 1.026388029933929492e-38 7.602654152075868188e-35 8.585857081890580213e-32 3.810569121648531821e-29 1.138707451228703298e-26 3.615507305078403645e-24 1.206496551573957939e-21 9.951515146144568677e-19 5.896689767732296284e-15 7.944920381669162566e-08
2.502046822742475030e+00 6.711142837652681319e-39 4.937080002469393322e-35 5.563393233251656320e-32 2.471505296702737996e-29 7.413214180843849710e-27 2.370667108709226650e-24 8.000359452172114670e-22 6.730942831890323866e-19 4.152508106303184458e-15 6.847320816953795291e-08
2.515421404682274265e+00 4.395042164927837870e-39 3.210646446025293545e-35 3.609446221562697923e-32 1.604713862892261866e-29 4.830282817422754904e-27 1.555354972792174180e-24 5.306567669431744707e-22 4.551859965131301152e-19 2.921611380609727857e-15 5.885744792307547810e-08
2.528795986622073499e+00 2.882756603663479292e-39 2.090887135877081675e-35 2.344694141506083216e-32 1.043037303016272462e-29 3.150024204721143250e-27 1.021061583323585821e-24 3.520845379735738131e-22 3.077793419782848353e-19 2.053806044582027237e-15 5.045826637543280179e-08
2.542170568561873178e+00 1.893773138385309388e-39 1.363586893397910430e-35 1.525023777779520873e-32 6.786876341467557675e-30 2.056051827648110834e-27 6.707233886881604578e-25 2.336776812381000645e-22 2.080839677126870796e-19 1.442568344132537381e-15 4.314345500993647142e-08
2.555545150501672413e+00 1.246004557679804756e-39 8.905277116411816123e-36 9.931428415866834472e-33 4.420887254384374201e-30 1.343186771377730084e-27 4.408689286908247472e-25 1.551430404276232837e-22 1.406685679023181755e-19 1.012437041962233205e-15 3.679186038556486253e-08
2.568919732441471648e+00 8.210689907411079702e-40 5.824017386238996805e-36 6.475768237671404943e-33 2.882834873213273156e-30 8.782620535079088719e-28 2.899714764606796570e-25 1.030385291073144687e-22 9.508789620933498993e-20 7.100168995970313255e-16 3.129293341370342109e-08
2.582294314381270883e+00 5.418818740809501949e-40 3.814228006584362425e-36 4.227806142583124325e-33 1.881924585856810931e-30 5.747781049202851592e-28 1.908472198078455341e-25 6.845837108337790540e-23 6.427369999240057885e-20 4.975680169519948748e-16 2.654623053684594045e-08
2.595668896321070118e+00 3.581716013643630333e-40 2.501482696057728453e-36 2.763647422827066257e-33 1.229866458152943450e-30 3.765022389362747249e-28 1.256915250875838877e-25 4.550090882334186233e-23 4.344413448915573378e-20 3.484441128054148921e-16 2.246087673398191347e-08
2.609043478260869797e+00 2.371023202312421119e-40 1.642832443495228826e-36 1.808812468327838538e-33 8.046148549863282544e-31 2.468475803361199841e-28 8.283624375393436286e-26 3.025429220280796633e-23 2.936489271068948680e-20 2.438508184296926524e-16 1.895500033847098420e-08
2.622418060200669032e+00 1.571937066050497704e-40 1.080418362540056589e-36 1.185351727049593893e-33 5.269791415953523699e-31 1.619894454410752401e-28 5.463028969031688015e-26 2.012490954458455754e-23 1.984881060648393393e-20 1.705449812373942954e-16 1.595514940855189038e-08
2.635792642140468267e+00 1.043724196692216130e-40 7.115272151616292156e-37 7.777555002092816235e-34 3.455213821915622188e-31 1.064004640738021337e-28 3.605367985542227328e-26 1.339267334639850831e-23 1.341709476408816785e-20 1.192038442340691289e-16 1.339569888641385088e-08
2.649167224080267502e+00 6.940394133737318485e-41 4.692344182039092299e-37 5.109523533653880712e-34 2.267948986143078225e-31 6.995223166838807882e-29 2.381073452231446895e-26 8.916474928757415480e-24 9.070042069333521682e-21 8.327043827735522378e-17 1.121825707103294806e-08
2.662541806020067181e+00 4.621966877615585550e-41 3.098737996293085312e-37 3.360921744176200202e-34 1.490284245804739002e-31 4.603233770547495995e-29 1.573645965161182747e-26 5.939059303210430983e-24 6.131907233752058977e-21 5.813706768512646739e-17 9.371079065382586066e-09
2.675916387959866416e+00 3.082551594303159306e-41 2.049152768036200933e-37 2.213483235066063897e-34 9.803540361571886413e-32 3.032005033973745103e-29 1.040773195811396583e-26 3.957732724786008175e-24 4.145965865579236904e-21 4.056852586194683392e-17 7.808493890999493861e-09
2.689290969899665651e+00 2.058880877907890969e-41 1.356925766264483339e-37 1.459597135007725182e-34 6.456173674386139391e-32 1.998960155413830108e-29 6.888483387689362868e-27 2.638670605524004723e-24 2.803547520777014669e-21 2.829508810893016570e-17 6.490350939403357187e-09
2.702665551839464886e+00 1.377164846846916755e-41 8.997624571179237972e-38 9.636686276697533312e-35 4.256437289240863491e-32 1.319129610645245603e-29 4.562606892648192087e-27 1.760107576364173785e-24 1.896051516823075614e-21 1.972560019090656007e-17 5.381490392247113552e-09
2.716040133779264121e+00 9.225097736401188368e-42 5.974305041339354128e-38 6.370292222168636434e-35 2.809288196501922042e-32 8.713278082564161709e-30 3.024319919209329817e-27 1.174664321846444526e-24 1.282508035578269126e-21 1.374542381575721370e-17 4.451241226016659570e-09
2.729414715719063800e+00 6.188463792300295431e-42 3.972211388248791129e-38 4.216254408883337467e-35 1.856203270525786569e-32 5.760869033762434406e-30 2.006184283174401220e-27 7.843572495957425943e-25 8.676515189258582014e-22 9.574275278499165707e-18 3.672949451536517817e-09
2.742789297658863035e+00 4.157363999869579828e-42 2.644602478258108196e-38 2.794016243727045704e-35 1.227818114941376424e-32 3.812485397403493060e-30 1.331819495942263882e-27 5.240159284084241999e-25 5.871014564203666752e-22 6.666293662860177316e-18 3.023538345696429470e-09
2.756163879598662270e+00 2.796874962590424584e-42 1.763068416340323902e-38 1.853806929626256405e-35 8.130585166317230503e-33 2.525477274938421735e-30 8.848186335341009153e-28 3.502758493638289043e-25 3.973476821238096251e-22 4.639854681268360085e-18 2.483101628506641064e-09
2.769538461538461505e+00 1.884275225301757040e-42 1.176945211843464324e-38 1.231493916040718426e-35 5.389999885979508697e-33 1.674538189224396881e-30 5.883019165448302249e-28 2.342694007288556533e-25 2.689829919031028271e-22 3.228316737130465320e-18 2.034529832635947788e-09
2.782913043478261184e+00 1.271242471036303666e-42 7.867182347294919017e-39 8.190886781034101800e-36 3.577130151028531619e-33 1.111383868719426051e-30 3.914587565477654279e-28 1.567707281872757630e-25 1.821303322340481072e-22 2.245483671860021239e-18 1.663169509638775857e-09
2.796287625418060419e+00 8.588586639707291403e-43 5.265694080761151294e-39 5.454552142533553673e-36 2.376618842521838646e-33 7.383318277931211401e-31 2.606837834621902554e-28 1.049693813804172547e-25 1.233529631428135999e-22 1.561405216410509083e-18 1.356514417297798992e-09
2.809662207357859653e+00 5.810596834154455357e-43 3.529092128928731137e-39 3.636766251720316157e-36 1.580748737316790723e-33 4.909739997256635455e-31 1.737347362824797129e-28 7.032546573595072957e-26 8.356666598489309620e-23 1.085433056642530937e-18 1.103927432523770917e-09
2.823036789297658888e+00 3.936606499454400669e-43 2.368311561556861957e-39 2.427718585969891711e-36 1.052553797460172381e-33 3.268027045476591768e-31 1.158793928815972481e-28 4.714317511971965289e-26 5.662900108350548719e-23 7.543652388803256149e-19 8.963916278861343258e-10
2.836411371237458123e+00 2.670680742786752305e-43 1.591404659769058405e-39 1.622581307559813680e-36 7.016224641261947859e-34 2.177377783934183891e-31 7.735258345496897772e-29 3.162168775058101647e-26 3.838601571684111797e-23 5.241562824790762837e-19 7.262887289767069719e-10
2.849785953177257802e+00 1.814333599934539630e-43 1.070744448514348408e-39 1.085770979057024293e-36 4.682091569374782361e-34 1.452123646707885971e-31 5.167667173550472903e-29 2.122339702402493063e-26 2.602802911228907425e-23 3.641241737708498295e-19 5.872030250282722387e-10
2.863160535117057037e+00 1.234252472419892930e-43 7.213597397012688947e-40 7.274314141344269956e-37 3.127901042635824322e-34 9.693835745082831860e-32 3.455152955781723576e-29 1.425318365833027545e-26 1.765424999098972745e-23 2.529045805202660936e-19 4.737487264617342797e-10
2.876535117056856272e+00 8.407735915757728715e-44 4.866046573729594337e-40 4.879398914321165310e-37 2.091906080259741730e-34 6.477545436705398991e-32 2.312037517839448059e-29 9.578099747625107260e-27 1.197850077296132766e-23 1.756268928125864940e-19 3.814187401194987854e-10
2.889909698996655507e+00 5.735071250568354779e-44 3.286671737957904635e-40 3.276871428312192400e-37 1.400576291689029959e-34 4.332598622116296181e-32 1.548385356281097744e-29 6.440514359541539570e-27 8.130292390782755161e-24 1.219441449755458641e-19 3.064528559102689009e-10
2.903284280936454742e+00 3.917236424911645355e-44 2.222744312120331580e-40 2.203279533757676319e-37 9.387415717479721420e-35 2.900747818605256945e-32 1.037818564665450466e-29 4.333497780438877413e-27 5.520335999242861139e-24 8.465932012420429036e-20 2.457233980692135777e-10
2.916658862876254421e+00 2.679158945451247457e-44 1.505127117801285949e-40 1.483184599056697666e-37 6.298820785736610893e-35 1.943995682470174445e-32 6.961832056227986438e-30 2.917671643944163408e-27 3.749604793929010775e-24 5.876795403801893900e-20 1.966364816313529276e-10
2.930033444816053656e+00 1.834811398806152909e-44 1.020480532787188667e-40 9.996189429049285029e-38 4.231024620404490060e-35 1.304081183249660179e-32 4.673979558544355276e-30 1.965698579626414637e-27 2.547832957869455482e-24 4.079117646910996192e-20 1.570471223545481665e-10
2.943408026755852891e+00 1.258215895239886622e-44 6.927579258136125264e-41 6.745057189311850220e-38 2.845142889675388674e-35 8.756652372247070002e-33 3.140599624376680837e-30 1.325204347979959907e-27 1.731914971952868583e-24 2.831127728485986716e-20 1.251865695275087539e-10
2.956782608695652126e+00 8.639452774022611755e-45 4.708698369926536569e-41 4.556662687785081676e-38 1.915287285121389002e-35 5.885668657907272714e-33 2.112039766598992095e-30 8.939985860252455077e-28 1.177760231465349947e-24 1.964842725597901176e-20 9.960036017937554876e-11
2.970157190635451805e+00 5.939928030795872055e-45 3.204499242586413455e-41 3.081884655269199944e-38 1.290726183035809815e-35 3.959840889106950138e-33 1.421531618723760184e-30 6.035057123234453765e-28 8.012468062167794383e-25 1.363573547150985395e-20 7.909572546765027940e-11
2.983531772575251040e+00 4.089183235562152331e-45 2.183517845869920611e-41 2.086855028497755420e-38 8.707704071456075112e-36 2.666759395763994983e-33 9.575841632358528614e-31 4.076795493859480039e-28 5.453296469534771319e-25 9.462784652664464928e-21 6.269711167480044406e-11
2.996906354515050275e+00 2.818700748842310013e-45 1.489662611989308490e-41 1.414727187067026042e-38 5.880868967609863047e-36 1.797686629725407039e-33 6.456012824891001088e-31 2.755825821216378755e-28 3.713123624011254168e-25 6.566832825501052346e-21 4.960870634177237864e-11
3.010280936454849510e+00 1.945427098427924082e-45 1.017538878924492641e-41 9.601868087884376749e-39 3.976001675496193802e-36 1.213020180349642388e-33 4.356319598915838103e-31 1.864155382432601032e-28 2.529363288836805488e-25 4.557182369984945451e-21 3.918298240362503188e-11
3.023655518394648745e+00 1.344408139397654877e-45 6.958944057194888557e-42 6.524383218927058844e-39 2.691024822878004865e-36 8.193052118703388182e-34 2.942007996503331189e-31 1.261862596162547371e-28 1.723766303743452530e-25 3.162619660197406637e-21 3.089438820907791561e-11
3.037030100334448424e+00 9.302380281643847849e-46 4.764992584100676365e-42 4.438353951682322523e-39 1.823281714499982107e-36 5.539196594909380989e-34 1.988554507058282597e-31 8.547589393174447823e-29 1.175289031807372311e-25 2.194896958403904620e-21 2.431741798828303393e-11
3.050404682274247659e+00 6.444666434480360908e-46 3.266667796371226792e-42 3.022742720128202629e-39 1.236669299069369382e-36 3.748615312018220736e-34 1.345244996066931196e-31 5.794003854562329836e-29 8.017033983627563415e-26 1.523366018234137916e-21 1.910839512031326498e-11
3.063779264214046893e+00 4.470404503462022526e-46 2.242171745497795300e-42 2.060986885495837997e-39 8.396840058967880629e-37 2.539321076511244609e-34 9.108274997426343371e-32 3.930241877972034381e-29 5.471280951260127218e-26 1.057361602724841117e-21 1.499038924545004283e-11
3.077153846153846128e+00 3.104773061332523343e-46 1.540817645814284298e-42 1.406831436371678663e-39 5.707414535949002647e-37 1.721815332194992288e-34 6.172232938365785018e-32 2.667883655552227421e-29 3.735716823485927629e-26 7.339694566029869453e-22 1.174076795309313234e-11
3.090528428093645807e+00 2.158968039668209525e-46 1.060106198745664957e-42 9.613901601920640642e-40 3.883496265284225971e-37 1.168630593534968002e-34 4.186204118871903556e-32 1.812271469236039128e-29 2.551947853283570610e-26 5.095343962653149767e-22 9.180954753686029383e-12
3.103903010033445042e+00 1.503116148019250445e-46 7.302315024864178858e-43 6.577275282949434792e-40 2.645239380489131481e-37 7.939426458788453484e-35 2.841651689023086304e-32 1.231941106165821709e-29 1.744157597900398737e-26 3.537657886757325948e-22 7.168027765720097422e-12
3.117277591973244277e+00 1.047768938880742465e-46 5.035958148754623754e-43 4.504836709127055329e-40 1.803700083173800371e-37 5.399103258869728417e-35 1.930607578083189460e-32 8.380471447609864044e-30 1.192665868107028263e-26 2.456464877607196989e-22 5.587848573142191775e-12
3.130652173913043512e+00 7.312432005310504076e-47 3.477053020567012999e-43 3.088849242221986650e-40 1.231174314735950669e-37 3.675142176274933167e-35 1.312774697736058041e-32 5.705059405393054887e-30 8.159695403852611867e-27 1.705937609248090744e-22 4.349458652632249415e-12
3.144026755852842747e+00 5.109497696626079698e-47 2.403507402788896319e-43 2.120298074580009476e-40 8.412580517304094640e-38 2.504067355803353925e-35 8.934282229641644896e-33 3.886569467428162344e-30 5.585396933616863575e-27 1.184892371733872803e-22 3.380522281290229859e-12
3.157401337792642426e+00 3.574467378520733857e-47 1.663343182737418774e-43 1.457060500333951655e-40 5.754292750500055889e-38 1.707798081304785957e-35 6.085588888444232976e-33 2.649649895562650155e-30 3.825267623233545026e-27 8.231197468096417465e-23 2.623630563344450150e-12
3.170775919732441661e+00 2.503559764817127198e-47 1.152438629879053633e-43 1.002389733864210600e-40 3.940090928204908945e-38 1.165856109618009969e-35 4.148768146242121871e-33 1.807704860800358815e-30 2.621198705863695744e-27 5.719005909576476511e-23 2.033311793583278246e-12
3.184150501672240896e+00 1.755556575922889420e-47 7.993750692888957395e-44 6.903540603934537704e-41 2.700664440670878527e-38 7.966554442695951627e-36 2.830801502472869979e-33 1.234197432936623818e-30 1.797094677505936319e-27 3.974261121754030208e-23 1.573619409265441660e-12
3.197525083612040131e+00 1.232476645427970246e-47 5.551080707377017504e-44 4.759718678552088235e-41 1.853034876379226100e-38 5.448945180783640262e-36 1.933184934096776153e-33 8.432587758734323705e-31 1.232756569519693538e-27 2.762328811877369950e-23 1.216190836022550382e-12
3.210899665551839366e+00 8.662561763129553473e-48 3.859188034511706058e-44 3.285206577264035918e-41 1.272751507087280822e-38 3.730524016180484045e-36 1.321329412794996918e-33 5.765768327001959256e-31 8.460994616846507429e-28 1.920357738573662071e-23 9.386891265261765146e-13
3.224274247491639045e+00 6.095573283063116446e-48 2.685982026818397471e-44 2.269937722774829799e-41 8.750828238158209144e-39 2.556476800688808252e-36 9.039043051393360688e-34 3.945249724297810932e-31 5.810393152106557284e-28 1.335307369577020876e-23 7.235548955148574688e-13
3.237648829431438280e+00 4.294178977628797151e-48 1.871528055943248820e-44 1.570120247690946418e-41 6.022802835172441761e-39 1.753588048038402867e-36 6.188812817803264478e-34 2.701553917693926856e-31 3.992379553595428288e-28 9.287035806056097584e-24 5.570090949481017968e-13
3.251023411371237515e+00 3.028586048853580818e-48 1.305488272474689405e-44 1.087220032758772569e-41 4.149449611418384169e-39 1.203998822828852188e-36 4.240974131174470784e-34 1.851293985075256059e-31 2.744747763649246073e-28 6.460618162264990060e-24 4.282580250841640175e-13
3.264397993311036750e+00 2.138408730539770055e-48 9.116545857216186038e-45 7.536424928806499494e-42 2.861693413240090772e-39 8.274396770052610128e-37 2.908687609573829052e-34 1.269581152476689653e-31 1.888075684042491760e-28 4.495482437844350598e-24 3.288609726375913876e-13
3.277772575250836429e+00 1.511573934308677408e-48 6.373319703517440759e-45 5.229673093798022697e-42 1.975581054748785354e-39 5.691902036957654052e-37 1.996647853587645536e-34 8.713036365780667572e-32 1.299525028158217197e-28 3.128872740441357814e-24 2.522282952445161460e-13
3.291147157190635664e+00 1.069677366200439770e-48 4.460427185547165211e-45 3.632810692705406978e-42 1.365224600727824454e-39 3.919117269534969362e-37 1.371761220205738057e-34 5.984159642677252308e-32 8.949526455607798571e-29 2.178275627279838800e-24 1.932238829854893745e-13
3.304521739130434899e+00 7.578056372092368508e-49 3.125071099133808282e-45 2.526200837278206505e-42 9.443852814256295042e-40 2.701020081649041435e-37 9.432523382683709739e-35 4.113030627363283455e-32 6.166907229670360333e-29 1.516893083114877939e-24 1.478509384283215492e-13
3.317896321070234134e+00 5.374540734667312922e-49 2.191862902806963056e-45 1.758521493924568926e-42 6.539258387088544330e-40 1.863266596069977923e-37 6.491562111384885993e-35 2.829087199379332881e-32 4.251952873402189432e-29 1.056618178521883215e-24 1.130041109869069248e-13
3.331270903010033368e+00 3.815929030466210850e-49 1.538984498856229071e-45 1.225405982901779284e-42 4.532525823699378524e-40 1.286556035205866128e-37 4.471385298352045927e-35 1.947407226942769183e-32 2.933356049722031508e-29 7.362169502611131465e-25 8.627435607459379686e-14
3.344645484949833047e+00 2.712261336953701548e-49 1.081732362407665630e-45 8.547962843771348753e-43 3.144726487641577082e-40 8.891761484531425390e-38 3.082521256077689503e-35 1.341509207192226695e-32 2.024873986950769160e-29 5.131232924322053828e-25 6.579559699866105556e-14
3.358020066889632282e+00 1.929887577418396022e-49 7.611451110647148061e-46 5.968887133947892938e-43 2.184009679985610090e-40 6.151076576162469305e-38 2.126868758077193602e-35 9.248201979961863687e-33 1.398587374663133821e-29 3.577414681725981287e-25 5.012445912387558898e-14
3.371394648829431517e+00 1.374670603871274137e-49 5.361354291115200192e-46 4.172246990461004906e-43 1.518286036266115479e-40 4.259096784983330619e-38 1.468741651991664510e-35 6.380401415991245005e-33 9.665871496144679356e-30 2.494892490390300264e-25 3.814611464432883248e-14
3.384769230769230752e+00 9.802308453569339187e-50 3.780404739964051741e-46 2.919378033716692688e-43 1.056521278095875810e-40 2.951791786407261701e-38 1.015125368810984560e-35 4.405203508908485269e-33 6.684264112297125860e-30 1.740494435867707467e-25 2.900069987153620692e-14
3.398143812709030431e+00 6.997100130801128631e-50 2.668432190540844997e-46 2.044806009986730819e-43 7.359134544552339621e-41 2.047644347424520644e-38 7.022033658769714404e-36 3.043767003619123634e-33 4.625180085117473371e-30 1.214604412689156447e-25 2.202590952999193930e-14
3.411518394648829666e+00 4.999939273090052385e-50 1.885495264490982804e-46 1.433682861247901005e-43 5.130944228201451281e-41 1.421748113731142701e-38 4.861546591537727059e-36 2.104671944834560874e-33 3.202339501579335387e-30 8.478939613429702073e-26 1.671228718803476660e-14
3.424892976588628901e+00 3.576557216344099089e-50 1.333654784637729244e-46 1.006215513820807672e-43 3.580866134180138527e-41 9.880725155242396448e-39 3.368632535418286518e-36 1.456414747877938990e-33 2.218558706364471781e-30 5.921008196675746047e-26 1.266846124461979403e-14
3.438267558528428136e+00 2.561039565891938414e-50 9.442943492759361768e-47 7.069090824786344420e-44 2.501481357678730896e-41 6.873084138593177910e-39 2.336144708911676183e-36 1.008587041788933764e-33 1.537943487324766400e-30 4.136186107939180012e-26 9.594157550907048965e-15
3.451642140468227371e+00 1.835755627911126318e-50 6.692903616114439311e-47 4.971282171153796556e-44 1.749133508188794796e-41 4.785306922377796318e-39 1.621481429923722944e-36 6.989873363850946892e-34 1.066784558619275840e-30 2.890397143522035895e-26 7.259281907843630126e-15
3.465016722408027050e+00 1.317217980376418530e-50 4.748562330751361078e-47 3.499477273177012552e-44 1.224230543867033501e-41 3.334738536468615795e-39 1.126391882695605299e-36 4.847889524302273641e-34 7.404246361029811089e-31 2.020554827842929218e-26 5.487732041537495585e-15
3.478391304347826285e+00 9.461091923177538942e-51 3.372463055377779115e-47 2.465842802590679777e-44 8.576616905389948921e-42 2.325980755760715414e-39 7.831256025819343801e-37 3.364832085381399486e-34 5.142254938542187753e-31 1.412999279791102857e-26 4.144888419923663979e-15
3.491765886287625520e+00 6.802400324763635624e-51 2.397544754594354696e-47 1.739211825960902479e-44 6.014219268983153592e-42 1.623832314420439808e-39 5.449249591684766073e-37 2.337227818532075304e-34 3.573515293615118134e-31 9.884934351108486087e-27 3.127961950194168737e-15
3.505140468227424755e+00 4.895721554138643189e-51 1.706151257439719571e-47 1.227896487355550063e-44 4.221343754338202959e-42 1.134658710347497595e-39 3.794933909315261439e-37 1.624670275338212589e-34 2.484892147173324758e-31 6.917806184616068539e-27 2.358556680589159600e-15
3.518515050167224434e+00 3.526962518622253441e-51 1.215335629987315588e-47 8.677414323294384630e-45 2.965705340482637055e-42 7.935539371525960443e-40 2.645042715757391909e-37 1.130200187935350152e-34 1.728978902916597743e-31 4.843148140963919798e-27 1.776947154951665636e-15
3.531889632107023669e+00 2.543374100810527047e-51 8.665609939903648488e-48 6.138115788653391108e-45 2.085491742406598172e-42 5.554854470789879691e-40 1.845103090706564243e-37 7.868114711241812532e-35 1.203766584527280337e-31 3.391982882627524983e-27 1.337681067199513889e-15
3.545264214046822904e+00 1.835862182513576932e-51 6.184750285750165102e-48 4.346027886242179876e-45 1.467875482831314154e-42 3.891809569036666140e-40 1.288149605525167720e-37 5.481634969446813254e-35 8.386200344639210714e-32 2.376553324895340827e-27 1.006204750268857990e-15
3.558638795986622139e+00 1.326431591884060704e-51 4.418356137072159632e-48 3.080056589503786927e-45 1.034110349340043542e-42 2.729043035415573406e-40 9.000519701008572639e-38 3.821837957230983552e-35 5.845990673956803940e-32 1.665752935178391205e-27 7.562769189484527491e-16
3.572013377926421374e+00 9.592642278307692705e-52 3.159435289231901711e-48 2.184887525257807250e-45 7.291847541541652714e-43 1.915339770171049655e-40 6.293929774007735079e-38 2.666584200360679792e-35 4.077744916782591539e-32 1.168001319242047845e-27 5.679890267238907980e-16
3.585387959866221053e+00 6.943729297562101815e-52 2.261320598431561293e-48 1.551308928949339489e-45 5.146318414400972372e-43 1.345407823742742005e-40 4.404797885812096646e-38 1.861901640669990745e-35 2.846096046076511998e-32 8.193053098184860774e-28 4.262518093110187891e-16
3.598762541806020288e+00 5.030828263774233269e-52 1.619985815652626763e-48 1.102452330228539799e-45 3.635284847288869101e-43 9.458665322122195757e-41 3.085146232407704267e-38 1.300987909628993537e-35 1.987670086317204014e-32 5.749327044057138867e-28 3.196396144008348236e-16
3.612137123745819522e+00 3.648106162205518507e-52 1.161575607617754015e-48 7.841618018138947732e-46 2.570135037285397481e-43 6.655296485791576177e-41 2.162548756552701436e-38 9.097047171201778111e-36 1.388995701532814136e-32 4.036036200164729392e-28 2.395089636030385759e-16
3.625511705685618757e+00 2.647666286293711165e-52 8.336035276021946077e-49 5.582463812961918654e-46 1.818613073100178503e-43 4.686609353058815625e-41 1.517013928254503202e-38 6.365497370906604664e-36 9.712129716602720394e-33 2.834368825416113716e-28 1.793270368252878230e-16
3.638886287625418436e+00 1.923136186697872193e-52 5.987328311910933055e-49 3.977479260896231106e-46 1.287894492710717110e-43 3.302887593772902918e-41 1.064970842710565809e-38 4.457188028333541577e-36 6.794823117515681032e-33 1.991202347320810008e-28 1.341606507045518162e-16
3.652260869565217671e+00 1.397934287607940336e-52 4.303778690614989911e-49 2.836191986794876070e-46 9.127700499043513798e-44 2.329482120173124847e-41 7.481668575497474230e-39 3.123025546571966464e-36 4.756444227296844776e-33 1.399342079285846729e-28 1.002877924444310248e-16
3.665635451505016906e+00 1.016873024283504361e-52 3.095900361682412587e-49 2.023896713237031034e-46 6.473882419747880341e-44 1.644138214275448983e-41 5.259640649943924641e-39 2.189584163743347536e-36 3.331302736068765144e-33 9.837165322133594131e-29 7.490262809795894706e-17
3.679010033444816141e+00 7.401437621923073590e-53 2.228509737508684142e-49 1.445237945656540190e-46 4.594794466513495598e-44 1.161202690093342140e-41 3.699897178986925636e-39 1.536030626503389400e-36 2.334292519896171210e-33 6.917304295027312668e-29 5.589172287747199419e-17
3.692384615384615376e+00 5.390036536719707302e-53 1.605071760467972341e-49 1.032652010466108539e-46 3.263121499296784627e-44 8.206137052327115845e-42 2.604182817622755113e-39 1.078112809795702893e-36 1.636370056883989910e-33 4.865207826768026514e-29 4.166445240098230372e-17
3.705759197324415055e+00 3.926798468384501381e-53 1.156584991840572642e-49 7.382224028656717623e-47 2.318592398866250201e-44 5.802181468814469045e-42 1.833853589267507173e-39 7.570416565611102531e-37 1.147518761070855334e-33 3.422406896680253335e-29 3.102460712195342953e-17
3.719133779264214290e+00 2.861452945180413172e-53 8.336819626836572421e-50 5.279349996024560680e-47 1.648104495388413471e-44 4.104062369461323065e-42 1.291874409281047462e-39 5.317652886316756115e-37 8.049067175514424472e-34 2.407599492773415918e-29 2.307327639555954493e-17
3.732508361204013525e+00 2.085192234628244584e-53 6.010093001852086105e-50 3.776221944091625566e-47 1.171770188878480318e-44 2.903611847313938294e-42 9.102768328747055815e-40 3.735963767405392565e-37 5.646495470517298450e-34 1.693559910289061898e-29 1.713545980835415067e-17
3.745882943143812760e+00 1.519157228425917771e-53 4.332258859803200983e-50 2.700967474551212031e-47 8.331122904972836764e-45 2.054354691638230165e-42 6.414138446996179501e-40 2.624732374750354732e-37 3.960773772693770955e-34 1.190972593412135733e-29 1.270465872477071023e-17
3.759257525083611995e+00 1.106141162770182637e-53 3.121504883047356525e-50 1.931244827033950349e-47 5.921683417828399848e-45 1.453137198936822680e-42 4.518572485511878507e-40 1.843559587739993223e-37 2.777422122513523082e-34 8.371095819223592895e-30 9.401079614779679241e-18
3.772632107023411674e+00 8.046062123007689372e-54 2.247267774301026545e-50 1.379889961725527210e-47 4.206364811936422994e-45 1.027252665811674335e-42 3.181356933075993880e-40 1.294116608010469595e-37 1.946356457769526496e-34 5.878972471232083305e-30 6.940132205895406751e-18
3.786006688963210909e+00 5.843640915680997863e-54 1.615701291174996043e-50 9.847456033913453101e-48 2.984553782090922103e-45 7.254112209185678325e-43 2.237557800000005958e-40 9.074880879033343585e-38 1.362488115968885385e-34 4.123555657572691411e-30 5.108706528543324401e-18
3.799381270903010144e+00 4.234549726520219804e-54 1.159289178853472934e-50 7.014471549746246832e-48 2.113924197744636376e-45 5.114006668052321601e-43 1.571183050113194034e-40 6.353381540176029035e-38 9.521877623095879550e-35 2.886988334094051952e-30 3.747322451496854000e-18
3.812755852842809379e+00 3.058901720337672211e-54 8.294138734450166805e-51 4.983012012374361619e-48 1.493414037111903915e-45 3.596326202127855880e-43 1.100594917865989106e-40 4.437401474109948211e-38 6.638351743837312948e-35 2.016003024761377750e-30 2.736708596214923240e-18
3.826130434782609058e+00 2.200180436315221982e-54 5.910349656321897283e-51 3.526463051610223380e-48 1.051199561204026598e-45 2.520106017971513884e-43 7.682894156630932830e-41 3.088637409638148297e-38 4.612174713564581088e-35 1.402725308414988460e-30 1.987719276964838133e-18
3.839505016722408293e+00 1.573399323324044322e-54 4.188749609777122621e-51 2.482647485947700494e-48 7.361922893902117711e-46 1.757258484740720384e-43 5.337299073619154512e-41 2.139581262507779451e-38 3.189143522941226768e-35 9.711963110386561534e-31 1.433764906159010278e-18
3.852879598662207528e+00 1.116514489793660562e-54 2.946829076369020336e-51 1.735400675188248244e-48 5.120215615873614507e-46 1.217047372211620877e-43 3.683181523396043374e-41 1.472402497604365937e-38 2.190702817094862368e-35 6.679064489593735617e-31 1.025133446238131346e-18
3.866254180602006763e+00 7.841911729846967714e-55 2.052695147412118374e-51 1.201443125885792797e-48 3.527723978239764074e-46 8.351427186035342114e-44 2.518625029999582020e-41 1.004155070321456539e-38 1.491353730843111270e-35 4.551437675351145427e-31 7.247334939387255088e-19
3.879628762541805997e+00 5.432746979130663776e-55 1.410949746646901659e-51 8.210190253445483034e-49 2.399640152555239265e-46 5.658984456872675582e-44 1.700955867838925234e-41 6.764072567660944009e-39 1.002832676738555042e-35 3.063180244188103416e-31 5.049052816694460472e-19
3.893003344481605676e+00 3.694968979965009472e-55 9.525310769310411305e-52 5.512144461374345434e-49 1.604060142110941520e-46 3.768992666688156865e-44 1.129282433624123157e-41 4.479667288608418401e-39 6.630243924179722615e-36 2.026722505519434987e-31 3.450332870466006039e-19
3.906377926421404911e+00 2.450788431837826689e-55 6.273995069398778298e-52 3.611839826664657468e-49 1.046759848811304344e-46 2.451068452305958042e-44 7.322038067853612178e-42 2.897733244248000924e-39 4.281877322455301260e-36 1.309690838441901601e-31 2.297601131669540982e-19
3.919752508361204146e+00 1.569844094171392322e-55 3.992667702991038167e-52 2.287377545044669321e-49 6.603748114322975895e-47 1.541339395527788553e-44 4.591504039102912152e-42 1.813110175315181407e-39 2.675009545484767570e-36 8.186221935853041862e-32 1.476510508483638569e-19
3.933127090301003381e+00 9.564686993532878139e-56 2.417942953660148336e-52 1.378989585825074511e-49 3.967032659603320163e-47 9.231479568038167975e-45 2.742786957414654527e-42 1.080853683999063115e-39 1.592320681300230686e-36 4.874959742644817301e-32 9.019621651488751106e-20
3.946501672240803060e+00 5.403957719167589931e-56 1.358487699668291881e-52 7.715446230827882890e-50 2.212263279445540465e-47 5.133807985896492756e-45 1.521633241406171617e-42 5.984877750452594164e-40 8.804841846388990930e-37 2.696547034168729239e-32 5.106537614872133332e-20
3.959876254180602295e+00 2.699716779589166504e-56 6.751919907972967140e-53 3.820070832477538080e-50 1.092033602726611233e-47 2.527756299474793379e-45 7.475510820946123118e-43 2.935096168337088067e-40 4.312542964373003771e-37 1.321095661457807858e-32 2.555178979758911759e-20
3.973250836120401530e+00 1.071932646806301072e-56 2.668292335211053887e-53 1.504392192244194348e-50 4.288740112240017797e-48 9.904272052078385763e-46 2.923129386765607296e-43 1.145858592634114248e-40 1.681628883508613804e-37 5.152505438512904597e-33 1.015736267843640384e-20
3.986625418060200765e+00 2.407698827370350127e-57 5.967729356110589417e-54 3.353974113231941655e-51 9.537699465641161274e-49 2.197982096609293115e-46 6.475174514066125108e-44 2.534544547469821178e-41 3.715612365009526782e-38 1.138632526597393523e-33 2.283368449773389974e-21
4.000000000000000000e+00 0.000000000000000000e+00 0.000000000000000000e+00 0.000000000000000000e+00 0.000000000000000000e+00 0.000000000000000000e+00 0.000000000000000000e+00 0.000000000000000000e+00 0.000000000000000000e+00 0.000000000000000000e+00 0.000000000000000000e+00
