1.000000000000000021e-03 1.069538872675053990e-07 1.071132146396438219e-07 1.071542015191196223e-07 1.071785901733434577e-07 1.071964208568239507e-07 1.072104105115703893e-07 1.072221258818044925e-07 1.072330800340456725e-07 1.072442452583148264e-07 1.072595666501332792e-07
1.437458193979933296e-02 1.475293134805701720e-06 1.508323332927945941e-06 1.516867898214641380e-06 1.522009845498949233e-06 1.525648695590899697e-06 1.528546923312826123e-06 1.531011199386543807e-06 1.533288677791405864e-06 1.535673221153944980e-06 1.538749628889736548e-06
2.774916387959866504e-02 2.725918325125654273e-06 2.849636388163682836e-06 2.881690920649331189e-06 2.900972389167331306e-06 2.914589400716368899e-06 2.925498715403619546e-06 2.934751111391949301e-06 2.943278226002373650e-06 2.952236843674058450e-06 2.963766327824486875e-06
4.112374581939799711e-02 3.856176479157585758e-06 4.128946138909022892e-06 4.199808701293279352e-06 4.242438362001275907e-06 4.272506659444831083e-06 4.296633271195754993e-06 4.317064809274438953e-06 4.335922013226073498e-06 4.355736982747095100e-06 4.381208199628846014e-06
5.449832775919732919e-02 4.864185455594137092e-06 5.344233810713423712e-06 5.469471478515690580e-06 5.544774626469603442e-06 5.597960441977536570e-06 5.640608825913776578e-06 5.676680753144728456e-06 5.709942752405857775e-06 5.745010345301430854e-06 5.790034954621980526e-06
6.787290969899666127e-02 5.748876496581169210e-06 6.493703653445221471e-06 6.689014501896034454e-06 6.806553114695589537e-06 6.889521185201600556e-06 6.955937919505631008e-06 7.012356881192921655e-06 7.064414743025810238e-06 7.118921401694720922e-06 7.189218530176870444e-06
8.124749163879599334e-02 6.510016630909800532e-06 7.575347120604104702e-06 7.856940047226734000e-06 8.026350839446676051e-06 8.145764594755363760e-06 8.241668632117945886e-06 8.322889818655142383e-06 8.397821718445631331e-06 8.476489091181694914e-06 8.577776337196906664e-06
9.462207357859532542e-02 7.148262603513427961e-06 8.587568303489907399e-06 8.971559934192012555e-06 9.202417710033047258e-06 9.365676688084697467e-06 9.496368171446316155e-06 9.607111700323623738e-06 9.709339318113720157e-06 9.816633939040571752e-06 9.954787286055404220e-06
1.079966555183946575e-01 7.665221295188042754e-06 9.528945700603147297e-06 1.003191184668672563e-05 1.033410891816832772e-05 1.054804142495814417e-05 1.071892536533015522e-05 1.086397282596561468e-05 1.099781435114597685e-05 1.113843021251038040e-05 1.131929683885197534e-05
1.213712374581939896e-01 8.063437789476827377e-06 1.039735484547848824e-05 1.103568129936572436e-05 1.141970827603378059e-05 1.169095292144638654e-05 1.190823448417561695e-05 1.209241895044593486e-05 1.226242337546807156e-05 1.244089137872144298e-05 1.267043777412066564e-05
1.347458193979933216e-01 8.348768092567161709e-06 1.119150674402513933e-05 1.198234224411676769e-05 1.245820758415104036e-05 1.279412556800621853e-05 1.306318397712223991e-05 1.329141850104937229e-05 1.350191651561801233e-05 1.372297884719171042e-05 1.400751454911768790e-05
1.481204013377926398e-01 8.526150438018024642e-06 1.191033537719840394e-05 1.287067860300166766e-05 1.344821568608909663e-05 1.385625874286633286e-05 1.418308798707673731e-05 1.446010436546306138e-05 1.471568862436015482e-05 1.498409243940901657e-05 1.532951067007601813e-05
1.614949832775919858e-01 8.600149148711512783e-06 1.255237736448863206e-05 1.369927345963832470e-05 1.438910341512813598e-05 1.487635205179479326e-05 1.526665713821486180e-05 1.559748874649962810e-05 1.590270594189974261e-05 1.622327153596474759e-05 1.663581076407267512e-05
1.748695652173913317e-01 8.577005927054839673e-06 1.311638015772955988e-05 1.446710399488257258e-05 1.527960859045828234e-05 1.585335486504627910e-05 1.631311298240919951e-05 1.670272169906881997e-05 1.706222010012937957e-05 1.743990257331409549e-05 1.792564584953829424e-05
1.882441471571906499e-01 8.463663852611298294e-06 1.360114365270838006e-05 1.517330720496980141e-05 1.611879830070322869e-05 1.678706549701562125e-05 1.732153726214245479e-05 1.777496178456152814e-05 1.819351129142774480e-05 1.863281546321407869e-05 1.919830431214037880e-05
2.016187290969899681e-01 8.267800289277340981e-06 1.400560788697863923e-05 1.581652081260141520e-05 1.690536619374956702e-05 1.767502570148755484e-05 1.829128695882891324e-05 1.881476835404595919e-05 1.929553175029494739e-05 1.980176995349778817e-05 2.045310273650971104e-05
2.149933110367893141e-01 7.997548966405644970e-06 1.432872864347605831e-05 1.639608517168131616e-05 1.764014742934038007e-05 1.851786580133978400e-05 1.922159238250353527e-05 1.981781663881961684e-05 2.036808408280841283e-05 2.094585636402947353e-05 2.168953432050206397e-05
2.283678929765886600e-01 7.661661394716795900e-06 1.456978795461867621e-05 1.691139150569768789e-05 1.831996823607765038e-05 1.931458836495553305e-05 2.011157426625223487e-05 2.078690366614207235e-05 2.141014478602409538e-05 2.206455323197509068e-05 2.290682170118661624e-05
2.417424749163879782e-01 7.269372508026839115e-06 1.472768908020802094e-05 1.736139641093617620e-05 1.894546238006986628e-05 2.006428819946177904e-05 2.096050348425960018e-05 2.172043349588866936e-05 2.242106686298518128e-05 2.315715200762155960e-05 2.410449346771754650e-05
2.551170568561872964e-01 6.830321768213033697e-06 1.480165794999983591e-05 1.774539495395952504e-05 1.951599601213104991e-05 2.076642038835868010e-05 2.176804686303139872e-05 2.261705968365810502e-05 2.340052165362892315e-05 2.422316546492365861e-05 2.528199046181737447e-05
2.684916387959866424e-01 6.354505645484924603e-06 1.479104760207294311e-05 1.806267168454089075e-05 2.003036221583562632e-05 2.142005385984645837e-05 2.253344634795296860e-05 2.347711753756566772e-05 2.434774648402443807e-05 2.526198454059863202e-05 2.643881334156613144e-05
2.818662207357859883e-01 5.852280338232652316e-06 1.469534593449516838e-05 1.831268227431026382e-05 2.048841727392459203e-05 2.202503657238141823e-05 2.325616685282613731e-05 2.429965831432294467e-05 2.526234214456376896e-05 2.627323247570335460e-05 2.757439938897500068e-05
2.952408026755852788e-01 5.359789022522268768e-06 1.451506541776235545e-05 1.849483618114464294e-05 2.088949613522999202e-05 2.258068698202266752e-05 2.393569189756537835e-05 2.508410170703286705e-05 2.614367358053508550e-05 2.725632225829658042e-05 2.868840488285178414e-05
3.086153846153846247e-01 4.852173459811810212e-06 1.425026802898303364e-05 1.860865591186073293e-05 2.123305486260937075e-05 2.308638027695170480e-05 2.457150718882213563e-05 2.583016108100453099e-05 2.699145746091556987e-05 2.821081675031469153e-05 2.978029931760040161e-05
3.219899665551839707e-01 4.313804978348068867e-06 1.389991989655005712e-05 1.865358004529158595e-05 2.151863782446572507e-05 2.354217683460980710e-05 2.516311363717937778e-05 2.653735674448669753e-05 2.780504942264498816e-05 2.913624261193222277e-05 3.084971020757491502e-05
3.353645484949833167e-01 3.747976459061512162e-06 1.346178719263215480e-05 1.862937984376716169e-05 2.174557282993441564e-05 2.394714215026765101e-05 2.571058632155093796e-05 2.720521267486800636e-05 2.858434611023110853e-05 3.003235060633869670e-05 3.189629414254158271e-05
3.487391304347826626e-01 3.248644189959575045e-06 1.294635065490676929e-05 1.853509096390022846e-05 2.191434325051097893e-05 2.430117049436313431e-05 2.621280716873933075e-05 2.783364488863163754e-05 2.932863876707787155e-05 3.089879594676990044e-05 3.291964587296028575e-05
3.621137123745819530e-01 2.778608262407102318e-06 1.235443700444806414e-05 1.837132848413604807e-05 2.202308349155085394e-05 2.460375107672858704e-05 2.667000604735579963e-05 2.842160305545628446e-05 3.003799828370655426e-05 3.173499479265916187e-05 3.391946069813170069e-05
3.754882943143812990e-01 2.344320321168668894e-06 1.169187352439686111e-05 1.813656089131632343e-05 2.207288364740592329e-05 2.485425249735173821e-05 2.708226938432061192e-05 2.896980790481663452e-05 3.071173860493599944e-05 3.254094649018741058e-05 3.489536494080909600e-05
3.888628762541806450e-01 1.950306096821701869e-06 1.096697769963576925e-05 1.783120457287573182e-05 2.206337530446757632e-05 2.505244198725873299e-05 2.744750764281816922e-05 2.947800112723785452e-05 3.134946474209597019e-05 3.331584350825928892e-05 3.584712543535558131e-05
4.022374581939799354e-01 1.599477738047234607e-06 1.018982282273139456e-05 1.745546124855602041e-05 2.199414247972184791e-05 2.519929098457350714e-05 2.776699651618754234e-05 2.994361609802976523e-05 3.195198133267664514e-05 3.406041385014256675e-05 3.677430456208481831e-05
4.156120401337792813e-01 1.292791987724534386e-06 9.372634513430662888e-06 1.700866092429290528e-05 2.186445310891464586e-05 2.529359660415569263e-05 2.804075569658545002e-05 3.036927892970792391e-05 3.251759565654633845e-05 3.477343607088761133e-05 3.767697562384689789e-05
4.289866220735786273e-01 1.029608844854885533e-06 8.529288503481261384e-06 1.649151813903762800e-05 2.167422487693869797e-05 2.533512051044542072e-05 2.826774345201196441e-05 3.075328668730731844e-05 3.304749228700172841e-05 3.545507079380389592e-05 3.855450847864773411e-05
4.423612040133779733e-01 8.078390497666600067e-07 7.674846838828056501e-06 1.590513127820245161e-05 2.142366813640951502e-05 2.532378172713789443e-05 2.844835954862494221e-05 3.109628059582936969e-05 3.353906321415753311e-05 3.610495109512623847e-05 3.940727237546441788e-05
4.557357859531773192e-01 6.243341774287595985e-07 6.824718728019002576e-06 1.524954682465024336e-05 2.111254503738305168e-05 2.525896912883850390e-05 2.858217049035417329e-05 3.139740738363383694e-05 3.399499789100883187e-05 3.672323138305354624e-05 4.023445144516476726e-05
4.691103678929766096e-01 4.751077238605131816e-07 5.994399355149239621e-06 1.452897854011895542e-05 2.074073084904144690e-05 2.514231227444598072e-05 2.866830701536299614e-05 3.165663299800488645e-05 3.441414821266842219e-05 3.730947432037016271e-05 4.103615997203758823e-05
4.824849498327759556e-01 3.557880513493472072e-07 5.197906753339293515e-06 1.374669288625136196e-05 2.030787419840764032e-05 2.497185977661253392e-05 2.870789816115902751e-05 3.187437946303870248e-05 3.479581870272008059e-05 3.786365997569000392e-05 4.181221212453074875e-05
4.958595317725753016e-01 2.619825191082732567e-07 4.447305997280613772e-06 1.290873695882190337e-05 1.981371247914197350e-05 2.474844092497408777e-05 2.870079021918621164e-05 3.204985135444998192e-05 3.514031733774519180e-05 3.838563403653892127e-05 4.256238382360618208e-05
5.092341137123745920e-01 1.836381553214537146e-07 3.727658598703241334e-06 1.201362793638239066e-05 1.925883593463200883e-05 2.447188035022696199e-05 2.864609422593676906e-05 3.218364252789692939e-05 3.544763305626651438e-05 3.887517160094215176e-05 4.328663984302042334e-05
5.226086956521739380e-01 1.217074986856959869e-07 3.055920302111521199e-06 1.106791312832851043e-05 1.864148915846765791e-05 2.414161176238823620e-05 2.854410522225770522e-05 3.227518517828244227e-05 3.571736172196543371e-05 3.933216915904327464e-05 4.398486586797491248e-05
5.359832775919732839e-01 7.578419529743786090e-08 2.449223846594575293e-06 1.008348004450100996e-05 1.796165606186106667e-05 2.375828932362670056e-05 2.839463177689770677e-05 3.232418101853137257e-05 3.594964990385053454e-05 3.975682618906998807e-05 4.465685173164508638e-05
5.493578595317726299e-01 4.265939109824457282e-08 1.911526578058349445e-06 9.070984657052621696e-06 1.721840395771443336e-05 2.332144844848468878e-05 2.819831908859631169e-05 3.233139652429892961e-05 3.614451861678133357e-05 4.014869787196568982e-05 4.530265343451529188e-05
5.627324414715719758e-01 1.941539651766767905e-08 1.444132049699063461e-06 8.042577932899747063e-06 1.641093670440542049e-05 2.283093651168068437e-05 2.795482011122491964e-05 3.229630342337108141e-05 3.630200122204218084e-05 4.050814517942050001e-05 4.592204879041888093e-05
5.761070234113713218e-01 3.864008543557059739e-09 1.046346037476758073e-06 7.012316215398373812e-06 1.553825211427773331e-05 2.228656840620466873e-05 2.766401504621257172e-05 3.221890566305858828e-05 3.642176748659556665e-05 4.083493546595016126e-05 4.651506518456972823e-05
5.894816053511705567e-01 -5.917014398327411621e-09 7.154647529730080364e-07 5.995193140680689123e-06 1.460009534710788695e-05 2.168731283788525674e-05 2.732603484228936144e-05 3.209981454336630833e-05 3.650418123983587124e-05 4.112882739789775090e-05 4.708163643379162546e-05
6.028561872909699026e-01 -1.162614459579907801e-08 4.463594477383058265e-07 5.006242372987521404e-06 1.359612593078650649e-05 2.103204670822114421e-05 2.694093440006873599e-05 3.193831271411494302e-05 3.654878255641385144e-05 4.139025890934325318e-05 4.762168931523797009e-05
6.162307692307692486e-01 -1.439030810318265260e-08 2.334283845564598903e-07 4.060114377565188928e-06 1.252779535247886480e-05 2.031915465753120692e-05 2.650861957732064258e-05 3.173474410470826133e-05 3.655606433970901660e-05 4.161882959943916696e-05 4.813521397126230441e-05
6.296053511705685946e-01 -1.512912533882609896e-08 7.056420492039962707e-08 3.171426177943137536e-06 1.139829842488847741e-05 1.954589766026732604e-05 2.602915357945171846e-05 3.148911040673647697e-05 3.652599118713775137e-05 4.181470579502312359e-05 4.862220706945114777e-05
6.429799331103679405e-01 -1.461209823880479644e-08 -4.871175938468672868e-08 2.355067459277780563e-06 1.021387527527489008e-05 1.870844478566925474e-05 2.550210071128050247e-05 3.120164173202267990e-05 3.645836062958051488e-05 4.197782827088929490e-05 4.908274618661611293e-05
6.563545150501672865e-01 -1.332965719265522594e-08 -1.318076119847385642e-07 1.618949466474392392e-06 8.982760859439801736e-06 1.780210797274512123e-05 2.492719372984861053e-05 3.087209464371702244e-05 3.635355747103611234e-05 4.210870249068767476e-05 4.951653401643489117e-05
6.697290969899666324e-01 -1.167519959076882261e-08 -1.854023892197702054e-07 9.704977366792894089e-07 7.716620951481477486e-06 1.682107248522719182e-05 2.430326488964860098e-05 3.050110740111382527e-05 3.621094136831047247e-05 4.220670088268544182e-05 4.992387340034640675e-05
6.831036789297659784e-01 -9.950653312913908547e-09 -2.162644861133588953e-07 4.124611118000045487e-07 6.429233777749582040e-06 1.575777061291695535e-05 2.362884810511420815e-05 3.008821738621779540e-05 3.603142541934762516e-05 4.227219018475403115e-05 5.030464187247460329e-05
6.964782608695653243e-01 -8.258668591195461381e-09 -2.290978358685753127e-07 -5.395736993213760310e-08 5.138429344142192629e-06 1.460557495018965613e-05 2.290124491903074836e-05 2.963364855191388328e-05 3.581475509074847225e-05 4.230514830745381744e-05 5.065893011406433574e-05
7.098528428093645593e-01 -6.088949105948030246e-09 -2.020361005413970055e-07 -2.856514521684089367e-07 4.055080400967170582e-06 1.342299687463116189e-05 2.212131304276650378e-05 2.913740394934971083e-05 3.556111401257664936e-05 4.230569330414101485e-05 5.098671849682514249e-05
7.232274247491639052e-01 -4.291086415489603418e-09 -1.667981528746135622e-07 -3.979908800132738483e-07 3.127874766196002464e-06 1.221340437960466604e-05 2.128734858625447426e-05 2.859963918561215230e-05 3.527048354609483373e-05 4.227387968714958088e-05 5.128806283005315250e-05
7.366020066889632512e-01 -2.982544723400564579e-09 -1.351818323147649062e-07 -4.574323455119405428e-07 2.308301777277924617e-06 1.097471304504582271e-05 2.039664525937304564e-05 2.802003868714614756e-05 3.494300985645288737e-05 4.220984672711581914e-05 5.156299256414186499e-05
7.499765886287625971e-01 -2.048832851539392969e-09 -1.077850629714543004e-07 -4.765002297165191416e-07 1.603526402670710159e-06 9.724179814122402025e-06 1.944764283972636126e-05 2.739838485723090683e-05 3.457882924418109375e-05 4.211361122777675423e-05 5.181176085400201055e-05
7.633511705685619431e-01 -1.394235312607293277e-09 -8.472457355888350770e-08 -4.663143056267793907e-07 1.016245312301116559e-06 8.482265133505021080e-06 1.843962193847193900e-05 2.673418002345795158e-05 3.417807444153119693e-05 4.198525220054805530e-05 5.203395690662062056e-05
7.767257525083612890e-01 -9.365217715848439469e-10 -6.557420732611575654e-08 -4.361558449067583203e-07 5.421216006225110558e-07 7.270219976444930221e-06 1.737396279946407438e-05 2.602681211534950824e-05 3.374079881668800050e-05 4.182495044178541924e-05 5.223003292566115284e-05
7.901003344481606350e-01 -6.227306788592939562e-10 -5.008972015271009167e-08 -3.943497969994654550e-07 1.732441330474861415e-07 6.108586244537102661e-06 1.625323949412305863e-05 2.527521138631696340e-05 3.326717874196580689e-05 4.163281038119919506e-05 5.239997073435203673e-05
8.034749163879598699e-01 -4.107500434009372434e-10 -3.782132097968862447e-08 -3.469823274740209436e-07 -1.006603923663693265e-07 5.017482776480450659e-06 1.508270156954963598e-05 2.447827201185635298e-05 3.275730205209202928e-05 4.140879282583951254e-05 5.254384208992598961e-05
8.168494983277592159e-01 -2.678603365580343747e-10 -2.818695984453321708e-08 -2.981694866980247284e-07 -2.929182086911943066e-07 4.012598392379773589e-06 1.387084677056644002e-05 2.363447157196542776e-05 3.221115790133785909e-05 4.115323512661574537e-05 5.266169470571472374e-05
8.302240802675585618e-01 -1.732544284760476057e-10 -2.077885528831121550e-08 -2.511978302416567951e-07 -4.166759195018182795e-07 3.107469203155850343e-06 1.262832140151427594e-05 2.274227838084765029e-05 3.162895524869026428e-05 4.086608019091286125e-05 5.275360502235762055e-05
8.435986622073579078e-01 -1.113057223292690272e-10 -1.516315833589060315e-08 -2.080166262475560948e-07 -4.853134291702046472e-07 2.311141678810327602e-06 1.136889242825878441e-05 2.180013265006115021e-05 3.101054298635257290e-05 4.054757022117943442e-05 5.281970850393162038e-05
8.569732441471572537e-01 -7.077708590414122939e-11 -1.093816365083010896e-08 -1.694440588669819930e-07 -5.115648907549738198e-07 1.626021631571196229e-06 1.010843976589272000e-05 2.080753710938996643e-05 3.035582823442360340e-05 4.019768520796285362e-05 5.286008147860362760e-05
8.703478260869565997e-01 -4.472039902427619294e-11 -7.817126414649766069e-09 -1.360886747766512629e-07 -5.065560855058206439e-07 1.053150212692034976e-06 8.864507211362647422e-06 1.976378841518024564e-05 2.966448816911675256e-05 3.981678934756508034e-05 5.287478761485530255e-05
8.837224080267559456e-01 -2.809030785795572464e-11 -5.537111329577481572e-09 -1.078865823101518448e-07 -4.799328164988080489e-07 5.880744553699345574e-07 7.655420549713865295e-06 1.867005157411020583e-05 2.893615817977119730e-05 3.940485807106867776e-05 5.286385626076264371e-05
8.970969899665552916e-01 -1.748123762868499934e-11 -3.879762612446895476e-09 -8.439037637901030933e-08 -4.394642970687843319e-07 2.224584674361819381e-07 6.498444352506835147e-06 1.752912595581071709e-05 2.817027743074906169e-05 3.896202983240888614e-05 5.282768044355833808e-05
9.104715719063546375e-01 -1.118494702331078633e-11 -2.792870366345938213e-09 -6.791520915717246919e-08 -4.131158143056206495e-07 -1.186234843573781012e-07 5.339952391997534079e-06 1.632456093997868582e-05 2.736505217971978680e-05 3.848844404830930715e-05 5.276604430009990701e-05
9.238461538461538725e-01 -7.185733598399402259e-12 -2.013094953958332252e-09 -5.459249263386186751e-08 -3.826296850147806203e-07 -3.914487952919674371e-07 4.231225082518876679e-06 1.506482459485061274e-05 2.651892267082807950e-05 3.798425853014240401e-05 5.267920252077369197e-05
9.372207357859532184e-01 -4.582700704281503260e-12 -1.437807255498525723e-09 -4.336783388041158881e-08 -3.459089959281412876e-07 -5.888055477768413217e-07 3.201771204315976889e-06 1.375918184447671873e-05 2.563012208006058582e-05 3.744968509597932992e-05 5.256720689347667535e-05
9.505953177257525644e-01 -2.913167186748716629e-12 -1.019799601342075946e-09 -3.408746363891014752e-08 -3.061244223103032585e-07 -7.181019147536531890e-07 2.268437864259407953e-06 1.241680971828838863e-05 2.469614616247021438e-05 3.688463965893956675e-05 5.243028012232635397e-05
9.639698996655519103e-01 -1.842678017276637290e-12 -7.174248702168639796e-10 -2.650421206748563123e-08 -2.659025725910554395e-07 -7.907452707648747792e-07 1.440147402995178785e-06 1.104920142635787810e-05 2.371432582433241954e-05 3.628933187498187995e-05 5.226840288476054824e-05
9.773444816053512563e-01 -1.156324600888007563e-12 -4.997503233977317728e-10 -2.036976751312207238e-08 -2.270082233729589615e-07 -8.174240918282472790e-07 7.222608752702656691e-07 9.670328177748365906e-06 2.268204885517293928e-05 3.566367786663317361e-05 5.208179455322221911e-05
9.907190635451506022e-01 -7.243740565530850462e-13 -3.462977158285170148e-10 -1.552359688682077561e-08 -1.910967098946271830e-07 -8.088298919668400390e-07 1.178382354184654622e-07 8.296492856183344962e-06 2.159624237902716911e-05 3.500766457467697910e-05 5.187051394652126277e-05
1.004093645484949837e+00 -4.516350768633011878e-13 -2.381720895224702556e-10 -1.171760113171874153e-08 -1.586821869564016602e-07 -7.740403394613666969e-07 -3.752795543315928380e-07 6.945760283480415575e-06 2.045489686924605290e-05 3.432103762099181736e-05 5.163472044386172748e-05
1.017468227424749072e+00 -2.795369360502197533e-13 -1.622950132729400123e-10 -8.751392226006900278e-09 -1.300057647111524749e-07 -7.208179949853873033e-07 -7.618660150387305046e-07 5.636616221247821334e-06 1.925698876627602573e-05 3.360339993116006452e-05 5.137445941415928914e-05
1.030842809364548529e+00 -1.729831143716780818e-13 -1.101807760093569216e-10 -6.492528369626216616e-09 -1.053975613218856333e-07 -6.567835016431082596e-07 -1.049319487948951254e-06 4.388533175404394870e-06 1.800179732568146733e-05 3.285417001714214358e-05 5.108999345848824948e-05
1.044217391304347764e+00 -1.065508020603800497e-13 -7.429151925803136723e-11 -4.775700263133545739e-09 -8.451741390126553302e-08 -5.870462123370537618e-07 -1.248007579825793195e-06 3.218233202758632255e-06 1.669135745311342079e-05 3.207224416858588367e-05 5.078131761765085605e-05
1.057591973244147221e+00 -6.520342249714861643e-14 -4.967102555306175784e-11 -3.479298188711496802e-09 -6.700849562035665618e-08 -5.157073337009242278e-07 -1.368976968785963175e-06 2.140957662507399276e-06 1.532973540285601091e-05 3.125680521972544463e-05 5.044859529968955691e-05
1.070966555183946456e+00 -3.996078828905759143e-14 -3.313466340729723554e-11 -2.521426866689358866e-09 -5.269477510713055742e-08 -4.466118635337528703e-07 -1.424170718161238159e-06 1.171027585706917497e-06 1.392246944813626836e-05 3.040564134790252129e-05 5.009205994471319556e-05
1.084341137123745691e+00 -2.437396725289733941e-14 -2.196251144572451174e-11 -1.812926035994588818e-09 -4.104421034040419884e-08 -3.814367448277854477e-07 -1.425667715770852554e-06 3.167455230043274248e-07 1.247876152599835617e-05 2.951676237789520904e-05 4.971171378231617688e-05
1.097715719063545148e+00 -1.477809339780441439e-14 -1.444467342487906971e-11 -1.292099421026448439e-09 -3.165407233784171471e-08 -3.215123625802714781e-07 -1.384802382496967171e-06 -4.165425331917294808e-07 1.100987526502212766e-05 2.858795568150239577e-05 4.930773249563655497e-05
1.111090301003344383e+00 -8.990004764755023658e-15 -9.497284094336808549e-12 -9.177055639571180021e-10 -2.426427156355734908e-08 -2.682803146172133128e-07 -1.313610510978951783e-06 -1.026886038349377619e-06 9.528596460684788863e-06 2.761562637186756373e-05 4.888018697806454814e-05
1.124464882943143840e+00 -5.453515562986256155e-15 -6.216643242540065903e-12 -6.482057538558523478e-10 -1.847407657498325095e-08 -2.218452186781257456e-07 -1.223551719722247957e-06 -1.524669303885228329e-06 8.044706237354644964e-06 2.659651417435985197e-05 4.842931346541433108e-05
1.137839464882943075e+00 -3.289698329224183793e-15 -4.040866455155812615e-12 -4.541546877397549643e-10 -1.394004501781021821e-08 -1.814309689725275702e-07 -1.118677870875291619e-06 -1.905893841577835962e-06 6.580289015033797445e-06 2.552758290968637188e-05 4.795514149294982073e-05
1.151214046822742532e+00 -1.996707986323596211e-15 -2.633200666434755706e-12 -3.180104796901766467e-10 -1.048646844854191715e-08 -1.474745508454967976e-07 -1.009378872541704292e-06 -2.185464082278335047e-06 5.146424856266145304e-06 2.440384953309916472e-05 4.745777718707504820e-05
1.164588628762541767e+00 -1.229417628374647360e-15 -1.738621294210317384e-12 -2.254678848065372777e-10 -7.983427076074427694e-09 -1.212283063143431153e-07 -9.184034972102373342e-07 -2.444640772735895819e-06 3.674374244348707459e-06 2.320950394045253305e-05 4.693733010182571077e-05
1.177963210702341001e+00 -7.533772677066165015e-16 -1.140846522293158018e-12 -1.586726933812980316e-10 -6.026477419508826916e-09 -9.865247142170512359e-08 -8.232217344006722854e-07 -2.608971882270111388e-06 2.256853856264403718e-06 2.194725566008840441e-05 4.639371513534045274e-05
1.191337792642140458e+00 -4.636424555768933173e-16 -7.492854623721505495e-13 -1.114346175914967899e-10 -4.528706810665873181e-09 -7.970156976231200333e-08 -7.287815853552112312e-07 -2.689136872740301012e-06 9.142977044647475070e-07 2.061196283423600523e-05 4.582700448278477615e-05
1.204712374581939693e+00 -2.840074298787278938e-16 -4.891837244639431113e-13 -7.771519162441525106e-11 -3.376318428683227743e-09 -6.379884358256010530e-08 -6.371419185925141801e-07 -2.696750804986258068e-06 -3.375433283380502064e-07 1.920107716194019589e-05 4.523707757836402838e-05
1.218086956521739150e+00 -1.733169087432498538e-16 -3.177063725923034129e-13 -5.385074095754125999e-11 -2.498382388781791163e-09 -5.062497422553353034e-08 -5.505700290789469502e-07 -2.643209402197830015e-06 -1.481661590976414204e-06 1.771284535228315150e-05 4.462361310407676073e-05
1.231461538461538385e+00 -1.061899933597753909e-16 -2.065467872535050008e-13 -3.725124171038691027e-11 -1.841467284305476052e-09 -3.992555802214029745e-08 -4.711737304174460873e-07 -2.541458030191260617e-06 -2.503067652327592307e-06 1.614660182488673038e-05 4.398608943001581720e-05
1.244836120401337842e+00 -6.478178676923337626e-17 -1.335407097231630260e-13 -2.560131873964640110e-11 -1.347253442366142177e-09 -3.122434882943411125e-08 -3.990507130245381827e-07 -2.402216432494023868e-06 -3.393638894482884011e-06 1.450522112585191178e-05 4.332380796982982689e-05
1.258210702341137077e+00 -3.941200277342591879e-17 -8.597522086400463251e-14 -1.749805527237705265e-11 -9.792283095292515729e-10 -2.423273491505700247e-08 -3.346961696786646869e-07 -2.235986877137570009e-06 -4.145205490566586205e-06 1.279353199539398013e-05 4.263567785183027030e-05
1.271585284280936534e+00 -2.406406728506137196e-17 -5.540589308871788029e-14 -1.194288771296546086e-11 -7.092968204367309121e-10 -1.870539879952565739e-08 -2.784769846929856667e-07 -2.053365533643245203e-06 -4.753506578962101772e-06 1.101887951769611856e-05 4.192003151082940565e-05
1.284959866220735769e+00 -1.463332714423864175e-17 -3.552120928896017851e-14 -8.101436083075167378e-12 -5.102003707171563371e-10 -1.432733194403494810e-08 -2.295878273975768691e-07 -1.861471043425159059e-06 -5.220755969396726410e-06 9.191669941991102805e-06 4.117484846880309238e-05
1.298334448160535004e+00 -8.882399949987988745e-18 -2.269816969772391723e-14 -5.470338728098364084e-12 -3.648804098482743980e-10 -1.089924512306017510e-08 -1.876968176303719657e-07 -1.667503681310005835e-06 -5.549905595015062866e-06 7.325258242871883112e-06 4.039746407397814550e-05
1.311709030100334461e+00 -5.410947351081661106e-18 -1.452261593531835985e-14 -3.690564155384293041e-12 -2.602418312987238719e-10 -8.254305639623460583e-09 -1.524405435014169472e-07 -1.478487406671049107e-06 -5.750815050879222977e-06 5.433190602863693584e-06 3.958410341021151817e-05
1.325083612040133696e+00 -3.283360837521023323e-18 -9.245947676302483425e-15 -2.475326071314826635e-12 -1.843861959492584380e-10 -6.205585713731669399e-09 -1.227803243169880274e-07 -1.296883134331506292e-06 -5.831500367293721533e-06 3.534514455084339306e-06 3.873084879245558196e-05
1.338458193979933153e+00 -1.990300050103791378e-18 -5.871823992824668031e-15 -1.653882684873305487e-12 -1.299856522467252348e-10 -4.636905446911684853e-09 -9.815113129198878925e-08 -1.126227858652005470e-06 -5.802976143206926474e-06 1.650571735797397223e-06 3.783264439076630518e-05
1.351832775919732388e+00 -1.209692799917801015e-18 -3.731383088717026341e-15 -1.103640810219484655e-12 -9.136203398047245617e-11 -3.448803179796698467e-09 -7.796412483421999468e-08 -9.691453945319001496e-07 -5.679299891490807009e-06 -1.960137658437178376e-07 3.688360481437258126e-05
1.365207357859531845e+00 -7.323461368660121883e-19 -2.359579985418788089e-15 -7.322386654786226107e-13 -6.379991386939473814e-11 -2.546990422097909863e-09 -6.143977170009203007e-08 -8.259705567076639815e-07 -5.474938382101629113e-06 -1.983775556269668416e-06 3.587810620377504718e-05
1.378581939799331080e+00 -4.432104973591452696e-19 -1.489419402525901618e-15 -4.842891067027716652e-13 -4.435720316725804291e-11 -1.870555093186899888e-09 -4.808828729173969579e-08 -6.977788336088976749e-07 -5.205295833430770863e-06 -3.688674883772792614e-06 3.480930669068651691e-05
1.391956521739130537e+00 -2.687642711820801950e-19 -9.403638048818957539e-16 -3.198322027852073622e-13 -3.074667614865410546e-11 -1.367641063779345217e-09 -3.741266068380933077e-08 -5.846796679597372734e-07 -4.885913290769670699e-06 -5.287084567227605571e-06 3.367061117276502009e-05
1.405331103678929772e+00 -1.621679865806857591e-19 -5.902263149423109975e-16 -2.098161158723481450e-13 -2.115561979355475020e-11 -9.919543717212721744e-10 -2.885418046054107053e-08 -4.850332102038086146e-07 -4.524955969062385383e-06 -6.745485804930442617e-06 3.245818150094296426e-05
1.418705685618729007e+00 -9.773664000192735024e-20 -3.695002719697929178e-16 -1.370997219530630826e-13 -1.448045919856921485e-11 -7.148579752282804729e-10 -2.208334475775076819e-08 -3.985955868056775810e-07 -4.136547888765210605e-06 -8.035657737521096676e-06 3.116840256523301740e-05
1.432080267558528464e+00 -5.900638215712586315e-20 -2.313596384397485421e-16 -8.946783437966818436e-14 -9.884785644138681224e-12 -5.131025755805509332e-10 -1.681052224697782767e-08 -3.252435041953251339e-07 -3.742529067942346011e-06 -9.165532081547287014e-06 2.979535132842775402e-05
1.445454849498327698e+00 -3.550958298415551854e-20 -1.442795945928669625e-16 -5.810595475467267142e-14 -6.710997292391751090e-12 -3.660678426290912160e-10 -1.271173019511046588e-08 -2.633648679020386549e-07 -3.352599523852985002e-06 -1.012960804795446599e-05 2.833678551257606739e-05
1.458829431438127155e+00 -2.140950874464973389e-20 -9.001735205842364745e-17 -3.770421813518851083e-14 -4.546359119843416572e-12 -2.602794539586816174e-10 -9.567581030659873406e-09 -2.119444561021263604e-07 -2.976543826898533985e-06 -1.092196314677562778e-05 2.679078282739602503e-05
1.472204013377926390e+00 -1.293292357923888219e-20 -5.619415427813398063e-17 -2.444772265748179103e-14 -3.073850799012915369e-12 -1.844779991710795178e-10 -7.169728561248117120e-09 -1.695720453640800219e-07 -2.620767209301451318e-06 -1.154336534175444954e-05 2.515748238551984790e-05
1.485578595317725847e+00 -7.793585216683918289e-21 -3.496796601771372558e-17 -1.579067527930455887e-14 -2.068912719138105702e-12 -1.300879510422866877e-10 -5.342439450762429989e-09 -1.347954587011348349e-07 -2.288678826723919944e-06 -1.199850310650192676e-05 2.343897738330258238e-05
1.498953177257525082e+00 -4.711900423286999433e-21 -2.180080572699717062e-17 -1.020473513083659757e-14 -1.391472882351005036e-12 -9.154783758652183068e-11 -3.967611865235372224e-09 -1.066369987146114922e-07 -1.984360536975351240e-06 -1.229160429638618148e-05 2.163829763729742270e-05
1.512327759197324317e+00 -2.864206383220426340e-21 -1.364950903775249005e-17 -6.615381404390085455e-15 -9.377546259461188872e-13 -6.448873676822714882e-11 -2.946343798669779376e-09 -8.425278703968599668e-08 -1.714965196245500060e-06 -1.248448633019848844e-05 1.973738464646431859e-05
1.525702341137123774e+00 -1.737976738304674716e-21 -8.524685769234677785e-18 -4.275068621644079723e-15 -6.296212860211139873e-13 -4.523257587648499271e-11 -2.177351055162524838e-09 -6.619897342404720996e-08 -1.471881690319265046e-06 -1.253514850709437762e-05 1.775855569530312219e-05
1.539076923076923009e+00 -1.058694606957076463e-21 -5.337645216915685037e-18 -2.766079506347616078e-15 -4.227023144579022577e-13 -3.168211531725945025e-11 -1.604650565036526817e-09 -5.179467526290429693e-08 -1.255146161795007241e-06 -1.244555914020840432e-05 1.571405377577991295e-05
1.552451505016722466e+00 -6.457546204158862705e-22 -3.343093719426513020e-18 -1.788483111633968437e-15 -2.833170631470672536e-13 -2.213342437230930962e-11 -1.178378310896872376e-09 -4.033762185549081798e-08 -1.063610642985899055e-06 -1.223278698712786420e-05 1.361206745292203323e-05
1.565826086956521701e+00 -3.936225600284934318e-22 -2.091068782090584514e-18 -1.154148781128747199e-15 -1.894186231049251056e-13 -1.541561365217913591e-11 -8.622546046495092384e-10 -3.128361432343518999e-08 -8.965171301095272912e-07 -1.192619617543167218e-05 1.145003580931934354e-05
1.579200668896321158e+00 -2.409207172884212425e-22 -1.311636135649478837e-18 -7.459300793744807910e-16 -1.266674508290629196e-13 -1.072472385561589171e-11 -6.293488171868268957e-10 -2.416476084376551890e-08 -7.510652492632437968e-07 -1.151354253170467909e-05 9.261762257376706661e-06
1.592575250836120393e+00 -1.474292911686117027e-22 -8.218439305685179026e-19 -4.811648089929365541e-16 -8.447046750457676883e-14 -7.434413026288704737e-12 -4.573088349577004924e-10 -1.856565139022801283e-08 -6.249485812268866509e-07 -1.100901024638452678e-05 7.064995360434659421e-06
1.605949832775919628e+00 -8.983981400723348600e-23 -5.124636338556144414e-19 -3.087009639127237042e-16 -5.599639659774293005e-14 -5.120306138517225572e-12 -3.299809949783102580e-10 -1.415630550974384114e-08 -5.155767708814634579e-07 -1.041349683507141755e-05 4.897784140800532106e-06
1.619324414715719085e+00 -5.489946781672487978e-23 -3.200495707713599485e-19 -1.981115390387437720e-16 -3.708347598526709842e-14 -3.518239147616616062e-12 -2.372048744551459747e-10 -1.073709742130847705e-08 -4.222293989828327399e-07 -9.746011178616276657e-06 2.790041256080381856e-06
1.632698996655518320e+00 -3.351581438947904634e-23 -1.995352132194737622e-19 -1.268263262438121531e-16 -2.448028763400757796e-14 -2.407996043350230816e-12 -1.697198474370604498e-10 -8.099425223299558763e-09 -3.434975700867628537e-07 -9.041582299372283074e-06 7.357420339464770624e-07
1.646073578595317777e+00 -2.040530745586246895e-23 -1.239860407832894586e-19 -8.087724740053170003e-17 -1.608980948340329142e-14 -1.640096918076250776e-12 -1.207834057201492733e-10 -6.073763252935223236e-09 -2.775730125697058740e-07 -8.317504291119208863e-06 -1.253043703099309043e-06
1.659448160535117012e+00 -1.240571760250118865e-23 -7.684259403805240216e-20 -5.137850514887421869e-17 -1.052126223836217536e-14 -1.109885676167582355e-12 -8.527808829194114120e-11 -4.511713849523712621e-09 -2.217258766862535305e-07 -7.539368628888133837e-06 -3.031253607505508466e-06
1.672822742474916469e+00 -7.512182964875712258e-24 -4.740292764518341165e-20 -3.246644795549202064e-17 -6.839354874989870340e-15 -7.461840995348839764e-13 -5.977819043186505383e-11 -3.325096203858780242e-09 -1.755555647428066487e-07 -6.761646135206576880e-06 -4.651959530327992375e-06
1.686197324414715704e+00 -4.538254046456776404e-24 -2.915688646245763806e-20 -2.044567401999493625e-17 -4.428632602619694127e-15 -4.994787156369080626e-13 -4.170061342001249180e-11 -2.437507227196849573e-09 -1.381577088766908381e-07 -6.018837032029212845e-06 -6.163217390674697639e-06
1.699571906354515161e+00 -2.758569355964593610e-24 -1.802469723282047264e-20 -1.292531053749339284e-17 -2.875113081923508467e-15 -3.347633337270822959e-13 -2.908379819359684324e-11 -1.783687139840454591e-09 -1.083175285056323732e-07 -5.321902421713375407e-06 -7.559990503407284357e-06
1.712946488294314396e+00 -1.676086158526293318e-24 -1.113160347533194690e-20 -8.158458556294791679e-18 -1.862694242782180601e-15 -2.237853405583153636e-13 -2.022057031466676722e-11 -1.300405308252810554e-09 -8.454206301741792941e-08 -4.677863690723604079e-06 -8.866454081811615451e-06
1.726321070234113630e+00 -1.016475961186087630e-24 -6.858029788671405135e-21 -5.134691444138464772e-18 -1.202724051465739068e-15 -1.490258098762027144e-13 -1.399785737337306982e-11 -9.435144586213099457e-10 -6.562327352989617765e-08 -4.083815913560765663e-06 -1.006216601068150422e-05
1.739695652173913087e+00 -6.204683052959702621e-25 -4.248319520335758182e-21 -3.245706572530887919e-18 -7.790445736617673854e-16 -9.942652442827531801e-14 -9.694201676266981183e-12 -6.837994247092507493e-10 -5.078109896955104989e-08 -3.543928478405360993e-06 -1.114485163548906730e-05
1.753070234113712322e+00 -3.780533621473114388e-25 -2.625534035342323392e-21 -2.045877394798773704e-18 -5.029638494579711962e-16 -6.608793246375804084e-14 -6.685475058986420173e-12 -4.932458798067264349e-10 -3.908529438429716403e-08 -3.055072465487181317e-06 -1.211760286099410966e-05
1.766444816053511779e+00 -2.300580564206518588e-25 -1.619692155894918853e-21 -1.286607018951045310e-18 -3.238146382370579708e-16 -4.378365156299195015e-14 -4.592956698657058102e-12 -3.542411396325956028e-10 -2.993025604616301063e-08 -2.616750696679345371e-06 -1.298426975895447073e-05
1.779819397993311014e+00 -1.408235897087483048e-25 -1.004173828333186191e-21 -8.123468456038850510e-19 -2.090853889478950553e-16 -2.905784335809584897e-14 -3.156750332918787048e-12 -2.541571839338828922e-10 -2.285546600340220858e-08 -2.228972072398839948e-06 -1.374755238894732839e-05
1.793193979933110471e+00 -8.604607111373303497e-26 -6.211369165811601605e-22 -5.114976923712878364e-19 -1.345771252720892044e-16 -1.921525999268659733e-14 -2.160820723859403248e-12 -1.815219270574993064e-10 -1.736299569704251331e-08 -1.886699036191875168e-06 -1.441196039777061666e-05
1.806568561872909706e+00 -5.252831342536545479e-26 -3.836529146395101129e-22 -3.214377887593296750e-19 -8.640762006311255046e-17 -1.266880933814386963e-14 -1.473861239169158034e-12 -1.291083623494492790e-10 -1.312569665102208715e-08 -1.586971443553754852e-06 -1.497763643103059323e-05
1.819943143812709163e+00 -3.222850460806537904e-26 -2.379736709237466544e-22 -2.026779618993783370e-19 -5.561316070834439049e-17 -8.364028098337324869e-15 -1.005456787072399123e-12 -9.172322967928762461e-11 -9.894556926865126902e-09 -1.327743500571272312e-06 -1.544994513736880728e-05
1.833317725752508398e+00 -1.974034323544538429e-26 -1.472933754685702201e-22 -1.274663391403029600e-19 -3.568671686503472060e-17 -5.503253661388360255e-15 -6.832856432855718307e-13 -6.488383834798484644e-11 -7.422478342351035736e-09 -1.104254045978262505e-06 -1.584094833694272758e-05
1.846692307692307633e+00 -1.209171905386371305e-26 -9.112280270916373635e-23 -8.008507032307032709e-20 -2.286547398935616111e-17 -3.613542103714409513e-15 -4.631156956516804409e-13 -4.574697944172227103e-11 -5.545160827017594185e-09 -9.133491452633422040e-07 -1.615885230165975319e-05
1.860066889632107090e+00 -7.442428849662599648e-27 -5.660571333267214129e-23 -5.048451670047767050e-20 -1.468718143842736843e-17 -2.376427001282553322e-15 -3.140390148685143300e-13 -3.223113981409124167e-11 -4.133359727026944672e-09 -7.519896334346559540e-07 -1.641006411111503105e-05
1.873441471571906325e+00 -4.574028757347784235e-27 -3.509601377162817483e-23 -3.175079987316392716e-20 -9.408495612712762311e-18 -1.558006997002135877e-15 -2.122010024134090358e-13 -2.261861756628933843e-11 -3.067098657028064254e-09 -6.157279148168196248e-07 -1.659994863637699987e-05
1.886816053511705782e+00 -2.813262001450836454e-27 -2.176506754121751975e-23 -1.996340544679983676e-20 -6.022273185461637932e-18 -1.020073976294370371e-15 -1.431054246892731850e-13 -1.583087916397454154e-11 -2.267896292641760738e-09 -5.016688877567236750e-07 -1.673575799282280019e-05
1.900190635451505017e+00 -1.737876762574406702e-27 -1.354850562763845084e-23 -1.259053045506779053e-20 -3.863716295216934566e-18 -6.688599906729301904e-16 -9.655666225928830765e-14 -1.107361285660538145e-11 -1.673620218036190305e-09 -4.070543983510167542e-07 -1.682334066069245964e-05
1.913565217391304474e+00 -1.072816226712758789e-27 -8.424361815765510969e-24 -7.928708716705247151e-21 -2.474239115170550320e-18 -4.375920143735276002e-16 -6.497760496875019040e-14 -7.722252561663424347e-12 -1.230637788646148819e-09 -3.287962953248295513e-07 -1.688011420214698057e-05
1.926939799331103709e+00 -6.631771806905697125e-28 -5.242840998835381368e-24 -4.994899439825661471e-21 -1.584230188062313005e-18 -2.860871258247781419e-16 -4.366750798006663255e-14 -5.374043852667902026e-12 -9.022090007478977512e-10 -2.644005535555859627e-07 -1.689678406043643112e-05
1.940314381270902944e+00 -4.115116118774680067e-28 -3.273460177961067158e-24 -3.154980168574386283e-21 -1.016371742942352837e-18 -1.872672377108454987e-16 -2.935676109090492600e-14 -3.737549022434345249e-12 -6.601763008347535012e-10 -2.117972132446099653e-07 -1.687658588484161739e-05
1.953688963210702401e+00 -2.550152109427268578e-28 -2.040350069725140832e-24 -1.988689881575654556e-21 -6.504864622965345615e-19 -1.222429447948640212e-16 -1.967383648695218389e-14 -2.590155884672294780e-12 -4.811094735687333611e-10 -1.688234546026129957e-07 -1.682109079913282065e-05
1.967063545150501636e+00 -1.583269204245633645e-28 -1.273512644760153680e-24 -1.254656513834449964e-21 -4.164727348792570471e-19 -7.978121801652780623e-17 -1.317336088119622373e-14 -1.792126812294512196e-12 -3.497138874632934711e-10 -1.340198897379846015e-07 -1.673405888372720196e-05
1.980438127090301093e+00 -9.860965809438651627e-29 -7.970151614193502629e-25 -7.932546212034506778e-22 -2.670606848015538805e-19 -5.211537040906441872e-17 -8.821731207293296407e-15 -1.239018692016389136e-12 -2.537157678993278449e-10 -1.059980894940765143e-07 -1.661772440771046357e-05
1.993812709030100327e+00 -6.133400607372327940e-29 -4.979449336892724346e-25 -5.004987467351887321e-22 -1.708419407557557806e-19 -3.395056995830447743e-17 -5.889354604581611939e-15 -8.536366590974077748e-13 -1.833388689312325952e-10 -8.343418307151519684e-08 -1.647267321057263649e-05
2.007187290969899784e+00 -3.821134921502062618e-29 -3.114676271198964754e-25 -3.160114040436543548e-22 -1.093116004121842451e-19 -2.210890405957666669e-17 -3.927604039517573124e-15 -5.870592168987156447e-13 -1.321108211888574302e-10 -6.538560743056777586e-08 -1.628895726678017072e-05
2.020561872909699019e+00 -2.385378083948265913e-29 -1.951324012315314160e-25 -1.997464629119696651e-22 -6.998242483339615483e-20 -1.439741026467730887e-17 -2.617482230195477048e-15 -4.031288456849887696e-13 -9.495635741555192450e-11 -5.102955273662159755e-08 -1.607132465321720142e-05
2.033936454849498254e+00 -1.487197983999472103e-29 -1.220491126843614384e-25 -1.260093448977198763e-22 -4.470177447812021719e-20 -9.351405449660399598e-18 -1.739255527604722273e-15 -2.759092407624736904e-13 -6.799312360234355397e-11 -3.964455502850223092e-08 -1.583286924099620548e-05
2.047311036789297489e+00 -9.299016045090733795e-30 -7.652737077212971895e-26 -7.965321828380373829e-23 -2.859692786666270101e-20 -6.079686278143561376e-18 -1.156005155143814380e-15 -1.887408943788966728e-13 -4.861068071902127933e-11 -3.070198810213857000e-08 -1.557735990226183202e-05
2.060685618729097168e+00 -5.827144241132204223e-30 -4.807058034601358121e-26 -5.041956014561264027e-23 -1.831089565214210776e-20 -3.954182882899581268e-18 -7.681768047083705223e-16 -1.289929711202761356e-13 -3.468925295884059168e-11 -2.369833983448343322e-08 -1.530643502227800880e-05
2.074060200668896403e+00 -3.647478044555244468e-30 -3.015153148859788930e-26 -3.185866255001087028e-23 -1.170051353346793543e-20 -2.565704356664114759e-18 -5.090874656594575606e-16 -8.789006482693194411e-14 -2.466804578633116035e-11 -1.821509265010496449e-08 -1.502101110372952236e-05
2.087434782608695638e+00 -2.291076464595945853e-30 -1.897069121598478416e-26 -2.018405031410283752e-23 -7.492723679234324472e-21 -1.667444701894095075e-18 -3.376936719874018818e-16 -5.989195552611175259e-14 -1.752528425970446987e-11 -1.396399980792719948e-08 -1.472375248572625269e-05
2.100809364548494873e+00 -1.441707789511072574e-30 -1.195344526533752262e-26 -1.280147054448549322e-23 -4.801408263054377998e-21 -1.083908610470906309e-18 -2.239315180796815137e-16 -4.077460190066604553e-14 -1.242880202935008152e-11 -1.067241650532797286e-08 -1.441594814319111960e-05
2.114183946488294552e+00 -9.067412273430657059e-31 -7.525363948402262165e-27 -8.109750242971272782e-24 -3.072360452522275920e-21 -7.033703662547076185e-19 -1.481904148783865870e-16 -2.769327770296572242e-14 -8.789566219095809677e-12 -8.128148817880812090e-09 -1.410420498644273277e-05
2.127558528428093787e+00 -5.725631481375463580e-31 -4.754927618691687335e-27 -5.154127188653039183e-24 -1.971375077194945334e-21 -4.574340021404623929e-19 -9.821625647390304903e-17 -1.882218635486159962e-14 -6.213580409650284940e-12 -6.177480881423114865e-09 -1.378266382981100372e-05
2.140933110367893022e+00 -3.620215708777641484e-31 -3.007387606788089295e-27 -3.277807256000971329e-24 -1.265290864145474808e-21 -2.974559901186854132e-19 -6.505647886292701289e-17 -1.277830311112258814e-14 -4.384374115265590913e-12 -4.680887333989167685e-09 -1.345098922575673228e-05
2.154307692307692257e+00 -2.286865379193448917e-31 -1.899731641357713092e-27 -2.081356350798844012e-24 -8.106444594703743217e-22 -1.930266907864260913e-19 -4.298994255312449529e-17 -8.651724104875999890e-15 -3.084020954461185945e-12 -3.533497083422830432e-09 -1.310886122039870043e-05
2.167682274247491492e+00 -1.450969401343721048e-31 -1.204951640896583315e-27 -1.326515619756547988e-24 -5.210437765422775303e-22 -1.255972730233298004e-19 -2.846553155083301273e-17 -5.864889176334271331e-15 -2.169561660357029535e-12 -2.662946834277678029e-09 -1.275719188837763082e-05
2.181056856187291171e+00 -9.213577684242604415e-32 -7.646585339829345951e-28 -8.455995305085427720e-25 -3.348615313533720517e-22 -8.168402664982157175e-20 -1.883153351051519397e-17 -3.970311241834417340e-15 -1.523203527880030269e-12 -2.000866670867982735e-09 -1.239551650220607050e-05
2.194431438127090406e+00 -5.845130781292574062e-32 -4.846513473286644015e-28 -5.382249962362627585e-25 -2.148288314500980814e-22 -5.301726606019071870e-20 -1.242940182696274268e-17 -2.680717462407952915e-15 -1.066180171324912781e-12 -1.497927828902005901e-09 -1.202365043275787886e-05
2.207806020066889641e+00 -3.726048553231170456e-32 -3.085731293249236449e-28 -3.440085276738714569e-25 -1.383359585392243302e-22 -3.452098775735563466e-20 -8.224551040722607866e-18 -1.813121770192655061e-15 -7.467311550374069916e-13 -1.120069148772021820e-09 -1.164280051074339771e-05
2.221180602006688876e+00 -2.376346251707640127e-32 -1.965032234127312162e-28 -2.198544700659003118e-25 -8.904595342780635442e-23 -2.246213180478581495e-20 -5.436496784040121482e-18 -1.224529115758055653e-15 -5.219455598985583482e-13 -8.351245023494527718e-10 -1.125442175544622502e-05
2.234555183946488555e+00 -1.514504976843169067e-32 -1.250128140855632903e-28 -1.403338702445416562e-25 -5.723330598958817373e-23 -1.459037501238234383e-20 -3.586364604223352964e-18 -8.251051422526921040e-16 -3.638448504582784212e-13 -6.206247645209954261e-10 -1.085933820693338991e-05
2.247929765886287790e+00 -9.704402042541800482e-33 -7.994121760420910846e-29 -9.000614028605759254e-26 -3.694739365525977934e-23 -9.513925221038993450e-21 -2.373473268591959794e-18 -5.573116908052877199e-16 -2.539593050957038002e-13 -4.609672114558508455e-10 -1.045840334538334367e-05
2.261304347826087024e+00 -6.218712632756541923e-33 -5.110958118370348161e-29 -5.770119199440439561e-26 -2.383474110648771952e-23 -6.197635706772360267e-21 -1.568740151660772479e-18 -3.758114751527211713e-16 -1.768848734941520125e-13 -3.414070065522107881e-10 -1.005167097997296781e-05
2.274678929765886259e+00 -3.982388063158809290e-33 -3.264553827262697138e-29 -3.694706108964768570e-26 -1.535389494385034217e-23 -4.030611002628166469e-21 -1.034861618517473527e-18 -2.528610863435969486e-16 -1.228842747160548526e-13 -2.520612526008011107e-10 -9.639700893367743553e-06
2.288053511705685494e+00 -2.565000733819072535e-33 -2.096797906200311305e-29 -2.378205801302465559e-26 -9.938676577823164259e-24 -2.632709058229367093e-21 -6.852099702850030645e-19 -1.706324722744489367e-16 -8.552175604143412767e-14 -1.860829105070153724e-10 -9.223888867181391534e-06
2.301428093645485173e+00 -1.651499763225119062e-33 -1.345928723094831614e-29 -1.529492254828935372e-26 -6.426378381821218051e-24 -1.717346298936164169e-21 -4.529706223206658182e-19 -1.149251514420743294e-16 -5.938243719945909220e-14 -1.369749390986151359e-10 -8.804663357566469076e-06
2.314802675585284408e+00 -1.062977234557302607e-33 -8.634300295904892162e-30 -9.828348150910605235e-27 -4.150874512047972991e-24 -1.118780661252003123e-21 -2.989730823927018495e-19 -7.726004953626624384e-17 -4.113920346487062619e-14 -1.005382079738763523e-10 -8.383155413063299186e-06
2.328177257525083643e+00 -6.879463786005863097e-34 -5.568527626921009517e-30 -6.347457551001597527e-27 -2.693659633936707539e-24 -7.319235533899000789e-22 -1.980491593127516993e-19 -5.209025406077638501e-17 -2.855317713939221223e-14 -7.380075466431317224e-11 -7.961200853832677991e-06
2.341551839464882878e+00 -4.450263588785085495e-34 -3.588756290917586599e-30 -4.095529761607960108e-27 -1.745991469395970107e-24 -4.781729053802144165e-22 -1.309793493440381217e-19 -3.505303744561436921e-17 -1.977249963740432438e-14 -5.401976549656491438e-11 -7.539611597702200712e-06
2.354926421404682113e+00 -2.879161532142414167e-34 -2.312543377220403768e-30 -2.641570041068476846e-27 -1.131056272989093928e-24 -3.121345092394198196e-22 -8.652658582460973022e-20 -2.355456695546123546e-17 -1.366675274341548941e-14 -3.944138462131611434e-11 -7.119950089280805946e-06
2.368301003344481792e+00 -1.872025039995384052e-34 -1.497384649271240168e-30 -1.711604255136257226e-27 -7.358279195671638297e-25 -2.045376202787006079e-22 -5.735115406145646282e-20 -1.587027256015239716e-17 -9.462602182495659267e-15 -2.880028063588284343e-11 -6.704290918119140905e-06
2.381675585284281027e+00 -1.216646652530935514e-34 -9.688986571701735281e-31 -1.108028384950239029e-27 -4.781718354355951135e-25 -1.338526035298190591e-22 -3.795354412307178407e-20 -1.067321858479343744e-17 -6.537416145491955296e-15 -2.097281893995887725e-11 -6.293661734281616307e-06
2.395050167224080262e+00 -7.911383557007821645e-35 -6.271340687970271788e-31 -7.173636839111256962e-28 -3.106957629369817046e-25 -8.756255224957320790e-23 -2.510017737903135599e-20 -7.170973280492561037e-18 -4.509994773165195987e-15 -1.523981325385973230e-11 -5.889756429252027186e-06
2.408424749163879497e+00 -5.167648862231286735e-35 -4.076942881982346998e-31 -4.663622898058433472e-28 -2.026552673192456625e-25 -5.748100866663517968e-23 -1.664985757746071433e-20 -4.829616704660618530e-18 -3.116161247299469494e-15 -1.107488871402298768e-11 -5.494677269927661707e-06
2.421799331103679176e+00 -3.374020789361562365e-35 -2.648631510992022532e-31 -3.029206302281841489e-28 -1.320429008552208466e-25 -3.768560887075776731e-23 -1.102781393423916549e-20 -3.246995395055367066e-18 -2.148585456383720110e-15 -8.027177946541509149e-12 -5.109304281368754215e-06
2.435173913043478411e+00 -2.205031913598490746e-35 -1.721995515895167717e-31 -1.968643037097342313e-28 -8.606173981247998587e-26 -2.470924280107338240e-23 -7.302568112307764309e-21 -2.181779486144075942e-18 -1.479928000983468290e-15 -5.807770238028496252e-12 -4.735276342777617909e-06
2.448548494983277646e+00 -1.446869489739462404e-35 -1.123919263702810013e-31 -1.284135876291609284e-28 -5.628592033099322317e-26 -1.625165274988841440e-23 -4.848777044325704962e-21 -1.469194261185238904e-18 -1.020766328766360669e-15 -4.202184827780640463e-12 -4.374321076637117427e-06
2.461923076923076881e+00 -9.489952868818265335e-36 -7.330959635300956740e-32 -8.369315568474014654e-29 -3.677402504061433308e-26 -1.067583284660634575e-23 -3.214839274696137907e-21 -9.876706072239360917e-19 -7.026451803908450491e-16 -3.032834802040936952e-12 -4.026991327470496447e-06
2.475297658862876116e+00 -6.232791843174652676e-36 -4.787308297367269602e-32 -5.459951475600290763e-29 -2.404423583449672613e-26 -7.016663208323391246e-24 -2.131988228144252333e-21 -6.638855170551175337e-19 -4.833708266542440326e-16 -2.185780055025833515e-12 -3.694586147112092949e-06
2.488672240802675795e+00 -4.108169583241218366e-36 -3.137029080521024092e-32 -3.573598215433411280e-29 -1.576880795573018329e-26 -4.624360977147883141e-24 -1.417222104487742244e-21 -4.470888652817103668e-19 -3.329187239533092529e-16 -1.575265334885692994e-12 -3.378253604458672321e-06
2.502046822742475030e+00 -2.706692948515965083e-36 -2.054360486594595665e-32 -2.337057383630663631e-29 -1.033126725232189268e-26 -3.044090867380130812e-24 -9.407716094411763657e-22 -3.005994554118021416e-19 -2.288521838917037376e-16 -1.132537357634253865e-12 -3.078076068191940864e-06
2.515421404682274265e+00 -1.786392783081804002e-36 -1.347451903749663903e-32 -1.530498851501284903e-29 -6.776740545880488412e-27 -2.005739080300610503e-24 -6.249073183142320530e-22 -2.021690055924013927e-19 -1.572840610659318775e-16 -8.133878205007856081e-13 -2.794879905752401126e-06
2.528795986622073499e+00 -1.182689411335216618e-36 -8.864573531147945440e-33 -1.005154651082773614e-29 -4.456911682806778443e-27 -1.324720124548041623e-24 -4.159416192540617878e-22 -1.361878530247435004e-19 -1.082022020255587861e-16 -5.841067584441584393e-13 -2.529126819847783886e-06
2.542170568561873178e+00 -7.826987032977401927e-37 -5.828302849288230102e-33 -6.596163408037383090e-30 -2.928391255457535040e-27 -8.739306897737476746e-25 -2.764798730249624588e-22 -9.159708397525628316e-20 -7.429820847225314045e-17 -4.184837571583270584e-13 -2.280443950221831774e-06
2.555545150501672413e+00 -5.190646143195020207e-37 -3.839467435837991484e-33 -4.336336124426834011e-30 -1.927144806329481670e-27 -5.773262843057339954e-25 -1.839769805374814463e-22 -6.165098136438885200e-20 -5.102837834164367137e-17 -2.996236243899618330e-13 -2.049142274679011926e-06
2.568919732441471648e+00 -3.451575549735758283e-37 -2.535842313253701733e-33 -2.857660026009155507e-30 -1.271082035948517744e-27 -3.821538933267791804e-25 -1.226317362867386822e-22 -4.155006357345170990e-20 -3.507291404244856228e-17 -2.144746711174532779e-13 -1.835059356322977013e-06
2.582294314381270883e+00 -2.294286051766654061e-37 -1.673868735940564978e-33 -1.881776483563381581e-30 -8.375849498418587349e-28 -2.526822716101809553e-25 -8.163521292253585790e-23 -2.796053962868131786e-20 -2.406305698672462388e-17 -1.531806531710384858e-13 -1.637444519044602225e-06
2.595668896321070118e+00 -1.528735075743085798e-37 -1.107457511210761530e-33 -1.241846110505931522e-30 -5.530300249843142247e-28 -1.673713583482832515e-25 -5.442514117493658814e-23 -1.883708386303840514e-20 -1.651950159765541551e-17 -1.093723477048044742e-13 -1.456194358845000913e-06
2.609043478260869797e+00 -1.020951124894594679e-37 -7.343023872062770035e-34 -8.211975148813983859e-31 -3.658250719077080839e-28 -1.110453306569570907e-25 -3.633420617750883980e-23 -1.270361866692826919e-20 -1.134667578594829339e-17 -7.806524385182103658e-14 -1.290660147977876186e-06
2.622418060200669032e+00 -6.815797525721058126e-38 -4.866062515906378498e-34 -5.426341558089379316e-31 -2.417724590948409139e-28 -7.359619183936482827e-26 -2.422628056264591567e-23 -8.554740563193152085e-21 -7.780144269752595854e-18 -5.559962559792885731e-14 -1.139869818046555979e-06
2.635792642140468267e+00 -4.562745482747894929e-38 -3.233267999088938710e-34 -3.594771989151975762e-31 -1.601669091341134219e-28 -4.888234306271345048e-26 -1.618377240421919339e-23 -5.769738501192670613e-21 -5.340078609715573088e-18 -3.960283593089745428e-14 -1.003427992328098954e-06
2.649167224080267502e+00 -3.060192443435347198e-38 -2.152148652288735158e-34 -2.385300627297947981e-31 -1.062617176874774126e-28 -3.250895380738174509e-26 -1.082231790967184198e-23 -3.894218704329484820e-21 -3.666289658404901432e-18 -2.819440524018141889e-14 -8.803990931079032766e-07
2.662541806020067181e+00 -2.051702185192827600e-38 -1.431741711029734201e-34 -1.581627395149802955e-31 -7.043713573159208587e-29 -2.159756554163048018e-26 -7.228261469754846152e-24 -2.624652476424860891e-21 -2.512925313223326129e-18 -2.003075113017729464e-14 -7.697450874536662801e-07
2.675916387959866416e+00 -1.379800728921997334e-38 -9.553622870838371109e-35 -1.051786680426507821e-31 -4.681907671675413308e-29 -1.438522267486843127e-26 -4.838839662998804751e-24 -1.772421233221352625e-21 -1.724831284576446606e-18 -1.423763598070159464e-14 -6.709181222344992635e-07
2.689290969899665651e+00 -9.293158196128573307e-39 -6.383644008097760306e-35 -7.003117794090297201e-32 -3.115440162759320849e-29 -9.590188242483134988e-27 -3.241536972987847748e-24 -1.197418564096378299e-21 -1.183923981603314127e-18 -1.011325150920196516e-14 -5.828848752253583478e-07
2.702665551839464886e+00 -6.256852041482507368e-39 -4.263206030316026959e-35 -4.659638509917866906e-32 -2.071318954016016946e-29 -6.387063665684877810e-27 -2.168949558100339312e-24 -8.078510808110633712e-22 -8.113312228187542597e-19 -7.169218382706832292e-15 -5.046613345985372395e-07
2.716040133779264121e+00 -4.226849810069269659e-39 -2.856656851209219369e-35 -3.110475275819797289e-32 -1.381428695419607070e-29 -4.266267382145233898e-27 -1.455152740577388775e-24 -5.462982931171514699e-22 -5.570022854497963661e-19 -5.086559808146699492e-15 -4.356662315081913092e-07
2.729414715719063800e+00 -2.858641212217803860e-39 -1.916072057227027487e-35 -2.078153595736646931e-32 -9.219876126168877593e-30 -2.851276437282844145e-27 -9.766181662263844480e-25 -3.694703010561358465e-22 -3.823077739601136341e-19 -3.605886657047234977e-15 -3.749099280416164925e-07
2.742789297658863035e+00 -1.932645603850589154e-39 -1.284515801866199841e-35 -1.387505427779459412e-32 -6.148428326274701918e-30 -1.903741500825744680e-27 -6.547059996813681131e-25 -2.495486385793143222e-22 -2.619933940751837584e-19 -2.551281990256619954e-15 -3.215441082422881417e-07
2.756163879598662270e+00 -1.311411599963502052e-39 -8.642874643558047302e-36 -9.297173230249200362e-33 -4.114424852177792921e-30 -1.275283976916081924e-27 -4.402412371022880680e-25 -1.690089535017704504e-22 -1.799365262384368036e-19 -1.807341635489806103e-15 -2.750320826990970850e-07
2.769538461538461505e+00 -8.905325421294216581e-40 -5.818998696980886382e-36 -6.232800427729960969e-33 -2.754302909405622739e-30 -8.544715524318620853e-28 -2.960379119622897980e-25 -1.144409766340190042e-22 -1.235178809417674766e-19 -1.279013111013543758e-15 -2.345157044860906541e-07
2.782913043478261184e+00 -6.045239057223353227e-40 -3.915775434796592115e-36 -4.175702270592435151e-33 -1.842326871611671270e-30 -5.719762359306381674e-28 -1.988493270125175114e-25 -7.739220345820947731e-23 -8.466096816101839495e-20 -9.034338423684462697e-16 -1.993154714453197598e-07
2.796287625418060419e+00 -4.119964372273483095e-40 -2.645524299151835611e-36 -2.808515834515338565e-33 -1.237019036241243884e-30 -3.842759393084023565e-28 -1.340242792319175708e-25 -5.249952929501254896e-23 -5.817746430407793572e-20 -6.391720799827543282e-16 -1.689824128082971872e-07
2.809662207357859653e+00 -2.808960697238333629e-40 -1.787812146640637937e-36 -1.889230214060881144e-33 -8.305965532140851107e-31 -2.581372328745407071e-28 -9.030506762096743209e-26 -3.559571215084548209e-23 -3.994759918378010938e-20 -4.516536063010203622e-16 -1.428275182843483371e-07
2.823036789297658888e+00 -1.914486979256690564e-40 -1.207578649042753300e-36 -1.270026939003098345e-33 -5.572683174354637877e-31 -1.732439120971115394e-28 -6.078180577842876761e-26 -2.410456076688326202e-23 -2.738979137825902771e-20 -3.185701504334831993e-16 -1.203383943385642589e-07
2.836411371237458123e+00 -1.310363659095731011e-40 -8.191454160425526947e-37 -8.573896982135432920e-34 -3.754365747893452998e-31 -1.167345911021653934e-28 -4.106507434279912072e-26 -1.637958421438526991e-23 -1.883510690638648611e-20 -2.251478860958111271e-16 -1.011666836414311809e-07
2.849785953177257802e+00 -8.969256501342404871e-41 -5.556122504622834509e-37 -5.786985673888403283e-34 -2.528495524951134743e-31 -7.862050746511473770e-29 -2.772674481783353989e-26 -1.112133595640423063e-23 -1.293875426525845057e-20 -1.588932283635198994e-16 -8.479292789674066239e-08
2.863160535117057037e+00 -6.137598666620528026e-41 -3.766969274138413111e-37 -3.903688571483206666e-34 -1.701684367122482694e-31 -5.290597600353657988e-29 -1.870220297057163920e-26 -7.542357398054058925e-24 -8.876017245820074062e-21 -1.119430066887769111e-16 -7.085177429114616704e-08
2.876535117056856272e+00 -4.218363580061901155e-41 -2.565337040165554935e-37 -2.644983222344577817e-34 -1.150239548792332291e-31 -3.575268997030358431e-29 -1.266576696490042534e-26 -5.134202136359338331e-24 -6.108654438442151656e-21 -7.904582896572655915e-17 -5.908670976818342593e-08
2.889909698996655507e+00 -2.898630980722330058e-41 -1.746372294100996501e-37 -1.791238229844261615e-34 -7.770081266954605699e-32 -2.414261540481955959e-29 -8.569957535732266439e-27 -3.491218855616281837e-24 -4.198723672409354532e-21 -5.572597258866275751e-17 -4.912879736289069348e-08
2.903284280936454742e+00 -1.991860503199033440e-41 -1.188740715048363494e-37 -1.212792690806854308e-34 -5.247010645448967681e-32 -1.629493649386964612e-29 -5.795012494359975076e-27 -2.372122390887062232e-24 -2.883008646831215928e-21 -3.923143645134291509e-17 -4.073138237044811768e-08
2.916658862876254421e+00 -1.374233293569360322e-41 -8.124548001674298906e-38 -8.244712823146633109e-35 -3.557337373848435780e-32 -1.104069224727929160e-29 -3.933001896925747843e-27 -1.617240829718024795e-24 -1.985448303030584014e-21 -2.767710928385589876e-17 -3.370708144013616798e-08
2.930033444816053656e+00 -9.479087946979677721e-42 -5.550786311468070946e-38 -5.602117670133917229e-35 -2.410310754413504593e-32 -7.475157931378885282e-30 -2.666941287129706043e-27 -1.101448466306280927e-24 -1.365628775035175059e-21 -1.949515364705347924e-17 -2.781398595771175003e-08
2.943408026755852891e+00 -6.540684364536028214e-42 -3.793238104127524044e-38 -3.806975430704269608e-35 -1.633136769985431277e-32 -5.060486784736443176e-30 -1.807955442598573966e-27 -7.498349384662138617e-25 -9.386779294503145366e-22 -1.371744977270049471e-17 -2.288939697620911579e-08
2.956782608695652126e+00 -4.529522951332285298e-42 -2.601726082682598066e-38 -2.596558669744826295e-35 -1.110544636943920261e-32 -3.437808776430134122e-30 -1.229719972304271611e-27 -5.120427801746978495e-25 -6.469408844035366792e-22 -9.670407175575953763e-18 -1.880394588121200368e-08
2.970157190635451805e+00 -3.136078429294198272e-42 -1.783852073173450126e-38 -1.770142743834751415e-35 -7.547279596127467873e-33 -2.333777715220478396e-30 -8.357074483120444417e-28 -3.493100928735258145e-25 -4.453380087434977648e-22 -6.807013282865364480e-18 -1.540477458722335064e-08
2.983531772575251040e+00 -2.172708837361806959e-42 -1.223756562840977943e-38 -1.207297821081803905e-35 -5.130923958859230678e-33 -1.584664635314847889e-30 -5.679909353894661214e-28 -2.382771798903182495e-25 -3.064622885668066469e-22 -4.787987369515474662e-18 -1.258861483807241944e-08
2.996906354515050275e+00 -1.510186256900668191e-42 -8.422972288628175806e-39 -8.261307707881115000e-36 -3.499489798521067010e-33 -1.079386507035556958e-30 -3.871898134386996068e-28 -1.629874275412995115e-25 -2.114007162086351934e-22 -3.373526924132437305e-18 -1.027024557740988691e-08
3.010280936454849510e+00 -1.049458694144834744e-42 -5.795407951494559537e-39 -5.650403294630995333e-36 -2.385396964451029338e-33 -7.347041679309847908e-31 -2.637214911601000785e-28 -1.113786343756021801e-25 -1.456558704493938380e-22 -2.373426741412141310e-18 -8.356339378081202205e-09
3.023655518394648745e+00 -7.299700728003497325e-43 -3.990941137694485907e-39 -3.867640979958926089e-36 -1.627091572310917056e-33 -5.003757088455628584e-31 -1.797035422442220328e-28 -7.613203842526893996e-26 -1.003602553741012857e-22 -1.669149815789083214e-18 -6.783587152597158178e-09
3.037030100334448424e+00 -5.092216662568322667e-43 -2.756415342773450855e-39 -2.655120485415489782e-36 -1.113042807244061361e-33 -3.417351195264419479e-31 -1.227770035341182539e-28 -5.216704030306656128e-26 -6.929720104655624190e-23 -1.175593262698135247e-18 -5.498101591148605750e-09
3.050404682274247659e+00 -3.551523310287666423e-43 -1.903111226162404814e-39 -1.821889596687653562e-36 -7.609630092271915940e-34 -2.332306236897972151e-31 -8.381563695680108965e-29 -3.571180154541965561e-26 -4.779422227912210523e-23 -8.267948130506362105e-19 -4.444644659795406124e-09
3.063779264214046893e+00 -2.479973456533255386e-43 -1.315482591590900343e-39 -1.251500899544998080e-36 -5.207756618605414629e-34 -1.593211731656153204e-31 -5.726234275359047021e-29 -2.446206489679913549e-26 -3.297576949999776805e-23 -5.814447602939918960e-19 -3.585622476529775245e-09
3.077153846153846128e+00 -1.736175068039398002e-43 -9.116577500188535372e-40 -8.619025236230954694e-37 -3.573005419788247870e-34 -1.090990919544818437e-31 -3.921187095695366116e-29 -1.679193061352484428e-26 -2.279351680194105815e-23 -4.094164119863344284e-19 -2.888177282592293184e-09
3.090528428093645807e+00 -1.215195730950438537e-43 -6.315832851927844405e-40 -5.933190440190353796e-37 -2.450040982338072153e-34 -7.465824194688997798e-32 -2.683007195771245962e-29 -1.151609381074771590e-26 -1.573789102472967060e-23 -2.878846547129664004e-19 -2.320554535257811779e-09
3.103903010033445042e+00 -8.518038162828075623e-44 -4.381834553671346757e-40 -4.089982352566658856e-37 -1.682229396618231052e-34 -5.115252418077148447e-32 -1.837832899327413805e-29 -7.905355381923937244e-27 -1.087396125552188717e-23 -2.024808774746001113e-19 -1.861066317506451027e-09
3.117277591973244277e+00 -5.984161778681240739e-44 -3.046904390858743175e-40 -2.825676727866961521e-37 -1.157559340992209182e-34 -3.512113085277689861e-32 -1.261395433546193627e-29 -5.436599130050575572e-27 -7.524916902108771309e-24 -1.425595200333558683e-19 -1.490312695445164314e-09
3.130652173913043512e+00 -4.203137392707577647e-44 -2.117949498978107467e-40 -1.951326517812999175e-37 -7.960909007468040884e-35 -2.409822365609516691e-32 -8.650876699727190811e-30 -3.735424852302871154e-27 -5.201718128910426551e-24 -1.002355134160968032e-19 -1.190522560116157840e-09
3.144026755852842747e+00 -2.957302761214587899e-44 -1.474752897998210135e-40 -1.349793801090918116e-37 -5.483860798240656595e-35 -1.656039333811346085e-32 -5.941399765241795275e-30 -2.569843363154914678e-27 -3.599493441150537143e-24 -7.051798954784440474e-20 -9.495147448849374239e-10
3.157401337792642426e+00 -2.084733169759170866e-44 -1.028863303849004989e-40 -9.354659618510825332e-38 -3.784524931435105429e-35 -1.140052587610409684e-32 -4.087318727383126122e-30 -1.770634845046194863e-27 -2.493937528717039452e-24 -4.965060140917419577e-20 -7.561687116500313770e-10
3.170775919732441661e+00 -1.469303850151924956e-44 -7.175487994355293657e-41 -6.480339572586894554e-38 -2.610368191326421487e-35 -7.843316203819317227e-33 -2.809693481041138110e-30 -1.218897054320852701e-27 -1.726125339393989952e-24 -3.491224577706138978e-20 -6.007788355832276257e-10
3.184150501672240896e+00 -1.037603445704717535e-44 -5.014270579715025572e-41 -4.498005098692640567e-38 -1.803948883512759016e-35 -5.405996478630056430e-33 -1.934795514903901480e-30 -8.404226861770967926e-28 -1.196324711669079689e-24 -2.457100721011903035e-20 -4.766705802662478992e-10
3.197525083612040131e+00 -7.339214991841384699e-45 -3.509616902041362925e-41 -3.126969469157669442e-38 -1.248549340282218404e-35 -3.731463678985157907e-33 -1.334117005929726119e-30 -5.801642575797922634e-28 -8.299499194014626340e-25 -1.730260443682614970e-20 -3.776371429219231064e-10
3.210899665551839366e+00 -5.190081033433607278e-45 -2.455660352453540500e-41 -2.172897012333666881e-38 -8.636872042011016541e-36 -2.573999393205394398e-33 -9.192425954518498228e-31 -4.001549727066996154e-28 -5.751856205895629106e-25 -1.216867538184774805e-20 -2.984987541090480938e-10
3.224274247491639045e+00 -3.678416601072836926e-45 -1.722074530186385215e-41 -1.513304440221279173e-38 -5.987754489358640214e-36 -1.779377606602685083e-33 -6.346808131333823931e-31 -2.765252142264206826e-28 -3.992942523031421457e-25 -8.568514456758484834e-21 -2.356814587282677077e-10
3.237648829431438280e+00 -2.610456096692908813e-45 -1.209194646646283755e-41 -1.055254599288589773e-38 -4.156155411495122070e-36 -1.231450555153999405e-33 -4.386592349044876253e-31 -1.912634599564083447e-28 -2.773837390098947689e-25 -6.035407980236825720e-21 -1.858035376099292377e-10
3.251023411371237515e+00 -1.852157328529648815e-45 -8.487859245852625663e-42 -7.355332159235570652e-39 -2.883316690621253151e-36 -8.517189863763239849e-34 -3.029582014510776761e-31 -1.321785872551370910e-28 -1.925006832254158862e-25 -4.245850715736210009e-21 -1.461586990102949294e-10
3.264397993311036750e+00 -1.317349596637025208e-45 -5.972875088556970170e-42 -5.139655411156402872e-39 -2.005257455034660170e-36 -5.905156185625669324e-34 -2.097281389007558195e-31 -9.154878540121949228e-29 -1.338592822486163479e-25 -2.991506010254509384e-21 -1.148734632718709533e-10
3.277772575250836429e+00 -9.379242090730622783e-46 -4.207253968627714112e-42 -3.594809797812359864e-39 -1.395832527395047776e-36 -4.097517000974126974e-34 -1.452928160526532145e-31 -6.344613797366875825e-29 -9.312052918985818997e-26 -2.107893017829353505e-21 -9.014609520093453458e-11
3.291147157190635664e+00 -6.676365487622241684e-46 -2.962597533062233302e-42 -2.513240501400363979e-39 -9.711191718234068812e-37 -2.841483135001986702e-34 -1.005821499794696111e-31 -4.393361775219529620e-29 -6.471652384259619389e-26 -1.483464595720963086e-21 -7.059037331135135202e-11
3.304521739130434899e+00 -4.765077960128080331e-46 -2.091868823499472335e-42 -1.761936124109862428e-39 -6.774945567733627804e-37 -1.975817478837308586e-34 -6.981398792454046609e-32 -3.049869131038518261e-29 -4.507994504798243191e-26 -1.045942991391201849e-21 -5.524334602365927250e-11
3.317896321070234134e+00 -3.403467434451882503e-46 -1.478083088850783729e-42 -1.236020912661924623e-39 -4.729248961751911353e-37 -1.374580668680477115e-34 -4.847813301048101414e-32 -2.117863441108954322e-29 -3.140582021103570770e-26 -7.373358088719399263e-22 -4.316444740844038742e-11
3.331270903010033368e+00 -2.430404533852298204e-46 -1.044053738071601687e-42 -8.667219602161002774e-40 -3.299573229408146756e-37 -9.557249063142882633e-35 -3.363909216847474953e-32 -1.469470726011897184e-29 -2.185842044866224691e-26 -5.191644304342059828e-22 -3.365669954239232893e-11
3.344645484949833047e+00 -1.740546681124810309e-46 -7.396664290464336755e-43 -6.095926000645590358e-40 -2.309037340011453197e-37 -6.664867153855109151e-35 -2.341049428866217761e-32 -1.022453821161951350e-29 -1.525306293786362411e-26 -3.663367128188447549e-22 -2.623410702733670877e-11
3.358020066889632282e+00 -1.247086862512403632e-46 -5.242375577727030293e-43 -4.288962463773396325e-40 -1.616324021650923381e-37 -4.648814865034610312e-35 -1.629408292294590732e-32 -7.114303764564339517e-30 -1.064223533480523504e-26 -2.583895142139600317e-22 -2.041486334765932931e-11
3.371394648829431517e+00 -8.933321791339455199e-47 -3.714334452224303214e-43 -3.016374394663278690e-40 -1.130858515313431614e-37 -3.240682520504062697e-35 -1.133312401176984942e-32 -4.946228379202734911e-30 -7.418212237666590146e-27 -1.820385957855339683e-22 -1.585449595971511798e-11
3.384769230769230752e+00 -6.419014813606334399e-47 -2.640100073871962518e-43 -2.128277782143340597e-40 -7.937897586071115692e-38 -2.266425711376949410e-35 -7.907823585381299234e-33 -3.449528666702993802e-30 -5.185894257803167627e-27 -1.285640848424825789e-22 -1.231183272130443775e-11
3.398143812709030431e+00 -4.613322585482046593e-47 -1.876805719152992242e-43 -1.501761024005733191e-40 -5.571878211702186054e-38 -1.584937858218970975e-35 -5.516849038405108235e-33 -2.405064943969797037e-30 -3.623812586657259971e-27 -9.073751752010782139e-23 -9.544352839136678059e-12
3.411518394648829666e+00 -3.314851356921166956e-47 -1.333765756201826509e-43 -1.059242675060696144e-40 -3.909153928943886628e-38 -1.107720387632733518e-35 -3.846187426965214105e-33 -1.675533300779484259e-30 -2.529917483526468084e-27 -6.396747428438137908e-23 -7.384499743035204820e-12
3.424892976588628901e+00 -2.389676817779115617e-47 -9.510873594449730650e-44 -7.497231640872619622e-41 -2.752248797606599254e-38 -7.769093383012456386e-36 -2.690753288849456406e-33 -1.171235484777045614e-30 -1.771865428004333867e-27 -4.521983203750928241e-23 -5.714474149664316493e-12
3.438267558528428136e+00 -1.722638194387701962e-47 -6.781171296335219865e-44 -5.305373793566458360e-41 -1.937176858580372339e-38 -5.446941498794751632e-36 -1.881569742814119463e-33 -8.182655388057361508e-31 -1.240092408078535021e-27 -3.193754618052249964e-23 -4.414157584769366600e-12
3.451642140468227371e+00 -1.241690422551937019e-47 -4.834092154077550697e-44 -3.753371151333374713e-41 -1.363035550911676456e-38 -3.817297425257549924e-36 -1.315066906419718928e-33 -5.713220468584919111e-31 -8.672702113064305483e-28 -2.253497628802731013e-23 -3.403547757510475114e-12
3.465016722408027050e+00 -8.978838846728444953e-48 -3.457552593363743339e-44 -2.664415683194957061e-41 -9.623534173595544024e-39 -2.684414101741483579e-36 -9.222538431315467367e-34 -4.002281870781985343e-31 -6.084431253879477645e-28 -1.594421651477837597e-23 -2.625053089211566109e-12
3.478391304347826285e+00 -6.491724600929976540e-48 -2.472392685996678499e-44 -1.890785433088149502e-41 -6.791853244527393501e-39 -1.886838462305316400e-36 -6.464069890445634451e-34 -2.801846082776406986e-31 -4.265185589091616768e-28 -1.126967366313914149e-23 -2.020954673788389277e-12
3.491765886287625520e+00 -4.694247756731859514e-48 -1.768078615929312102e-44 -1.341801826896105874e-41 -4.793119358567827447e-39 -1.326063898597749444e-36 -4.529698878435862417e-34 -1.960858680932537156e-31 -2.988564199201313106e-28 -7.960303224558996336e-24 -1.553384034074223515e-12
3.505140468227424755e+00 -3.404357008997784841e-48 -1.268233612394285580e-44 -9.551599446429191295e-42 -3.393147286149225968e-39 -9.348654990868171090e-37 -3.184004371260597696e-34 -1.376440100401669242e-31 -2.100043086518292434e-28 -5.636764974128694126e-24 -1.194274892562599111e-12
3.518515050167224434e+00 -2.468517856548521336e-48 -9.094770328174423959e-45 -6.797113654419039442e-42 -2.401127716959674325e-39 -6.587615283437205307e-37 -2.236838892417963801e-34 -9.655688535982502280e-32 -1.474527529311190535e-28 -3.987509964738837510e-24 -9.165670208226653065e-13
3.531889632107023669e+00 -1.790611443302484750e-48 -6.524172093563376281e-45 -4.838273346752773120e-42 -1.699496306000478529e-39 -4.642712794822932639e-37 -1.571544470271071298e-34 -6.773298118098043764e-32 -1.035168986554173237e-28 -2.819740442991470117e-24 -7.024588170305648864e-13
3.545264214046822904e+00 -1.302293181638235087e-48 -4.692951114007306618e-45 -3.453566342333229100e-42 -1.206279016807920817e-39 -3.281238608390296867e-37 -1.107204687437880407e-34 -4.764276015378337043e-32 -7.285968071965145939e-29 -1.998432510243393011e-24 -5.384632878067137538e-13
3.558638795986622139e+00 -9.469935102887885607e-49 -3.374901574874408357e-45 -2.464373003529594118e-42 -8.558640208455353026e-40 -2.317930814808614460e-37 -7.796310734009673420e-35 -3.348983110451058164e-32 -5.124226853965408984e-29 -1.414979117242245095e-24 -4.120468832079830724e-13
3.572013377926421374e+00 -6.890404163232269037e-49 -2.428402571967943494e-45 -1.759428642371013091e-42 -6.075303235524688781e-40 -1.638118491779264512e-37 -5.491644094427136583e-35 -2.354744340455132194e-32 -3.604364371848804052e-29 -1.001776615742541358e-24 -3.149412155455603830e-13
3.585387959866221053e+00 -5.025364132977310817e-49 -1.751637354162764136e-45 -1.259278575944704551e-42 -4.323396453154815825e-40 -1.160601147186262687e-37 -3.877892155427295769e-35 -1.659690890714116005e-32 -2.541116962564789470e-29 -7.106497306949903524e-25 -2.407471370443316991e-13
3.598762541806020288e+00 -3.664540504348381424e-49 -1.263168807876001449e-45 -9.010175619731168561e-43 -3.075476833587374666e-40 -8.219000926200513622e-38 -2.736854491394562251e-35 -1.169051734848625537e-32 -1.790156359569070110e-29 -5.036493442864388960e-25 -1.837246322322616762e-13
3.612137123745819522e+00 -2.674381732828832606e-49 -9.116395019892096936e-46 -6.451744245900441760e-43 -2.189357059840884261e-40 -5.824408066529737469e-38 -1.932759465744625599e-35 -8.239028319886341315e-33 -1.261652440322481316e-29 -3.570133855440635477e-25 -1.400758512643506880e-13
3.625511705685618757e+00 -1.955863025804343369e-49 -6.593696802291114279e-46 -4.630015199588498813e-43 -1.562028012994598893e-40 -4.136665656571682615e-38 -1.367908567338922352e-35 -5.818962091979733077e-33 -8.909701124706762149e-30 -2.535100206385670706e-25 -1.068004128561653927e-13
3.638886287625418436e+00 -1.430150154816654553e-49 -4.767913351824071979e-46 -3.321617527502370789e-43 -1.114019385796049503e-40 -2.936632576686791644e-38 -9.676139023511556521e-36 -4.107166495956194828e-33 -6.287275691600402042e-30 -1.798463962182795860e-25 -8.129731411158716026e-14
3.652260869565217671e+00 -1.046806022910855014e-49 -3.451193452182735153e-46 -2.385349832165744499e-43 -7.952815730463499320e-41 -2.086686043715008922e-38 -6.850661642009442765e-36 -2.901303711725966842e-33 -4.439819027369967460e-30 -1.276478768866984346e-25 -6.183977637622057123e-14
3.665635451505016906e+00 -7.676282614092143254e-50 -2.502865083373626107e-46 -1.716307856399146646e-43 -5.688450698164200192e-41 -1.485613722549792758e-38 -4.859496064772695561e-36 -2.053277326866525460e-33 -3.140672423092638478e-30 -9.073401785377734203e-26 -4.703633547628241197e-14
3.679010033444816141e+00 -5.628113371077488555e-50 -1.814675157770562610e-46 -1.234527442400004289e-43 -4.067242067046663683e-41 -1.057200240115928488e-38 -3.445232893506627053e-36 -1.452222406610133251e-33 -2.220042083065770587e-30 -6.443623668570007333e-26 -3.571993571948788132e-14
3.692384615384615376e+00 -4.131451396878044626e-50 -1.317333982488907252e-46 -8.890809174683006809e-44 -2.911620269477386199e-41 -7.532263401930759969e-39 -2.445365183443044401e-36 -1.028225665448223940e-33 -1.570803136612849401e-30 -4.579472479082637924e-26 -2.711292081946340601e-14
3.705759197324415055e+00 -3.037633789186317765e-50 -9.578708096800822584e-47 -6.413652318589032558e-44 -2.087827855405623234e-41 -5.375436850419009456e-39 -1.738502404349552235e-36 -7.291655419834574187e-34 -1.113060706444805585e-30 -3.258640974065195653e-26 -2.057653074581379972e-14
3.719133779264214290e+00 -2.233029684488156813e-50 -6.963237901510681452e-47 -4.625222420458296382e-44 -1.496541987309431938e-41 -3.834481372711383748e-39 -1.235316864233212081e-36 -5.167717337296245192e-34 -7.881379744606652755e-31 -2.316692171757469175e-26 -1.559182287045877436e-14
3.732508361204013525e+00 -1.643861642556178081e-50 -5.069231343223199511e-47 -3.340346665749440366e-44 -1.074269513416331565e-41 -2.739189045443267799e-39 -8.789997506134290775e-37 -3.667364761176849899e-34 -5.587580716390172962e-31 -1.648707536691621727e-26 -1.181166791210097491e-14
3.745882943143812760e+00 -1.211783807972532869e-50 -3.695534322835696192e-47 -2.415795885718713595e-44 -7.722293242241672502e-42 -1.959471938817582843e-39 -6.263056634623083602e-37 -2.605991400219524158e-34 -3.966116891574570920e-31 -1.174481997774138448e-26 -8.945577726265366931e-15
3.759257525083611995e+00 -8.931213004464171328e-51 -2.693428398410561998e-47 -1.746596142151322782e-44 -5.548999922390129060e-42 -1.401078612642539821e-39 -4.460237907522581377e-37 -1.850675411316658591e-34 -2.813184711091220112e-31 -8.359237072755133829e-27 -6.764734483155300599e-15
3.772632107023411674e+00 -6.593088451752515127e-51 -1.966295676836705319e-47 -1.264884004647324999e-44 -3.994038090148691576e-42 -1.003486637726838083e-39 -3.181589401791926954e-37 -1.316379078734342539e-34 -1.998404117947998662e-31 -5.957268725858781831e-27 -5.115466096234341099e-15
3.786006688963210909e+00 -4.872545372975129141e-51 -1.437109736411893066e-47 -9.170817853361726345e-45 -2.878093525022122108e-42 -7.195266701273813319e-40 -2.271960934207059800e-37 -9.373000133883470269e-35 -1.420933916975500904e-31 -4.248617061091988423e-27 -3.866799043785837966e-15
3.799381270903010144e+00 -3.600374721371783947e-51 -1.050084270872178440e-47 -6.647060849589988224e-45 -2.073166820749694647e-42 -5.156921299512609383e-40 -1.621564815859503495e-37 -6.669881975195091564e-35 -1.009625066374627974e-31 -3.027416116549234919e-27 -2.918629553433933943e-15
3.812755852842809379e+00 -2.665092350079078257e-51 -7.687058416173990815e-48 -4.826911757203580647e-45 -1.496199478539558582e-42 -3.703060579133115195e-40 -1.159544206704120099e-37 -4.755103187326472255e-35 -7.186397698442915689e-32 -2.160591268457055274e-27 -2.203445976623933159e-15
3.826130434782609058e+00 -1.974549711746064792e-51 -5.632363784439742953e-48 -3.508333343750777974e-45 -1.080760873626007841e-42 -2.661367483703766797e-40 -8.298451674582178003e-38 -3.392614405481269801e-35 -5.118646194371231783e-32 -1.542717111482690579e-27 -1.662661384895099673e-15
3.839505016722408293e+00 -1.462677508421444036e-51 -4.125863277499061819e-48 -2.549163258632821631e-45 -7.803834209915300573e-43 -1.911874780621543557e-40 -5.935899141503933035e-38 -2.419104838324567140e-35 -3.643338510240681075e-32 -1.100603358315145321e-27 -1.252799585654492887e-15
3.852879598662207528e+00 -1.085624438567309787e-51 -3.028485190306651492e-48 -1.856105913852266179e-45 -5.646862345938772961e-43 -1.376384685858891079e-40 -4.254991494104747263e-38 -1.728558820077917999e-35 -2.598482332391855277e-32 -7.866216935685305132e-28 -9.444102625333783308e-16
3.866254180602006763e+00 -8.063206006581872008e-52 -2.224490483601284075e-48 -1.352369821331587609e-45 -4.088688350450019887e-43 -9.914810949287188083e-41 -3.051803571316405717e-38 -1.235761698115458637e-35 -1.854052549441435761e-32 -5.623525409954885189e-28 -7.114770571014595955e-16
3.879628762541805997e+00 -5.987716236227505133e-52 -1.633542907718125905e-48 -9.850434165048685811e-46 -2.959385729535103268e-43 -7.139086804910486617e-41 -2.187750910555039959e-38 -8.829486189048813772e-36 -1.321996858400465672e-32 -4.016886713442291623e-28 -5.352452346910418773e-16
3.893003344481605676e+00 -4.455956492100208784e-52 -1.202263557361757845e-48 -7.191371863119415710e-46 -2.147003420738761944e-43 -5.152568948598554824e-41 -1.572038703641016013e-38 -6.323400390770350289e-36 -9.447655627264876736e-33 -2.875242880713892707e-28 -4.029509050571106747e-16
3.906377926421404911e+00 -3.317619435964117313e-52 -8.852509176954075469e-49 -5.252363028940590445e-46 -1.558251283883205886e-43 -3.720170100671980424e-41 -1.129968162530973211e-38 -4.529790470814369783e-36 -6.752915866069453081e-33 -2.058084093533565916e-28 -3.031188310157645140e-16
3.919752508361204146e+00 -2.469662775459150003e-52 -6.516719075841496869e-49 -3.835011362099108315e-46 -1.130538659998128292e-43 -2.684840413999530224e-41 -8.118137379463768810e-39 -3.243099505941876435e-36 -4.823589991226188408e-33 -1.471963992357044635e-28 -2.277086521666503594e-16
3.933127090301003381e+00 -1.842667250555056559e-52 -4.808832742561133252e-49 -2.807110983845381955e-46 -8.223113105399754461e-44 -1.942633199623128222e-41 -5.847479431513762651e-39 -2.327872213853401352e-36 -3.454150197064453661e-33 -1.055227976299549737e-28 -1.712216028526805877e-16
3.946501672240803060e+00 -1.375214736061413809e-52 -3.549367874864079056e-49 -2.055125511487903919e-46 -5.982145776535880942e-44 -1.405772236367867330e-41 -4.212218249724559817e-39 -1.670942314677554600e-36 -2.473302259713090602e-33 -7.562999716949117770e-29 -1.286274977815313803e-16
3.959876254180602295e+00 -1.026158673962388468e-52 -2.619113671594273190e-49 -1.504122010679144975e-46 -4.350295288890824608e-44 -1.016844302529522643e-41 -3.032771819022431655e-39 -1.198723102143152081e-36 -1.769809005721812979e-33 -5.416146733276904606e-29 -9.649911682076313946e-17
3.973250836120401530e+00 -7.675691915481334893e-53 -1.937642687133517362e-49 -1.103779895771467273e-46 -3.172210506950164612e-44 -7.375538580030201328e-42 -2.189668325193849239e-39 -8.623526245230519356e-37 -1.269883619146700487e-33 -3.888688827214818784e-29 -7.248063357449149504e-17
3.986625418060200765e+00 -5.741585816474708410e-53 -1.433459488155546985e-49 -8.099451493264503942e-47 -2.312917242972738360e-44 -5.348936777507440070e-42 -1.580620404132509516e-39 -6.202032370084847719e-37 -9.108485173068758031e-34 -2.790596708131967524e-29 -5.437954041911702718e-17
4.000000000000000000e+00 -4.293776116864121927e-53 -1.060138569087469009e-49 -5.941126670045431309e-47 -1.685675360324562005e-44 -3.877322209269084291e-42 -1.140353753485795554e-39 -4.457743615366919678e-37 -6.528590859809319346e-34 -2.000870194789128106e-29 -4.074266461795943203e-17
