1.000000000000000021e-03 2.551995580789379735e-10 2.305341543391858349e-10 2.259598757030813934e-10 2.234470511277459983e-10 2.218459646871682851e-10 2.208264477638620812e-10 2.203138518090325217e-10 2.204304014046552310e-10 2.217626206941834429e-10 2.207182644586334646e-10
1.437458193979933296e-02 1.714308900854783044e-11 1.581130216462937608e-11 1.557964364039457731e-11 1.545487002810311150e-11 1.537868007770582502e-11 1.533534065159017308e-11 1.532310705503357542e-11 1.535275054381431460e-11 1.546750783279541568e-11 1.542314331598168069e-11
2.774916387959866504e-02 8.553677131266592201e-12 8.067596668678103112e-12 7.993662450019276267e-12 7.955657105174204959e-12 7.934930937887852925e-12 7.927166616980875446e-12 7.933299895008661801e-12 7.960083857085679964e-12 8.031250077611328997e-12 8.023325639519229674e-12
4.112374581939799711e-02 5.544796543425044222e-12 5.356985990799258627e-12 5.339015949362242221e-12 5.331822478141436894e-12 5.330811397428461055e-12 5.335746466555341140e-12 5.348508930773565561e-12 5.374499293718550543e-12 5.430616161737777242e-12 5.435707300459541366e-12
5.449832775919732919e-02 4.008397096315473107e-12 3.973910372494161945e-12 3.985064446337743191e-12 3.993928092920469553e-12 4.003210459094910734e-12 4.014796527920930477e-12 4.031112421696325818e-12 4.056839702808802980e-12 4.105453061509743831e-12 4.117361503703183997e-12
6.787290969899666127e-02 3.074513249999255871e-12 3.133584027899654943e-12 3.162893590128136293e-12 3.181774799130098040e-12 3.197494214973087418e-12 3.213281726254740903e-12 3.231870262197755748e-12 3.257573871665546132e-12 3.301745560219126610e-12 3.317951785634638082e-12
8.124749163879599334e-02 2.446057819606880287e-12 2.567986252262234873e-12 2.609889346546019230e-12 2.635733240062075594e-12 2.655944564142114164e-12 2.674676079299533590e-12 2.694908865346217845e-12 2.720683535439084853e-12 2.761982508927739894e-12 2.781205221749777244e-12
9.462207357859532542e-02 1.993937320212612591e-12 2.160612616572937890e-12 2.211916326095138693e-12 2.242963617595708467e-12 2.266541118542773680e-12 2.287499023439918321e-12 2.309006856242971869e-12 2.334920038576518145e-12 2.374238498908329327e-12 2.395744842839014659e-12
1.079966555183946575e-01 1.653016593221594976e-12 1.852687130346978896e-12 1.911376358186373265e-12 1.946517113820872556e-12 1.972760072786227805e-12 1.995492039727918060e-12 2.018042456441027584e-12 2.044135881809107913e-12 2.082038465789837249e-12 2.105364819662773593e-12
1.213712374581939896e-01 1.386876531599533953e-12 1.611334230588581233e-12 1.676060543865786242e-12 1.714558678536726788e-12 1.742987860673958818e-12 1.767196894941808538e-12 1.790630214477994162e-12 1.816934582464242203e-12 1.853796783735350985e-12 1.878633168802505426e-12
1.347458193979933216e-01 1.173564991033784392e-12 1.416726049237018079e-12 1.486549430793783878e-12 1.527884309244373431e-12 1.558176315001952784e-12 1.583640617685998607e-12 1.607850229775418880e-12 1.634383657043787880e-12 1.670471703306299091e-12 1.696600764421988380e-12
1.481204013377926398e-01 9.990495576105836840e-13 1.256204866984929881e-12 1.330438990079162837e-12 1.374228677318393118e-12 1.406132916689667230e-12 1.432705428832577836e-12 1.457615584300971353e-12 1.484386124324610951e-12 1.519897056511612361e-12 1.547158005158125129e-12
1.614949832775919858e-01 8.539539569470176778e-13 1.121308583216289887e-12 1.199427897203452062e-12 1.245390730386175676e-12 1.278728323810865656e-12 1.306288839386133775e-12 1.331836514567054592e-12 1.358860213398620108e-12 1.393936039882746413e-12 1.422209719373401250e-12
1.748695652173913317e-01 7.317645914281365648e-13 1.006149345782570914e-12 1.087757762834962833e-12 1.135674317317621069e-12 1.170305411476074262e-12 1.198766348099300171e-12 1.224905447773058818e-12 1.252187984047764529e-12 1.286940905448313035e-12 1.316137358656376013e-12
1.882441471571906499e-01 6.278155188282997159e-13 9.065256015909166741e-13 9.913087015399621066e-13 1.041006192626297805e-12 1.076820361311828011e-12 1.106109184701504963e-12 1.132807073249228435e-12 1.160351710452058704e-12 1.194871478715649045e-12 1.224917211702980381e-12
2.016187290969899681e-01 5.386799194248898524e-13 8.193466817217091754e-13 9.070514663173933848e-13 9.583915184514544286e-13 9.953009273925404942e-13 1.025361445395427241e-12 1.052585177977902412e-12 1.080401805477503532e-12 1.114757337017481947e-12 1.145595171108331835e-12
2.149933110367893141e-01 4.617781598350360383e-13 7.422888289935904238e-13 8.327122423169839823e-13 8.855821779861939982e-13 9.235123346407101678e-13 9.542997800803578875e-13 9.820274957489596742e-13 1.010120121059512513e-12 1.044369411151786868e-12 1.075950388170448765e-12
2.283678929765886600e-01 3.951336937656768652e-13 6.735770647586382349e-13 7.665483991844795700e-13 8.208550439835345990e-13 8.597492788515329008e-13 8.912251158284832376e-13 9.194368878380733093e-13 9.478069931272209055e-13 9.819975032795100366e-13 1.014284098574771379e-12
2.417424749163879782e-01 3.372034675064136178e-13 6.118267586446733075e-13 7.072045500601670467e-13 7.628701997344496527e-13 8.026780925485079211e-13 8.348092675329898605e-13 8.634908320594322412e-13 8.921417467803481741e-13 9.263123895125793856e-13 9.592722886874394977e-13
2.551170568561872964e-01 2.867634717514964585e-13 5.559470541717819031e-13 6.536071726930126221e-13 7.105668267280252890e-13 7.512477511770140632e-13 7.840105290627405014e-13 8.131444113226495895e-13 8.420786726749501168e-13 8.762632278949007999e-13 9.098688894343547977e-13
2.684916387959866424e-01 2.428309376314011767e-13 5.050658841422991442e-13 6.048987605850411067e-13 6.630973898078460039e-13 7.046150892801648466e-13 7.379849009259621064e-13 7.675615656840287152e-13 7.967811692766795193e-13 8.310075369863040803e-13 8.652360627305592339e-13
2.818662207357859883e-01 2.045994932268031807e-13 4.584821138954470179e-13 5.603835785584142943e-13 6.197727998995656065e-13 6.620971954771385501e-13 6.960551278866300941e-13 7.260647726439989438e-13 7.555710567121365634e-13 7.898639563952399612e-13 8.246949280352098174e-13
2.952408026755852788e-01 1.714019317951116054e-13 4.156284730725810680e-13 5.194921073740552951e-13 5.800319249397189138e-13 6.231349364587207850e-13 6.576648270471259116e-13 6.880985222915363509e-13 7.178941940907555802e-13 7.522736206451060772e-13 7.876902307777550770e-13
3.086153846153846247e-01 1.426734724203109144e-13 3.760463279825680701e-13 4.817526742696322058e-13 5.434075934645738456e-13 5.872690005591524948e-13 6.223538538205582961e-13 6.532051820961741068e-13 6.832893888002974887e-13 7.177752452762345408e-13 7.537625826487938056e-13
3.219899665551839707e-01 1.179261729144846602e-13 3.393657139387616731e-13 4.467751647072925643e-13 5.095115976821835110e-13 5.541114732012687898e-13 5.897406286322978219e-13 6.210008884480500438e-13 6.513763319299520559e-13 6.859838063208023460e-13 7.225280882127651948e-13
3.353645484949833167e-01 9.673208772037830417e-14 3.052945581539086604e-13 4.142276505653623477e-13 4.780193820801683007e-13 5.233384485997145736e-13 5.595000335580572708e-13 5.911649378346152576e-13 6.218322491837946497e-13 6.565753937192452612e-13 6.936654187541265051e-13
3.487391304347826626e-01 7.870540109655488461e-14 2.736038829506283936e-13 3.838320786489753773e-13 4.486535442780570152e-13 4.946773890622527403e-13 5.313605768094225503e-13 5.634248335223922676e-13 5.943849141538322680e-13 6.292759606166133571e-13 6.669018875078830502e-13
3.621137123745819530e-01 6.349355577301256337e-14 2.441212241661546100e-13 3.553501539521270286e-13 4.211789458752716287e-13 4.678921532512435634e-13 5.050893775419234619e-13 5.375489938892566350e-13 5.688028410469301525e-13 6.038523408121369261e-13 6.420048182513636175e-13
3.754882943143812990e-01 5.076889141978620157e-14 2.167190465858812560e-13 3.285819130565441129e-13 3.953933190952182466e-13 4.427849946645622805e-13 4.804880314257599059e-13 5.133374837523762189e-13 5.448855377710460058e-13 5.801045944410131211e-13 6.187754942707859652e-13
3.888628762541806450e-01 4.022514713328100247e-14 1.913078650317143229e-13 3.033524899282364358e-13 3.711230826570765296e-13 4.191817470990003844e-13 4.573832922928330984e-13 4.906197848846136973e-13 5.224627835997503852e-13 5.578590066773470709e-13 5.970414204510594275e-13
4.022374581939799354e-01 3.157615100825851694e-14 1.678259235077330788e-13 2.795144034902885976e-13 3.482167248991973918e-13 3.969327250897319953e-13 4.356261020295549353e-13 4.692462553505277243e-13 5.013851595391408051e-13 5.369677171120665484e-13 5.766541177159076356e-13
4.156120401337792813e-01 2.455515027383303629e-14 1.462298177102636012e-13 2.569439255042145538e-13 3.265441156290764221e-13 3.759071223365121702e-13 4.150868528795002787e-13 4.490879138832593068e-13 4.815227884923033572e-13 5.172982464511207511e-13 5.574834852741902144e-13
4.289866220735786273e-01 1.891616695770066494e-14 1.264856444404092808e-13 2.355389459004301022e-13 3.059890843038429978e-13 3.559905866142030757e-13 3.956521816947395658e-13 4.300307590829856754e-13 4.627619966622628999e-13 4.987372978313990156e-13 5.394159159807870247e-13
4.423612040133779733e-01 1.443601241558404305e-14 1.085617061057288710e-13 2.152156588337467903e-13 2.864496920374410159e-13 3.370834442368195016e-13 3.772206497815368279e-13 4.119757169309102593e-13 4.450039234936765043e-13 4.811845174741451513e-13 5.223513392092984127e-13
4.557357859531773192e-01 1.091467728698509963e-14 9.241949553645806332e-14 1.959117794928058598e-13 2.678387487347207588e-13 3.190966971869149305e-13 3.597056459431510005e-13 3.948341253121413329e-13 4.281593730761701580e-13 4.645508745727266551e-13 5.062019094794152909e-13
4.691103678929766096e-01 8.176454465398617483e-15 7.801002410033862240e-14 1.775816679622234725e-13 2.500777893303823371e-13 3.019509192442366962e-13 3.430281801515992780e-13 3.785276590606588116e-13 4.121511835518210381e-13 4.487580872838975553e-13 4.908892929662232846e-13
4.824849498327759556e-01 6.069535139666844024e-15 6.526963246735527822e-14 1.601984530869345756e-13 2.330979390844371066e-13 2.855772352363092342e-13 3.271184548904105144e-13 3.629876483130122025e-13 3.969088546596599675e-13 4.337369392535039276e-13 4.763437678482060427e-13
4.958595317725753016e-01 4.465004506249971951e-15 5.411859078811378026e-14 1.437508964925846246e-13 2.168389736646942137e-13 2.699126352869837042e-13 3.119152541455896003e-13 3.481516874972118001e-13 3.823713987915568442e-13 4.194240456173226764e-13 4.625037671652036879e-13
5.092341137123745920e-01 3.255388692707786031e-15 4.446146565373091474e-14 1.282405871394925128e-13 2.012501506233876358e-13 2.549016536249331891e-13 2.973621083765842291e-13 3.339648244066671242e-13 3.684832089692069674e-13 4.057641615485627225e-13 4.493134419835828122e-13
5.226086956521739380e-01 2.352517817339303722e-15 3.618873539988984550e-14 1.136792010414200821e-13 1.862883213256901736e-13 2.404944720034640922e-13 2.834094838818973676e-13 3.203768770918643995e-13 3.551939332319983797e-13 3.927071123103854034e-13 4.367232307392839055e-13
5.359832775919732839e-01 1.685162872034801653e-15 2.918054824950286217e-14 1.000848293211564916e-13 1.719192126410096197e-13 2.266457643336114517e-13 2.700126298199148654e-13 3.073434637815355755e-13 3.424596184117259111e-13 3.802083943855421247e-13 4.246879463822718312e-13
5.493578595317726299e-01 1.196568403795449755e-15 2.330982744941880675e-14 8.747653072776775852e-14 1.581175951629587931e-13 2.133155603011303315e-13 2.571304659719502674e-13 2.948238451009021084e-13 3.302392438510779287e-13 3.682265588041320541e-13 4.131673952536906658e-13
5.627324414715719758e-01 8.422382723304144992e-16 1.844722625864844823e-14 7.587155069886384891e-14 1.448659083157479233e-13 2.004676049053450206e-13 2.447273708504690130e-13 2.827817200786056610e-13 3.184965765946929453e-13 3.567249883953429103e-13 4.021252234264265066e-13
5.761070234113713218e-01 5.876814182489308936e-16 1.446418495936230356e-14 6.527903637254029194e-14 1.321581766518582727e-13 1.880697764046029872e-13 2.327694128010301705e-13 2.711834009536404485e-13 3.071984201786486469e-13 3.456703546588491102e-13 3.915274259556061851e-13
5.894816053511705567e-01 4.065174343212679379e-16 1.123779463375885505e-14 5.569942153639583838e-14 1.199956538425568747e-13 1.760939864976611054e-13 2.212267646907167479e-13 2.599991735393926372e-13 2.963135532563021065e-13 3.350322877085164047e-13 3.813443749344162702e-13
6.028561872909699026e-01 2.787801242428980857e-16 8.652480799076099901e-15 4.711981679127731917e-14 1.083878567165304385e-13 1.645152143009374911e-13 2.100710428023553080e-13 2.492016116643871942e-13 2.858159494314072576e-13 3.247833951885811312e-13 3.715482617936694185e-13
6.162307692307692486e-01 1.895406171403685011e-16 6.602983179822802199e-15 3.951415394541891929e-14 9.735165373055192522e-14 1.533141898186923954e-13 1.992776237902113746e-13 2.387648587183474494e-13 2.756797646880190964e-13 3.148977259163449680e-13 3.621141071269201041e-13
6.296053511705685946e-01 1.277676174565769922e-16 4.995031630780935157e-15 3.284299853110516581e-14 8.690857302131396490e-14 1.424748538468166113e-13 1.888238487783629069e-13 2.286668150245401861e-13 2.658818871919519653e-13 3.053527988833080988e-13 3.530185468565064382e-13
6.429799331103679405e-01 8.540034898429998778e-17 3.746269353725469138e-15 2.705463103508038079e-14 7.708271127781856841e-14 1.319864313753664675e-13 1.786886087092818209e-13 2.188858146699441735e-13 2.564012286141654026e-13 2.961268987340874143e-13 3.442409298870741217e-13
6.563545150501672865e-01 5.660442370490410321e-17 2.786072347302765743e-15 2.208693912581604987e-14 6.789819438630429215e-14 1.218429862071973777e-13 1.688532132626326246e-13 2.094027036340632176e-13 2.472187740142117766e-13 2.872008191727606274e-13 3.357615052199771077e-13
6.697290969899666324e-01 3.720850313128992374e-17 2.054787380039019905e-15 1.787029366083171623e-14 5.937645875604151677e-14 1.120448444835738367e-13 1.593005547741584075e-13 2.001995642608145788e-13 2.383168213502898847e-13 2.785565154170241904e-13 3.275624019043723160e-13
6.831036789297659784e-01 2.426049035489203832e-17 1.503103633492023991e-15 1.433030535690986064e-14 5.153408914091567951e-14 1.025968967580782304e-13 1.500151996533354481e-13 1.912601903386104414e-13 2.296779613970417656e-13 2.701779211980973927e-13 3.196273375492816175e-13
6.964782608695653243e-01 1.569366637613400371e-17 1.090745555759482183e-15 1.139024468200371401e-14 4.437939571877377337e-14 9.351024376224014175e-14 1.409851479251636595e-13 1.825692238157148597e-13 2.212876994595344244e-13 2.620487722420138148e-13 3.119412276382791664e-13
7.098528428093645593e-01 1.007302487992220956e-17 7.852578092611758162e-16 8.974815669001531803e-15 3.791261629922565908e-14 8.479956907481825442e-14 1.321990616249474163e-13 1.741127612815042226e-13 2.131323290810810172e-13 2.541556650946765778e-13 3.044897733977836363e-13
7.232274247491639052e-01 6.416275785595330928e-18 5.609166547287172054e-16 7.011009807266179993e-15 3.212400511137754010e-14 7.648401327850924492e-14 1.236490798047434179e-13 1.658778528830401981e-13 2.051980732644257578e-13 2.464856304326491701e-13 2.972599890122930866e-13
7.366020066889632512e-01 4.056997864674353997e-18 3.975869611565217307e-16 5.430753684147180885e-15 2.699390967161001947e-14 6.858482552655863873e-14 1.153299324630714856e-13 1.578526065237312696e-13 1.974733978590819241e-13 2.390259433718751871e-13 2.902399892072015530e-13
7.499765886287625971e-01 2.546995208516527888e-18 2.796830520203250244e-16 4.171826095312769644e-15 2.249365880862624899e-14 6.112421474076998272e-14 1.072395129299289301e-13 1.500262416105569411e-13 1.899469729469945015e-13 2.317658531897450181e-13 2.834184195351502186e-13
7.633511705685619431e-01 1.587921885390068447e-18 1.952692695416302008e-16 3.178694591087037261e-15 1.858643096703960696e-14 5.412341750616958081e-14 9.937924338208598392e-14 1.423885547572061587e-13 1.826083383197259815e-13 2.246946753826809412e-13 2.767848178886026786e-13
7.767257525083612890e-01 9.834291635128175702e-19 1.353307370641389547e-16 2.402692387916454624e-15 1.522909503759976823e-14 4.760078317893283665e-14 9.175394458983749319e-14 1.349309212841161599e-13 1.754478972443868298e-13 2.178026871079997462e-13 2.703295573384080936e-13
7.901003344481606350e-01 6.051781693209560313e-19 9.311236344161925101e-17 1.801972375633698216e-15 1.237420911925274177e-14 4.157079954333308035e-14 8.437178221079387541e-14 1.276452464482414711e-13 1.684565737206435472e-13 2.110807612354635987e-13 2.640434904124656749e-13
8.034749163879598699e-01 3.701219467275593523e-19 6.360701267217696131e-17 1.341073312243160608e-15 9.971102108474599652e-15 3.604204477700574724e-14 7.724463184524045341e-14 1.205253397006007790e-13 1.616259505743359487e-13 2.045204535825201955e-13 2.579183861034735605e-13
8.168494983277592159e-01 2.250277108234547542e-19 4.314691371238282587e-17 9.905594533278262629e-16 7.968849084446522049e-15 3.101694334422590388e-14 7.038731742264853791e-14 1.135657012138864069e-13 1.549479663663882637e-13 1.981137785169543492e-13 2.519461191001839466e-13
8.302240802675585618e-01 1.360379047716061692e-19 2.906571619966503308e-17 7.262598502869077442e-16 6.317120843741996644e-15 2.649072671241736903e-14 6.381623268083647293e-14 1.067625602239724517e-13 1.484155216112777688e-13 1.918532436585673253e-13 2.461193775653688562e-13
8.435986622073579078e-01 8.180112080376206180e-20 1.944819372791871922e-17 5.286235608545849985e-16 4.967797364539566802e-15 2.245157888176424765e-14 5.754946250989522871e-14 1.001144755892100782e-13 1.420216915148744065e-13 1.857321281342095271e-13 2.404312063160116847e-13
8.569732441471572537e-01 4.893590062135714411e-20 1.292750237447548777e-17 3.820432989721683160e-16 3.876115935884168224e-15 1.888110221143221432e-14 5.160552943285082885e-14 9.362132729177026896e-14 1.357600847661760970e-13 1.797436542108828769e-13 2.348751163856888142e-13
8.703478260869565997e-01 2.913163323576658094e-20 8.538009529046844149e-18 2.741867814177435919e-16 3.001064485065025291e-15 1.575493847133843649e-14 4.600169700390624059e-14 8.728574471376379164e-14 1.296249561493999796e-13 1.738818567985253033e-13 2.294450592811901477e-13
8.837224080267559456e-01 1.726311580711947493e-20 5.603480223969306025e-18 1.954318238114363339e-16 2.306011139525564819e-15 1.304412645861738939e-14 4.075346664687921159e-14 8.111219560194780813e-14 1.236109412544878319e-13 1.681409348899707846e-13 2.241352274694868185e-13
8.970969899665552916e-01 1.018603691614144490e-20 3.655235042778928745e-18 1.383647498976846683e-16 1.758828538268541123e-15 1.071593686472940899e-14 3.587309732740545421e-14 7.510780620917701955e-14 1.177132618886893697e-13 1.625152999145036703e-13 2.189402837527141928e-13
9.104715719063546375e-01 5.985178990187806726e-21 2.370236617997508564e-18 9.731619479874306107e-17 1.331752186665217131e-15 8.735385212542727674e-15 3.136912085106591700e-14 6.928188354274044692e-14 1.119277115438065137e-13 1.570002029032808643e-13 2.138552432496215296e-13
9.238461538461538725e-01 3.502992175748941278e-21 1.528111373358181713e-18 6.800247292229123905e-17 1.001205290522253345e-15 7.066402731513684555e-15 2.724534367873657893e-14 6.364574678610657645e-14 1.062509580786747826e-13 1.515904604856901546e-13 2.088751673960522825e-13
9.372207357859532184e-01 2.042837066808947069e-21 9.797118508014839767e-19 4.721832381215188522e-17 7.474712798045282171e-16 5.673109012501943931e-15 2.350062769304088824e-14 5.821199439831420374e-14 1.006802733090184894e-13 1.462820941665014486e-13 2.039955677494482389e-13
9.505953177257525644e-01 1.187232974642173778e-21 6.247797596424864356e-19 3.258441394689881716e-17 5.542456876685317219e-16 4.520561124889387533e-15 2.012879966714071851e-14 5.299490097243652270e-14 9.521412089938707888e-14 1.410702760909522287e-13 1.992122504255548929e-13
9.639698996655519103e-01 6.877398007975400894e-22 3.963778914501829322e-19 2.234961498884530389e-17 4.082291259292690635e-16 3.575671905351856056e-15 1.711872031744972685e-14 4.800894002753621570e-14 8.985207487186263686e-14 1.359510151515359557e-13 1.945212670732643456e-13
9.773444816053512563e-01 3.972238182076264840e-22 2.502197764364969501e-19 1.523877606240145400e-17 2.987198669411782561e-16 2.807873708269660949e-15 1.445522475245370034e-14 4.326812361189109211e-14 8.459446729419357618e-14 1.309209266287113210e-13 1.899187680071291642e-13
9.907190635451506022e-01 2.288086013884008265e-22 1.571955066228310063e-19 1.033055546383033201e-17 2.171861954408438282e-16 2.189264515891312219e-15 1.211887654504279181e-14 3.878607273845649095e-14 7.944352574141950761e-14 1.259762856107045488e-13 1.854009588480257148e-13
1.004093645484949837e+00 1.314524561995123337e-22 9.830681807370567912e-20 6.963730457906330392e-18 1.569200791614332445e-16 1.695061469908986069e-15 1.008760699447022507e-14 3.457435615736626748e-14 7.440277775975003409e-14 1.211135597985463224e-13 1.809648385454667139e-13
1.017468227424749072e+00 7.533559743047722508e-23 6.120531128463371528e-20 4.668422101153871060e-18 1.126823824793146903e-16 1.303456644194497380e-15 8.337012945437113764e-15 3.064219197030442211e-14 6.947696586666816997e-14 1.163301578354209762e-13 1.766067878144910550e-13
1.030842809364548529e+00 4.308283242215802775e-23 3.794737282935036644e-20 3.112967484387676931e-18 8.043085180005127632e-17 9.956156329456373783e-16 6.841424085916766714e-15 2.699608591749824397e-14 6.467272104217231435e-14 1.116228334228672945e-13 1.723239570136833465e-13
1.044217391304347764e+00 2.458881763904980920e-23 2.343322009251012622e-20 2.065024019228774631e-18 5.707409842653529947e-17 7.555019840846349809e-16 5.574759502935061108e-15 2.363943166001529969e-14 5.999761417246893460e-14 1.069891915457759361e-13 1.681133950006276086e-13
1.057591973244147221e+00 1.400698418620023203e-23 1.441461711361118769e-20 1.363036770100051216e-18 4.026874326944804656e-17 5.696227735493842588e-16 4.511042155726452185e-15 2.057189041488471489e-14 5.546063130060539183e-14 1.024271182808126720e-13 1.639723191414987756e-13
1.070966555183946456e+00 7.966242682226545952e-24 8.835113615618532834e-21 8.952921055855820727e-19 2.825233903241017128e-17 4.267800598325082084e-16 3.625255654971239766e-15 1.778988073603890707e-14 5.107158124895228668e-14 9.793462455873033094e-14 1.598982647980901131e-13
1.084341137123745691e+00 4.524263007018015527e-24 5.396859153901127087e-21 5.852803587922966160e-19 1.971312977040354759e-17 3.177943883807872922e-16 2.893695240902272414e-15 1.528619500910583158e-14 4.684103042615913538e-14 9.351051146833629388e-14 1.558885318992012386e-13
1.097715719063545148e+00 2.565842664310373195e-24 3.285723254685108903e-21 3.808734027632928304e-19 1.368174321423707660e-17 2.352183474404845427e-16 2.294372208765199026e-15 1.305061968376201524e-14 4.277977236503180778e-14 8.915372329024869400e-14 1.519408484366138927e-13
1.111090301003344383e+00 1.453345425074871452e-24 1.994144236135121828e-21 2.467795877847100086e-19 9.446136499746422090e-18 1.730784968251764264e-16 1.807264847341024432e-15 1.107011978256256352e-14 3.889813665539538225e-14 8.486421023427725281e-14 1.480529255991757109e-13
1.124464882943143840e+00 8.223936600029118799e-25 1.206770842582345259e-21 1.592160648591844919e-19 6.488717562208104892e-18 1.266244968498929028e-16 1.414428259748765263e-15 9.329561656570403333e-15 3.520619389998452211e-14 8.064201110397487925e-14 1.442227055171261184e-13
1.137839464882943075e+00 4.649272456233739586e-25 7.282648633049057729e-22 1.023044826004789793e-19 4.435250150858458039e-18 9.211929835744617014e-17 1.099994777413889600e-15 7.811932177891778219e-15 3.171279391698668389e-14 7.648821273082008322e-14 1.404481347157903907e-13
1.151214046822742532e+00 2.626227392147070845e-25 4.383366232902980099e-22 6.547685804045808320e-20 3.017008682789648080e-18 6.664914194072052216e-17 8.501608691995452403e-16 6.499071615756092235e-15 2.842545232512010173e-14 7.240492607756909282e-14 1.367271070223884643e-13
1.164588628762541767e+00 1.482579941667198006e-25 2.631983652156524325e-22 4.175023025139587553e-20 2.042718316965023537e-18 4.796383786017140670e-17 6.530949401323675331e-16 5.372248130892557479e-15 2.534980625864758072e-14 6.839446429440336032e-14 1.330579286514558101e-13
1.177963210702341001e+00 8.366028925323809668e-26 1.576878380423513240e-22 2.652702715705693162e-20 1.376845613138910003e-18 3.433595574657541089e-17 4.987239971961025937e-16 4.412576765705651262e-15 2.248961817641112772e-14 6.446043564529089747e-14 1.294387609941360412e-13
1.191337792642140458e+00 4.718652736398294598e-26 9.426924943383775072e-23 1.679606924295236097e-20 9.239297692042622099e-19 2.445487209487067327e-17 3.786291748685505316e-16 3.601557138205317593e-15 1.984633926110476015e-14 6.060694703917069952e-14 1.258679851363999836e-13
1.204712374581939693e+00 2.660581791585108273e-26 5.624163577570303589e-23 1.059938615635023814e-20 6.173471064882038397e-19 1.733073270797102436e-17 2.858221609172312874e-16 2.921328672396980608e-15 1.741920320638195231e-14 5.683902126575285666e-14 1.223440035630916700e-13
1.218086956521739150e+00 1.499921906503656682e-26 3.349491762452181266e-23 6.668268556780120453e-21 4.108131234899236941e-19 1.222230877272113851e-17 2.145619298400306217e-16 2.355004679674614749e-15 1.520514443563697046e-14 5.316243385178747641e-14 1.188651981254264061e-13
1.231461538461538385e+00 8.455621656430321565e-27 1.991365696968524472e-23 4.182507264567990580e-21 2.722818152105768742e-19 8.578890002160103113e-18 1.601948025517050192e-16 1.886985514541382638e-15 1.319894902212534571e-14 4.958314094560140580e-14 1.154303235670885198e-13
1.244836120401337842e+00 4.766447417937273752e-27 1.182008122106686117e-23 2.615823199193122133e-21 1.797668635011867738e-19 5.993741020790046998e-18 1.189667698799829762e-16 1.502949459691749047e-15 1.139335015059586018e-14 4.610787622795123751e-14 1.120379482200301425e-13
1.258210702341137077e+00 2.687461198788899902e-27 7.006250352173859241e-24 1.631624221224996845e-21 1.182486479505912778e-19 4.168872700685560013e-18 8.789065014039783085e-17 1.190049445414676353e-15 9.779410627021078967e-15 4.274326679188169500e-14 1.086870025829115613e-13
1.271585284280936534e+00 1.515568280000623161e-27 4.147710001376296926e-24 1.015163480674042357e-21 7.750633509734480076e-20 2.886985450960449769e-18 6.460378114834122239e-17 9.368676523698817375e-16 8.346697139572557539e-15 3.949622735159807574e-14 1.053762580110204813e-13
1.284959866220735769e+00 8.552248646591364859e-28 2.452416154702721606e-24 6.300634659094029687e-22 5.062599821333584418e-20 1.990774235184967334e-18 4.725160089455403521e-17 7.333750348744027966e-16 7.083560505322578024e-15 3.637330394436634717e-14 1.021049024057329640e-13
1.298334448160535004e+00 4.823510619849087145e-28 1.448416675940045251e-24 3.901392083498719911e-22 3.295772912733368309e-20 1.367087746938695488e-18 3.439254310477878415e-17 5.708879161021407181e-16 5.977551267080739008e-15 3.338081897808027201e-14 9.887214209570761390e-14
1.311709030100334461e+00 2.722583306405102145e-28 8.546638724769978354e-25 2.410607145491931249e-22 2.138764107524253658e-20 9.350394602126922657e-19 2.491541933758280686e-17 4.419862938254471364e-16 5.015781837232104109e-15 3.052439573614996075e-14 9.567738113517069811e-14
1.325083612040133696e+00 1.537105728042768615e-28 5.038694936807174360e-25 1.486424581161240516e-22 1.383695450032256564e-20 6.370554737111737635e-19 1.796672395943416447e-17 3.403635611008312075e-16 4.185110045756927689e-15 2.780900403621460334e-14 9.252024890963764224e-14
1.338458193979933153e+00 8.702091201973098255e-29 2.968207580265623533e-25 9.147651907003233628e-23 8.925469524880227411e-21 4.323891267750144302e-19 1.289755104643419318e-17 2.607344505360376766e-16 3.472490081772444763e-15 2.523870351031285892e-14 8.940061326720189265e-14
1.351832775919732388e+00 4.907677449606458787e-29 1.747442969867507062e-25 5.619614187936360900e-23 5.741301408685744234e-21 2.924081539546188618e-19 9.218125851107047703e-18 1.987120968466594281e-16 2.865247969192027496e-15 2.281649753806792220e-14 8.631857082773398620e-14
1.365207357859531845e+00 2.781710756892788449e-29 1.028282771846477117e-25 3.446705998139177374e-23 3.683409065894687809e-21 1.970557149926959712e-19 6.560526059609079733e-18 1.506893310037101423e-16 2.351234185869186453e-15 2.054435479696167872e-14 8.327451646016644882e-14
1.378581939799331080e+00 1.573852441172552492e-29 6.047826375039199180e-26 2.110589110905372943e-23 2.357016120517524260e-21 1.323402265434001483e-19 4.649626340904979006e-18 1.137108607996921092e-16 1.918931871736304410e-15 1.842296101283449448e-14 8.026918455917340318e-14
1.391956521739130537e+00 8.969497045588513681e-30 3.555606382337439779e-26 1.290509080468940022e-23 1.504559121982409356e-21 8.858462959712933080e-20 3.281997907297690344e-18 8.539613009535637114e-17 1.557701544093422477e-15 1.645194037152321270e-14 7.730353286389321865e-14
1.405331103678929772e+00 5.028570496271709487e-30 2.089960677221688926e-26 7.880597568375551921e-24 9.582244367923679111e-22 5.910947779431501414e-20 2.307596816825486188e-18 6.383339572579972090e-17 1.257759884544072290e-15 1.462968463106373620e-14 7.437883990938540469e-14
1.418705685618729007e+00 2.840493441539273540e-30 1.228185759275959717e-26 4.806196426837637974e-24 6.089086586185941929e-22 3.931969216160036526e-20 1.616248522024455027e-18 4.749646464615369541e-17 1.010269520838338689e-15 1.295343432414807948e-14 7.149673622361745948e-14
1.432080267558528464e+00 1.616056689699775539e-30 7.216534994242669950e-27 2.927732695127080433e-24 3.861134870952326412e-22 2.607779734867142557e-20 1.127809969861718578e-18 3.518285884406081834e-17 8.072902642393630596e-16 1.141931487844165151e-14 6.865911565857743066e-14
1.445454849498327698e+00 9.109586105982091633e-31 4.240296143055633541e-27 1.781655286488556956e-24 2.443585013357803949e-22 1.724664667530180424e-20 7.841522008390860071e-19 2.594834211920859894e-17 6.418240636815805184e-16 1.002260739625719919e-14 6.586807001825332769e-14
1.458829431438127155e+00 5.222990046086426650e-31 2.491691512255636096e-27 1.083242176842108758e-24 1.543614773575813982e-22 1.137519563257639965e-20 5.433059886829018717e-19 1.905624670757648132e-17 5.077264522778593492e-16 8.757619282338140961e-15 6.312598288996401588e-14
1.472204013377926390e+00 3.149228860025901880e-31 1.464317256356095127e-27 6.580236419705332842e-25 9.733540650617476984e-23 7.482849412948676815e-21 3.751538194048810147e-19 1.393675170490341793e-17 3.996783613012314054e-16 7.618004206730346248e-15 6.043533774411346394e-14
1.485578595317725847e+00 1.567697008033270212e-31 8.605886626683661255e-28 3.993991162873452912e-25 6.127200209048556028e-23 4.909852016665196115e-21 2.581858717898789508e-19 1.015125169343851528e-17 3.131069402571696238e-16 6.596788596461518566e-15 5.779881687419817623e-14
1.498953177257525082e+00 8.858299582052574887e-32 5.060375620970156586e-28 2.422656969844709552e-25 3.851054890258849401e-23 3.213842877132195604e-21 1.771200476823087789e-19 7.364774947094797807e-18 2.441268491318795872e-16 5.686551711146363759e-15 5.521905955193679006e-14
1.512327759197324317e+00 5.400376127867568430e-32 2.976055974621074446e-28 1.468619357691612900e-25 2.416863566423554492e-23 2.098820539306013822e-21 1.211326347163214180e-19 5.322688671035852211e-18 1.894632165599671045e-16 4.879600911902086903e-15 5.269876426819706990e-14
1.525702341137123774e+00 3.424429313447126537e-32 1.750146762350151203e-28 8.897758155872836605e-26 1.514627050437303564e-23 1.367566095353707860e-21 8.259235840071988471e-20 3.832318339108216349e-18 1.463687533554772778e-16 4.168019592936130337e-15 5.024055530883098871e-14
1.539076923076923009e+00 1.557167485627833022e-32 1.030802915910180345e-28 5.388475373474972640e-26 9.479938419425864631e-24 8.892173180891971152e-22 5.615187316556911928e-20 2.749205428327331777e-18 1.125733640267556364e-16 3.543978211341211430e-15 4.784686390523842050e-14
1.552451505016722466e+00 8.201069142290421046e-33 6.059974808332360649e-29 3.262340631268825502e-26 5.926674421565774921e-24 5.770505272069035694e-22 3.807069266010484608e-20 1.965257166324992925e-18 8.620460272741904403e-17 2.999610019173423103e-15 4.552004357314789714e-14
1.565826086956521701e+00 7.007789685489063837e-33 3.569843297654447109e-29 1.974467625329198212e-26 3.701014967978537454e-24 3.737447458906279028e-22 2.574162737578791972e-20 1.399977927384615675e-18 6.572973124694883070e-17 2.527278895924870505e-15 4.326212726410223021e-14
1.579200668896321158e+00 1.182890952399740235e-33 2.105246861997670251e-29 1.194697445277112192e-26 2.308720984281745499e-24 2.416206795362492297e-22 1.735982733274301823e-20 9.939386604495601710e-19 4.990870758919096075e-17 2.119642834774555532e-15 4.107490397547041689e-14
1.592575250836120393e+00 1.056433438620868505e-33 1.243792842157889125e-29 7.227974626410529575e-27 1.438899370978459986e-24 1.559386868789814436e-22 1.167818181228782781e-20 7.033692351171629987e-19 3.774122121838779815e-17 1.769724969147862376e-15 3.895982741661483528e-14
1.605949832775919628e+00 5.854496132495452232e-35 7.297726462837277367e-30 4.372513655501345595e-27 8.959657661990962205e-25 1.004707410605184111e-22 7.836807198523917364e-21 4.961496335822402757e-19 2.842541180341355444e-17 1.470908450855183159e-15 3.691805780605793881e-14
1.619324414715719085e+00 0.000000000000000000e+00 4.295707701247263045e-30 2.645028441077604150e-27 5.574386683633179049e-25 6.463073916451833529e-23 5.246721539588996531e-21 3.488984581948914476e-19 2.132550038135980037e-17 1.217087370510726598e-15 3.495036539084547984e-14
1.632698996655518320e+00 0.000000000000000000e+00 2.564490957354591587e-30 1.599828835299704131e-27 3.465776579991901246e-25 4.151495113452927705e-23 3.504856172787517733e-21 2.446165716779141250e-19 1.593794557719422797e-17 1.002598578000956673e-15 3.305718562351827413e-14
1.646073578595317777e+00 0.000000000000000000e+00 1.492289126467146703e-30 9.680207538141392376e-28 2.153472164424511249e-25 2.663024033143662046e-23 2.336276765170118753e-21 1.710050878372022252e-19 1.186696277321528684e-17 8.222711506525602736e-16 3.123861343667115682e-14
1.659448160535117012e+00 0.000000000000000000e+00 8.905771997249652767e-31 5.857099626987929832e-28 1.337272211160269929e-25 1.705965261260185823e-23 1.554105938888993480e-21 1.192084715789348587e-19 8.803694506630154802e-18 6.714409495005566273e-16 2.949438218562802937e-14
1.672822742474916469e+00 0.000000000000000000e+00 5.102361076744769948e-31 3.543680018675716335e-28 8.299757281082841630e-26 1.091483863174260485e-23 1.031736359480180076e-21 8.287254824145850273e-20 6.507907199436835325e-18 5.459166238031239844e-16 2.782392713586849702e-14
1.686197324414715704e+00 0.000000000000000000e+00 3.039356027645782720e-31 2.145969876186714087e-28 5.149066300170167895e-26 6.975346218341688536e-24 6.836504683906766655e-22 5.745918082207949956e-20 4.794049619982913121e-18 4.419620219895889666e-16 2.622638535550802703e-14
1.699571906354515161e+00 0.000000000000000000e+00 1.789612576438053197e-31 1.299739510136003310e-28 3.193154708905169126e-26 4.452880107419608208e-24 4.521808988763563545e-22 3.973708401414550407e-20 3.519617461834963393e-18 3.562990459796071425e-16 2.470060268145546749e-14
1.712946488294314396e+00 0.000000000000000000e+00 1.106440418372629792e-31 7.866190659515919384e-29 1.979515412561573043e-26 2.839627207774332134e-24 2.985549642943008864e-22 2.741217898179747682e-20 2.575409549390600313e-18 2.860454838114827425e-16 2.324521415963116231e-14
1.726321070234113630e+00 0.000000000000000000e+00 6.733299252496130887e-32 4.771396357353550091e-29 1.226825738545495733e-26 1.809149329978187647e-24 1.967964952933747322e-22 1.886454096478771978e-20 1.878430417829341974e-18 2.287026548051470807e-16 2.185862529190647252e-14
1.739695652173913087e+00 0.000000000000000000e+00 3.502010690158657991e-32 2.887685010631135099e-29 7.602769622891937698e-27 1.151709222097413920e-24 1.295248974784734509e-22 1.295275458361214197e-20 1.365819713023043391e-18 1.821184241780558231e-16 2.053907280581738194e-14
1.753070234113712322e+00 0.000000000000000000e+00 1.861059099874335969e-32 1.752342078072135215e-29 4.710587823449450503e-27 7.325667870086147075e-25 8.511850432932948224e-23 8.873484771714567263e-21 9.900473614764955948e-19 1.444454408864330575e-16 1.928465340357004296e-14
1.766444816053511779e+00 0.000000000000000000e+00 1.388433241183687151e-32 1.059148567767024845e-29 2.918210530951302516e-27 4.656093024872684429e-25 5.585570102301376535e-23 6.065722634070842018e-21 7.155225938015478637e-19 1.141172817217376528e-16 1.809333326163351745e-14
1.779819397993311014e+00 0.000000000000000000e+00 6.785894746782342212e-33 6.432440227837978709e-30 1.807884045541948570e-27 2.957444111206452517e-25 3.660430376078108831e-23 4.137816176711219811e-21 5.156253905671732098e-19 8.980990705981741778e-17 1.696301590307544447e-14
1.793193979933110471e+00 0.000000000000000000e+00 3.062683014008150408e-33 3.914222151482061178e-30 1.119925851734123447e-27 1.877262136594902413e-25 2.395632276849764210e-23 2.816897908978744176e-21 3.705168048344213866e-19 7.041159748201232224e-17 1.589150882622961757e-14
1.806568561872909706e+00 0.000000000000000000e+00 2.445260950648183924e-33 2.397269622259422664e-30 6.937699553055633996e-28 1.190933825523521338e-25 1.565947634638240089e-23 1.913950449827719294e-21 2.655174826749526181e-19 5.499858205069739616e-17 1.487662527324192385e-14
1.819943143812709163e+00 0.000000000000000000e+00 4.126387547970112242e-34 1.430025569072808365e-30 4.299283893853370795e-28 7.551546310600185118e-26 1.022433002325445868e-23 1.298013576601663464e-21 1.897650809703715936e-19 4.280230844818771933e-17 1.391611310463304465e-14
1.833317725752508398e+00 0.000000000000000000e+00 3.666445373475948013e-34 8.754883431049512977e-31 2.664545276737801621e-28 4.786348215155889970e-26 6.668501074956009817e-24 8.787226561874869625e-22 1.352729190790527178e-19 3.319090399939521399e-17 1.300776081738299697e-14
1.846692307692307633e+00 0.000000000000000000e+00 2.021343636627287550e-35 5.372449503443526982e-31 1.650970391806260254e-28 3.032559191756126584e-26 4.344917611580433030e-24 5.938582561299592765e-22 9.618770730665362924e-20 2.564779773283391132e-17 1.214935419936477146e-14
1.860066889632107090e+00 0.000000000000000000e+00 0.000000000000000000e+00 3.211444754532448190e-31 1.023719865462691815e-28 1.920668948822061108e-26 2.828162741521504968e-24 4.006668348470936538e-22 6.822682489318598664e-20 1.975035639851794385e-17 1.133871554911625785e-14
1.873441471571906325e+00 0.000000000000000000e+00 0.000000000000000000e+00 1.924106043255864362e-31 6.345544499412777302e-29 1.216123618007739324e-26 1.839229536124619229e-24 2.698931404317680392e-22 4.827848232079222565e-20 1.515739448726600652e-17 1.057370171871046989e-14
1.886816053511705782e+00 0.000000000000000000e+00 0.000000000000000000e+00 1.222153884865406355e-31 3.936362076968088239e-29 7.698384680461126308e-27 1.195104966915919485e-24 1.815288917016481936e-22 3.408458625294437259e-20 1.159419198923608266e-17 9.852226505746659404e-15
1.900190635451505017e+00 0.000000000000000000e+00 0.000000000000000000e+00 6.939973662494447184e-32 2.444743781007899904e-29 4.872180555337691108e-27 7.759244368748357286e-25 1.219138478177059117e-22 2.400931662070911340e-20 8.839840397892413632e-18 9.172254268603249111e-15
1.913565217391304474e+00 0.000000000000000000e+00 0.000000000000000000e+00 4.137977626918217080e-32 1.514993367772943971e-29 3.083195411908081708e-27 5.034092419175347379e-25 8.176322796977179377e-23 1.687563136493890130e-20 6.718370827304651321e-18 8.531813463083716696e-15
1.926939799331103709e+00 0.000000000000000000e+00 0.000000000000000000e+00 2.790441359040946740e-32 9.397666592558996697e-30 1.951021902468191351e-27 3.264071867761554314e-25 5.476578413580699891e-23 1.183710826217972473e-20 5.090089410267916456e-18 7.928997776439688967e-15
1.940314381270902944e+00 0.000000000000000000e+00 0.000000000000000000e+00 1.688618149461722243e-32 5.842854165433381110e-30 1.234456734408930611e-27 2.115019186036764408e-25 3.663506876377668088e-23 8.285873679428509349e-21 3.844761876636681917e-18 7.361969305168359603e-15
1.953688963210702401e+00 0.000000000000000000e+00 0.000000000000000000e+00 9.487931338037715679e-33 3.652432904094719602e-30 7.810570118770497005e-28 1.369670288776987929e-25 2.447679715346306261e-23 5.788584824033253896e-21 2.895454768089076542e-18 6.828959121275163477e-15
1.967063545150501636e+00 0.000000000000000000e+00 0.000000000000000000e+00 5.291963498346803313e-33 2.248058281198010193e-30 4.942639923322623350e-28 8.865466576105808456e-26 1.633495066130090807e-23 4.036283962889761925e-21 2.174187223649170755e-18 6.328266123108184235e-15
1.980438127090301093e+00 0.000000000000000000e+00 0.000000000000000000e+00 3.868624932005000362e-33 1.393410107980075729e-30 3.127891862488229852e-28 5.735470189534384060e-26 1.088917124988806167e-23 2.809206229349668444e-21 1.627951914642550728e-18 5.858265088894441942e-15
1.993812709030100327e+00 0.000000000000000000e+00 0.000000000000000000e+00 1.198346353979680622e-33 8.710114346744956034e-31 1.979278134401573069e-28 3.708946450311778536e-26 7.251344055234311929e-24 1.951693133702505702e-21 1.215560149469598729e-18 5.417388659458970499e-15
2.007187290969899784e+00 0.000000000000000000e+00 0.000000000000000000e+00 9.524664317854688645e-34 5.467477770654754573e-31 1.252662594140612997e-28 2.397562501047135575e-26 4.824065526868138551e-24 1.353598655030582756e-21 9.051907314329655740e-19 5.004152142008632625e-15
2.020561872909699019e+00 0.000000000000000000e+00 0.000000000000000000e+00 7.502522739631261413e-34 3.358787450720676265e-31 7.929573324190769936e-29 1.549358072969689520e-26 3.206337129562746533e-24 9.372393731448280920e-22 6.722682321664912164e-19 4.617120067426386617e-15
2.033936454849498254e+00 0.000000000000000000e+00 0.000000000000000000e+00 1.414836783707477472e-34 2.103316058650445602e-31 5.023101803771895571e-29 1.000963350743408251e-26 2.129274691136741604e-24 6.479253743671566022e-22 4.979952314613460591e-19 4.254939233092755816e-15
2.047311036789297489e+00 0.000000000000000000e+00 0.000000000000000000e+00 7.759149970452493127e-36 1.278620551468148652e-31 3.181880539013408468e-29 6.464944211911775550e-27 1.412798758926191592e-24 4.472151910534077135e-22 3.679578499205053013e-19 3.916298186338534142e-15
2.060685618729097168e+00 0.000000000000000000e+00 0.000000000000000000e+00 0.000000000000000000e+00 7.961867698048050523e-32 2.012704963001855633e-29 4.174654480176198448e-27 9.366765037084017011e-25 3.082197491111172591e-22 2.712108112470652992e-19 3.599963566714547739e-15
2.074060200668896403e+00 0.000000000000000000e+00 0.000000000000000000e+00 0.000000000000000000e+00 4.970565718098525057e-32 1.277814915921344320e-29 2.695330482104330408e-27 6.205673791490181866e-25 2.121247421956671533e-22 1.994180192310228189e-19 3.304748384438795086e-15
2.087434782608695638e+00 0.000000000000000000e+00 0.000000000000000000e+00 0.000000000000000000e+00 3.210697403482860457e-32 8.096099162316984008e-30 1.739954202905900402e-27 4.108454572437760693e-25 1.457850390127041205e-22 1.462901744997530961e-19 3.029524187483715551e-15
2.100809364548494873e+00 0.000000000000000000e+00 0.000000000000000000e+00 0.000000000000000000e+00 1.838202079554364514e-32 5.135044348351760868e-30 1.123104398085631130e-27 2.718278539504237750e-25 1.000601390635798074e-22 1.070676735033445121e-19 2.773209718986093254e-15
2.114183946488294552e+00 0.000000000000000000e+00 0.000000000000000000e+00 0.000000000000000000e+00 1.103241823583988268e-32 3.261102988089518047e-30 7.249573040400667636e-28 1.797525418001067854e-25 6.859261163544759659e-23 7.818868971931185391e-20 2.534782846320618259e-15
2.127558528428093787e+00 0.000000000000000000e+00 0.000000000000000000e+00 0.000000000000000000e+00 7.491516106924673570e-33 2.064948795841766892e-30 4.679394288783628346e-28 1.187959748848026101e-25 4.696235889641123912e-23 5.697427004284933910e-20 2.313256974562597726e-15
2.140933110367893022e+00 0.000000000000000000e+00 0.000000000000000000e+00 0.000000000000000000e+00 5.229960040178213609e-33 1.304711433915567033e-30 3.020461631963384184e-28 7.847044049944523905e-26 3.211537798228703731e-23 4.142989261869400491e-20 2.107699415197538284e-15
2.154307692307692257e+00 0.000000000000000000e+00 0.000000000000000000e+00 0.000000000000000000e+00 2.097812075191847604e-33 8.331343189634454461e-31 1.949623143059157329e-28 5.181064490044395838e-26 2.193809839803565481e-23 3.006410609653834587e-20 1.917212614961314429e-15
2.167682274247491492e+00 0.000000000000000000e+00 0.000000000000000000e+00 0.000000000000000000e+00 1.527449414636181678e-33 5.278428364920456350e-31 1.258743961665497135e-28 3.419244815836303766e-26 1.496941687272354638e-23 2.177287721862685195e-20 1.740943504282572032e-15
2.181056856187291171e+00 0.000000000000000000e+00 0.000000000000000000e+00 0.000000000000000000e+00 1.094268543583185597e-33 3.340072643532868445e-31 8.126491410612459193e-29 2.255667429387490635e-26 1.020394421962768353e-23 1.573733305653933168e-20 1.578073135174183693e-15
2.194431438127090406e+00 0.000000000000000000e+00 0.000000000000000000e+00 0.000000000000000000e+00 3.731609194750911099e-34 2.133025914647797100e-31 5.247130315163431707e-29 1.487544720446587865e-26 6.948758891829680246e-24 1.135335317129565789e-20 1.427819934505698779e-15
2.207806020066889641e+00 0.000000000000000000e+00 0.000000000000000000e+00 0.000000000000000000e+00 2.928704205333861427e-34 1.312941150703878207e-31 3.389966992185920386e-29 9.806876212514214860e-27 4.727597357493052560e-24 8.175702070762842813e-21 1.289434902852035327e-15
2.221180602006688876e+00 0.000000000000000000e+00 0.000000000000000000e+00 0.000000000000000000e+00 5.486020622506494251e-35 8.428667134482543073e-32 2.188013907463498608e-29 6.463753150826899959e-27 3.213650331752222804e-24 5.876862873347966951e-21 1.162200711444607353e-15
2.234555183946488555e+00 0.000000000000000000e+00 0.000000000000000000e+00 0.000000000000000000e+00 5.115689414802555277e-35 5.459153736555579443e-32 1.414139519561280070e-29 4.259146057026654816e-27 2.182618098569309692e-24 4.217099098321319948e-21 1.045430962158997059e-15
2.247929765886287790e+00 0.000000000000000000e+00 0.000000000000000000e+00 0.000000000000000000e+00 0.000000000000000000e+00 3.331674563291400244e-32 9.129680136756062168e-30 2.805927701287527792e-27 1.481189516138197719e-24 3.020938175607837070e-21 9.384667000444695145e-16
2.261304347826087024e+00 0.000000000000000000e+00 0.000000000000000000e+00 0.000000000000000000e+00 0.000000000000000000e+00 2.062692299394504406e-32 5.912116717240278281e-30 1.848251519998284632e-27 1.004434563463088075e-24 2.160550495020087673e-21 8.406791320762071030e-16
2.274678929765886259e+00 0.000000000000000000e+00 0.000000000000000000e+00 0.000000000000000000e+00 0.000000000000000000e+00 1.355846421000874502e-32 3.826171215834452807e-30 1.217214401954952370e-27 6.806205800167806009e-25 1.542781896164529887e-21 7.514623201994697548e-16
2.288053511705685494e+00 0.000000000000000000e+00 0.000000000000000000e+00 0.000000000000000000e+00 0.000000000000000000e+00 8.059830049086431996e-33 2.464353898639639920e-30 8.015755628407708359e-28 4.608952872477632917e-25 1.099986276663703815e-21 6.702390494778178568e-16
2.301428093645485173e+00 0.000000000000000000e+00 0.000000000000000000e+00 0.000000000000000000e+00 0.000000000000000000e+00 5.924436996386611306e-33 1.594662211894689443e-30 5.278432813720244964e-28 3.119102903106501106e-25 7.830789220118951823e-22 5.964541860441771124e-16
2.314802675585284408e+00 0.000000000000000000e+00 0.000000000000000000e+00 0.000000000000000000e+00 0.000000000000000000e+00 3.075172916081662116e-33 1.034161567532513602e-30 3.475543375122348513e-28 2.109513373476701924e-25 5.566848429936776802e-22 5.295792595003318087e-16
2.328177257525083643e+00 0.000000000000000000e+00 0.000000000000000000e+00 0.000000000000000000e+00 0.000000000000000000e+00 1.979159525033442941e-33 6.708088119068830948e-31 2.288298087636228060e-28 1.425920777147099574e-25 3.951723563672749158e-22 4.691091378167920460e-16
2.341551839464882878e+00 0.000000000000000000e+00 0.000000000000000000e+00 0.000000000000000000e+00 0.000000000000000000e+00 1.640147388313244115e-33 4.304528344784236604e-31 1.506811956928544460e-28 9.633497732043584635e-26 2.801558678416911840e-22 4.145623274570881366e-16
2.354926421404682113e+00 0.000000000000000000e+00 0.000000000000000000e+00 0.000000000000000000e+00 0.000000000000000000e+00 5.716042015585215021e-34 2.786983411947039356e-31 9.920999162075451029e-29 6.504858568815906683e-26 1.983479180786026305e-22 3.654783836269788870e-16
2.368301003344481792e+00 0.000000000000000000e+00 0.000000000000000000e+00 0.000000000000000000e+00 0.000000000000000000e+00 5.066473706648233857e-34 1.800838376148698331e-31 6.533341826937948750e-29 4.390350386337863726e-26 1.402534621199303172e-22 3.214222148715087582e-16
2.381675585284281027e+00 0.000000000000000000e+00 0.000000000000000000e+00 0.000000000000000000e+00 0.000000000000000000e+00 3.549933175768658840e-34 1.181622443332011023e-31 4.302266534032332511e-29 2.961947224639842399e-26 9.905014593871803158e-23 2.819812162152966545e-16
2.395050167224080262e+00 0.000000000000000000e+00 0.000000000000000000e+00 0.000000000000000000e+00 0.000000000000000000e+00 1.079054565540691177e-34 7.545919700407452332e-32 2.834180455624633305e-29 1.997427531607551742e-26 6.986994906501294418e-23 2.467646765089036427e-16
2.408424749163879497e+00 0.000000000000000000e+00 0.000000000000000000e+00 0.000000000000000000e+00 0.000000000000000000e+00 9.907605050068944228e-35 4.920002777183426394e-32 1.866693706521061751e-29 1.346537741306919995e-26 4.923022313601431215e-23 2.154038843670846686e-16
2.421799331103679176e+00 0.000000000000000000e+00 0.000000000000000000e+00 0.000000000000000000e+00 0.000000000000000000e+00 1.861961696860972679e-35 3.095288192370647960e-32 1.230087058012326207e-29 9.074782610222244392e-27 3.465026188572882164e-23 1.875518844879643063e-16
2.435173913043478411e+00 0.000000000000000000e+00 0.000000000000000000e+00 0.000000000000000000e+00 0.000000000000000000e+00 1.008336791567778630e-36 1.994579995446811572e-32 8.105018760079743692e-30 6.113881568828857078e-27 2.436213589682751883e-23 1.628844591020538870e-16
2.448548494983277646e+00 0.000000000000000000e+00 0.000000000000000000e+00 0.000000000000000000e+00 0.000000000000000000e+00 0.000000000000000000e+00 1.261556543780444673e-32 5.339802572192442972e-30 4.117872462624882083e-27 1.711106516458856683e-23 1.410984625361720541e-16
2.461923076923076881e+00 0.000000000000000000e+00 0.000000000000000000e+00 0.000000000000000000e+00 0.000000000000000000e+00 0.000000000000000000e+00 8.128088405581475122e-33 3.521338002341490311e-30 2.772842964633696245e-27 1.200634050748195903e-23 1.219110335731204533e-16
2.475297658862876116e+00 0.000000000000000000e+00 0.000000000000000000e+00 0.000000000000000000e+00 0.000000000000000000e+00 0.000000000000000000e+00 5.610976356822072824e-33 2.323325843505932721e-30 1.866753674258870446e-27 8.416580563582626930e-24 1.050598500375398347e-16
2.488672240802675795e+00 0.000000000000000000e+00 0.000000000000000000e+00 0.000000000000000000e+00 0.000000000000000000e+00 0.000000000000000000e+00 3.251282730861942960e-33 1.532399920829914107e-30 1.256534821760871883e-27 5.894788755048408978e-24 9.030266829342834428e-17
2.502046822742475030e+00 0.000000000000000000e+00 0.000000000000000000e+00 0.000000000000000000e+00 0.000000000000000000e+00 0.000000000000000000e+00 2.288535921565207104e-33 1.009146460427870907e-30 8.456239605381253483e-28 4.124869720182109195e-24 7.741668599461048639e-17
2.515421404682274265e+00 0.000000000000000000e+00 0.000000000000000000e+00 0.000000000000000000e+00 0.000000000000000000e+00 0.000000000000000000e+00 1.532963136130719247e-33 6.651463391441432750e-31 5.690206896694646703e-28 2.884000143056655159e-24 6.619667139960987786e-17
2.528795986622073499e+00 0.000000000000000000e+00 0.000000000000000000e+00 0.000000000000000000e+00 0.000000000000000000e+00 0.000000000000000000e+00 7.901511913345155322e-34 4.413988314021972393e-31 3.828350316852831418e-28 2.014710391352517464e-24 5.645543548235842284e-17
2.542170568561873178e+00 0.000000000000000000e+00 0.000000000000000000e+00 0.000000000000000000e+00 0.000000000000000000e+00 0.000000000000000000e+00 5.406100949946060799e-34 2.935443730726442028e-31 2.575689981984097969e-28 1.406440994197199905e-24 4.802262103615608942e-17
2.555545150501672413e+00 0.000000000000000000e+00 0.000000000000000000e+00 0.000000000000000000e+00 0.000000000000000000e+00 0.000000000000000000e+00 3.661030255027643294e-34 1.902827198100889029e-31 1.732732941594223842e-28 9.810481738412700754e-25 4.074337694412184711e-17
2.568919732441471648e+00 0.000000000000000000e+00 0.000000000000000000e+00 0.000000000000000000e+00 0.000000000000000000e+00 0.000000000000000000e+00 1.646082348042474120e-34 1.250175178862920771e-31 1.165697674299061279e-28 6.838796459246928540e-25 3.447841151069035601e-17
2.582294314381270883e+00 0.000000000000000000e+00 0.000000000000000000e+00 0.000000000000000000e+00 0.000000000000000000e+00 0.000000000000000000e+00 1.153794686488938677e-34 8.474074314022689583e-32 7.841381670167456770e-29 4.763810769803024937e-25 2.910136737782960573e-17
2.595668896321070118e+00 0.000000000000000000e+00 0.000000000000000000e+00 0.000000000000000000e+00 0.000000000000000000e+00 0.000000000000000000e+00 9.707264538258040512e-35 5.434791780378703428e-32 5.275253133620871552e-29 3.316366097563739798e-25 2.449999484184844307e-17
2.609043478260869797e+00 0.000000000000000000e+00 0.000000000000000000e+00 0.000000000000000000e+00 0.000000000000000000e+00 0.000000000000000000e+00 3.157985764440851458e-35 3.621529879809627332e-32 3.548454137058523784e-29 2.307259435353738906e-25 2.057335871137750255e-17
2.622418060200669032e+00 0.000000000000000000e+00 0.000000000000000000e+00 0.000000000000000000e+00 0.000000000000000000e+00 0.000000000000000000e+00 5.876087333154959780e-36 2.327703838331059500e-32 2.387455560882348483e-29 1.604313042058312949e-25 1.723241684792032886e-17
2.635792642140468267e+00 0.000000000000000000e+00 0.000000000000000000e+00 0.000000000000000000e+00 0.000000000000000000e+00 0.000000000000000000e+00 3.157023526940506269e-37 1.558733376648003698e-32 1.606173006337527499e-29 1.114877016509775356e-25 1.439749918530768482e-17
2.649167224080267502e+00 0.000000000000000000e+00 0.000000000000000000e+00 0.000000000000000000e+00 0.000000000000000000e+00 0.000000000000000000e+00 0.000000000000000000e+00 1.026081058284467172e-32 1.080799001123594786e-29 7.743556838547315918e-26 1.199890123521363888e-17
2.662541806020067181e+00 0.000000000000000000e+00 0.000000000000000000e+00 0.000000000000000000e+00 0.000000000000000000e+00 0.000000000000000000e+00 0.000000000000000000e+00 6.582129329338632959e-33 7.272946265359008000e-30 5.375633438447294334e-26 9.975003403577180561e-18
2.675916387959866416e+00 0.000000000000000000e+00 0.000000000000000000e+00 0.000000000000000000e+00 0.000000000000000000e+00 0.000000000000000000e+00 0.000000000000000000e+00 4.491862401759254152e-33 4.895203759520363292e-30 3.730138623112533054e-26 8.272119021948095673e-18
2.689290969899665651e+00 0.000000000000000000e+00 0.000000000000000000e+00 0.000000000000000000e+00 0.000000000000000000e+00 0.000000000000000000e+00 0.000000000000000000e+00 2.970731472432986941e-33 3.295844489656353227e-30 2.587188178512815439e-26 6.843217211109514410e-18
2.702665551839464886e+00 0.000000000000000000e+00 0.000000000000000000e+00 0.000000000000000000e+00 0.000000000000000000e+00 0.000000000000000000e+00 0.000000000000000000e+00 1.860683125603252420e-33 2.219113241287356435e-30 1.793694331382747880e-26 5.647448554146870098e-18
2.716040133779264121e+00 0.000000000000000000e+00 0.000000000000000000e+00 0.000000000000000000e+00 0.000000000000000000e+00 0.000000000000000000e+00 0.000000000000000000e+00 1.200537657387193084e-33 1.493399657787643846e-30 1.243101253448930676e-26 4.649475859078926310e-18
2.729414715719063800e+00 0.000000000000000000e+00 0.000000000000000000e+00 0.000000000000000000e+00 0.000000000000000000e+00 0.000000000000000000e+00 0.000000000000000000e+00 8.817989799266134139e-34 1.005340977286921479e-30 8.611821759708414928e-27 3.818780830793036006e-18
2.742789297658863035e+00 0.000000000000000000e+00 0.000000000000000000e+00 0.000000000000000000e+00 0.000000000000000000e+00 0.000000000000000000e+00 0.000000000000000000e+00 4.922882538145724501e-34 6.780534912397030788e-31 5.964219736722026601e-27 3.129183996404888902e-18
2.756163879598662270e+00 0.000000000000000000e+00 0.000000000000000000e+00 0.000000000000000000e+00 0.000000000000000000e+00 0.000000000000000000e+00 0.000000000000000000e+00 3.422760234331203421e-34 4.556126820272403006e-31 4.129116393786098057e-27 2.558151919065150584e-18
2.769538461538461505e+00 0.000000000000000000e+00 0.000000000000000000e+00 0.000000000000000000e+00 0.000000000000000000e+00 0.000000000000000000e+00 0.000000000000000000e+00 2.246784938554931846e-34 3.080467548446378742e-31 2.857885293560064464e-27 2.086555419506414614e-18
2.782913043478261184e+00 0.000000000000000000e+00 0.000000000000000000e+00 0.000000000000000000e+00 0.000000000000000000e+00 0.000000000000000000e+00 0.000000000000000000e+00 1.161824854692951425e-34 2.079482187440030733e-31 1.977388883673419912e-27 1.698024251852546085e-18
2.796287625418060419e+00 0.000000000000000000e+00 0.000000000000000000e+00 0.000000000000000000e+00 0.000000000000000000e+00 0.000000000000000000e+00 0.000000000000000000e+00 7.698091014804008414e-35 1.406464549429104072e-31 1.367892198871309697e-27 1.378785355721910363e-18
2.809662207357859653e+00 0.000000000000000000e+00 0.000000000000000000e+00 0.000000000000000000e+00 0.000000000000000000e+00 0.000000000000000000e+00 0.000000000000000000e+00 6.897271450963893916e-35 9.405963288007810079e-32 9.460144250488382650e-28 1.117080366833708212e-18
2.823036789297658888e+00 0.000000000000000000e+00 0.000000000000000000e+00 0.000000000000000000e+00 0.000000000000000000e+00 0.000000000000000000e+00 0.000000000000000000e+00 2.679622799978369415e-35 6.299220359956068390e-32 6.541422822274877851e-28 9.030933985993544476e-19
2.836411371237458123e+00 0.000000000000000000e+00 0.000000000000000000e+00 0.000000000000000000e+00 0.000000000000000000e+00 0.000000000000000000e+00 0.000000000000000000e+00 2.305348225090412308e-35 4.288271696117276112e-32 4.522144472698950636e-28 7.285224345696912721e-19
2.849785953177257802e+00 0.000000000000000000e+00 0.000000000000000000e+00 0.000000000000000000e+00 0.000000000000000000e+00 0.000000000000000000e+00 0.000000000000000000e+00 7.200223316167015296e-36 2.910397639280357322e-32 3.125855225650336534e-28 5.864652141291931310e-19
2.863160535117057037e+00 0.000000000000000000e+00 0.000000000000000000e+00 0.000000000000000000e+00 0.000000000000000000e+00 0.000000000000000000e+00 0.000000000000000000e+00 1.320972256977112920e-36 1.950050549314423370e-32 2.160315599554936296e-28 4.711208852233628461e-19
2.876535117056856272e+00 0.000000000000000000e+00 0.000000000000000000e+00 0.000000000000000000e+00 0.000000000000000000e+00 0.000000000000000000e+00 0.000000000000000000e+00 0.000000000000000000e+00 1.276957306263611049e-32 1.492887902538034466e-28 3.776867701437414002e-19
2.889909698996655507e+00 0.000000000000000000e+00 0.000000000000000000e+00 0.000000000000000000e+00 0.000000000000000000e+00 0.000000000000000000e+00 0.000000000000000000e+00 0.000000000000000000e+00 8.711732478084883801e-33 1.031524323020173692e-28 3.021689181592457717e-19
2.903284280936454742e+00 0.000000000000000000e+00 0.000000000000000000e+00 0.000000000000000000e+00 0.000000000000000000e+00 0.000000000000000000e+00 0.000000000000000000e+00 0.000000000000000000e+00 6.032995020523489391e-33 7.126800600628621858e-29 2.412687012600838149e-19
2.916658862876254421e+00 0.000000000000000000e+00 0.000000000000000000e+00 0.000000000000000000e+00 0.000000000000000000e+00 0.000000000000000000e+00 0.000000000000000000e+00 0.000000000000000000e+00 3.897767857712544075e-33 4.923606117312319473e-29 1.922664163500952912e-19
2.930033444816053656e+00 0.000000000000000000e+00 0.000000000000000000e+00 0.000000000000000000e+00 0.000000000000000000e+00 0.000000000000000000e+00 0.000000000000000000e+00 0.000000000000000000e+00 2.754070569231457530e-33 3.401160116268692490e-29 1.529193697887204365e-19
2.943408026755852891e+00 0.000000000000000000e+00 0.000000000000000000e+00 0.000000000000000000e+00 0.000000000000000000e+00 0.000000000000000000e+00 0.000000000000000000e+00 0.000000000000000000e+00 1.733005588478527919e-33 2.349555281085035542e-29 1.213943437623027709e-19
2.956782608695652126e+00 0.000000000000000000e+00 0.000000000000000000e+00 0.000000000000000000e+00 0.000000000000000000e+00 0.000000000000000000e+00 0.000000000000000000e+00 0.000000000000000000e+00 1.172858651107051856e-33 1.622999182115922238e-29 9.618721327914868775e-20
2.970157190635451805e+00 0.000000000000000000e+00 0.000000000000000000e+00 0.000000000000000000e+00 0.000000000000000000e+00 0.000000000000000000e+00 0.000000000000000000e+00 0.000000000000000000e+00 8.011725800245924769e-34 1.121139230783850293e-29 7.607530470612036560e-20
2.983531772575251040e+00 0.000000000000000000e+00 0.000000000000000000e+00 0.000000000000000000e+00 0.000000000000000000e+00 0.000000000000000000e+00 0.000000000000000000e+00 0.000000000000000000e+00 5.260994185197076978e-34 7.744309774726995314e-30 6.005948614788631803e-20
2.996906354515050275e+00 0.000000000000000000e+00 0.000000000000000000e+00 0.000000000000000000e+00 0.000000000000000000e+00 0.000000000000000000e+00 0.000000000000000000e+00 0.000000000000000000e+00 3.251445381010975724e-34 5.350478062058616483e-30 4.733156002403183454e-20
3.010280936454849510e+00 0.000000000000000000e+00 0.000000000000000000e+00 0.000000000000000000e+00 0.000000000000000000e+00 0.000000000000000000e+00 0.000000000000000000e+00 0.000000000000000000e+00 2.348923528518207349e-34 3.695719361531134569e-30 3.723552064562244855e-20
3.023655518394648745e+00 0.000000000000000000e+00 0.000000000000000000e+00 0.000000000000000000e+00 0.000000000000000000e+00 0.000000000000000000e+00 0.000000000000000000e+00 0.000000000000000000e+00 1.494949966505707936e-34 2.553996293122823688e-30 2.924313819249832807e-20
3.037030100334448424e+00 0.000000000000000000e+00 0.000000000000000000e+00 0.000000000000000000e+00 0.000000000000000000e+00 0.000000000000000000e+00 0.000000000000000000e+00 0.000000000000000000e+00 9.654111541461436330e-35 1.764374261818108833e-30 2.292730060873173065e-20
3.050404682274247659e+00 0.000000000000000000e+00 0.000000000000000000e+00 0.000000000000000000e+00 0.000000000000000000e+00 0.000000000000000000e+00 0.000000000000000000e+00 0.000000000000000000e+00 6.303960262236776426e-35 1.219133750472712085e-30 1.794593481172258557e-20
3.063779264214046893e+00 0.000000000000000000e+00 0.000000000000000000e+00 0.000000000000000000e+00 0.000000000000000000e+00 0.000000000000000000e+00 0.000000000000000000e+00 0.000000000000000000e+00 5.058647131001610385e-35 8.424692010310627239e-31 1.402379163937046883e-20
3.077153846153846128e+00 0.000000000000000000e+00 0.000000000000000000e+00 0.000000000000000000e+00 0.000000000000000000e+00 0.000000000000000000e+00 0.000000000000000000e+00 0.000000000000000000e+00 2.552190536671228800e-35 5.821962777937380858e-31 1.094151059811866109e-20
3.090528428093645807e+00 0.000000000000000000e+00 0.000000000000000000e+00 0.000000000000000000e+00 0.000000000000000000e+00 0.000000000000000000e+00 0.000000000000000000e+00 0.000000000000000000e+00 1.902832899381227904e-35 4.023957065532435626e-31 8.523257652682611292e-21
3.103903010033445042e+00 0.000000000000000000e+00 0.000000000000000000e+00 0.000000000000000000e+00 0.000000000000000000e+00 0.000000000000000000e+00 0.000000000000000000e+00 0.000000000000000000e+00 9.858574860421892128e-36 2.782488642554762508e-31 6.629277989240511354e-21
3.117277591973244277e+00 0.000000000000000000e+00 0.000000000000000000e+00 0.000000000000000000e+00 0.000000000000000000e+00 0.000000000000000000e+00 0.000000000000000000e+00 0.000000000000000000e+00 7.807065553392448978e-36 1.924457947221184022e-31 5.148333298424215385e-21
3.130652173913043512e+00 0.000000000000000000e+00 0.000000000000000000e+00 0.000000000000000000e+00 0.000000000000000000e+00 0.000000000000000000e+00 0.000000000000000000e+00 0.000000000000000000e+00 3.188262109404235929e-36 1.331567877447267138e-31 3.992322508383496462e-21
3.144026755852842747e+00 0.000000000000000000e+00 0.000000000000000000e+00 0.000000000000000000e+00 0.000000000000000000e+00 0.000000000000000000e+00 0.000000000000000000e+00 0.000000000000000000e+00 9.710367431272938302e-37 9.193843988155664717e-32 3.091426455591319610e-21
3.157401337792642426e+00 0.000000000000000000e+00 0.000000000000000000e+00 0.000000000000000000e+00 0.000000000000000000e+00 0.000000000000000000e+00 0.000000000000000000e+00 0.000000000000000000e+00 1.743095722463654932e-37 6.363319582523957570e-32 2.390412807458101682e-21
3.170775919732441661e+00 0.000000000000000000e+00 0.000000000000000000e+00 0.000000000000000000e+00 0.000000000000000000e+00 0.000000000000000000e+00 0.000000000000000000e+00 0.000000000000000000e+00 0.000000000000000000e+00 4.406572614079231895e-32 1.845764216334636684e-21
3.184150501672240896e+00 0.000000000000000000e+00 0.000000000000000000e+00 0.000000000000000000e+00 0.000000000000000000e+00 0.000000000000000000e+00 0.000000000000000000e+00 0.000000000000000000e+00 0.000000000000000000e+00 3.043930253732552881e-32 1.423256547148316602e-21
3.197525083612040131e+00 0.000000000000000000e+00 0.000000000000000000e+00 0.000000000000000000e+00 0.000000000000000000e+00 0.000000000000000000e+00 0.000000000000000000e+00 0.000000000000000000e+00 0.000000000000000000e+00 2.118473979457093402e-32 1.095992602811914151e-21
3.210899665551839366e+00 0.000000000000000000e+00 0.000000000000000000e+00 0.000000000000000000e+00 0.000000000000000000e+00 0.000000000000000000e+00 0.000000000000000000e+00 0.000000000000000000e+00 0.000000000000000000e+00 1.452978255447094826e-32 8.428748741685023211e-22
3.224274247491639045e+00 0.000000000000000000e+00 0.000000000000000000e+00 0.000000000000000000e+00 0.000000000000000000e+00 0.000000000000000000e+00 0.000000000000000000e+00 0.000000000000000000e+00 0.000000000000000000e+00 1.003956466008368813e-32 6.473729106849000173e-22
3.237648829431438280e+00 0.000000000000000000e+00 0.000000000000000000e+00 0.000000000000000000e+00 0.000000000000000000e+00 0.000000000000000000e+00 0.000000000000000000e+00 0.000000000000000000e+00 0.000000000000000000e+00 7.007362613247612300e-33 4.965865078304301684e-22
3.251023411371237515e+00 0.000000000000000000e+00 0.000000000000000000e+00 0.000000000000000000e+00 0.000000000000000000e+00 0.000000000000000000e+00 0.000000000000000000e+00 0.000000000000000000e+00 0.000000000000000000e+00 4.875065352325115219e-33 3.804522882375219122e-22
3.264397993311036750e+00 0.000000000000000000e+00 0.000000000000000000e+00 0.000000000000000000e+00 0.000000000000000000e+00 0.000000000000000000e+00 0.000000000000000000e+00 0.000000000000000000e+00 0.000000000000000000e+00 3.332763627632880845e-33 2.911218962355336868e-22
3.277772575250836429e+00 0.000000000000000000e+00 0.000000000000000000e+00 0.000000000000000000e+00 0.000000000000000000e+00 0.000000000000000000e+00 0.000000000000000000e+00 0.000000000000000000e+00 0.000000000000000000e+00 2.277988997543222590e-33 2.225075093844842615e-22
3.291147157190635664e+00 0.000000000000000000e+00 0.000000000000000000e+00 0.000000000000000000e+00 0.000000000000000000e+00 0.000000000000000000e+00 0.000000000000000000e+00 0.000000000000000000e+00 0.000000000000000000e+00 1.599381435351445327e-33 1.698627883985913765e-22
3.304521739130434899e+00 0.000000000000000000e+00 0.000000000000000000e+00 0.000000000000000000e+00 0.000000000000000000e+00 0.000000000000000000e+00 0.000000000000000000e+00 0.000000000000000000e+00 0.000000000000000000e+00 1.096032926590124994e-33 1.295291624786305034e-22
3.317896321070234134e+00 0.000000000000000000e+00 0.000000000000000000e+00 0.000000000000000000e+00 0.000000000000000000e+00 0.000000000000000000e+00 0.000000000000000000e+00 0.000000000000000000e+00 0.000000000000000000e+00 7.672428217158482467e-34 9.866110814268332278e-23
3.331270903010033368e+00 0.000000000000000000e+00 0.000000000000000000e+00 0.000000000000000000e+00 0.000000000000000000e+00 0.000000000000000000e+00 0.000000000000000000e+00 0.000000000000000000e+00 0.000000000000000000e+00 5.339898830744850130e-34 7.506887192946234667e-23
3.344645484949833047e+00 0.000000000000000000e+00 0.000000000000000000e+00 0.000000000000000000e+00 0.000000000000000000e+00 0.000000000000000000e+00 0.000000000000000000e+00 0.000000000000000000e+00 0.000000000000000000e+00 3.526917801632413247e-34 5.705582277958147922e-23
3.358020066889632282e+00 0.000000000000000000e+00 0.000000000000000000e+00 0.000000000000000000e+00 0.000000000000000000e+00 0.000000000000000000e+00 0.000000000000000000e+00 0.000000000000000000e+00 0.000000000000000000e+00 2.490197979039814084e-34 4.332026348224723203e-23
3.371394648829431517e+00 0.000000000000000000e+00 0.000000000000000000e+00 0.000000000000000000e+00 0.000000000000000000e+00 0.000000000000000000e+00 0.000000000000000000e+00 0.000000000000000000e+00 0.000000000000000000e+00 1.651131671089509161e-34 3.285772655491384409e-23
3.384769230769230752e+00 0.000000000000000000e+00 0.000000000000000000e+00 0.000000000000000000e+00 0.000000000000000000e+00 0.000000000000000000e+00 0.000000000000000000e+00 0.000000000000000000e+00 0.000000000000000000e+00 1.101375382525424762e-34 2.489727973474305000e-23
3.398143812709030431e+00 0.000000000000000000e+00 0.000000000000000000e+00 0.000000000000000000e+00 0.000000000000000000e+00 0.000000000000000000e+00 0.000000000000000000e+00 0.000000000000000000e+00 0.000000000000000000e+00 7.547905523009603058e-35 1.884695735182070544e-23
3.411518394648829666e+00 0.000000000000000000e+00 0.000000000000000000e+00 0.000000000000000000e+00 0.000000000000000000e+00 0.000000000000000000e+00 0.000000000000000000e+00 0.000000000000000000e+00 0.000000000000000000e+00 4.925176984188629753e-35 1.425315235431348438e-23
3.424892976588628901e+00 0.000000000000000000e+00 0.000000000000000000e+00 0.000000000000000000e+00 0.000000000000000000e+00 0.000000000000000000e+00 0.000000000000000000e+00 0.000000000000000000e+00 0.000000000000000000e+00 3.436554934497639892e-35 1.076919168011654081e-23
3.438267558528428136e+00 0.000000000000000000e+00 0.000000000000000000e+00 0.000000000000000000e+00 0.000000000000000000e+00 0.000000000000000000e+00 0.000000000000000000e+00 0.000000000000000000e+00 0.000000000000000000e+00 2.359244597636943164e-35 8.129401274749970973e-24
3.451642140468227371e+00 0.000000000000000000e+00 0.000000000000000000e+00 0.000000000000000000e+00 0.000000000000000000e+00 0.000000000000000000e+00 0.000000000000000000e+00 0.000000000000000000e+00 0.000000000000000000e+00 1.585582697652862267e-35 6.131214492995205622e-24
3.465016722408027050e+00 0.000000000000000000e+00 0.000000000000000000e+00 0.000000000000000000e+00 0.000000000000000000e+00 0.000000000000000000e+00 0.000000000000000000e+00 0.000000000000000000e+00 0.000000000000000000e+00 1.185527248788289596e-35 4.620095888743447967e-24
3.478391304347826285e+00 0.000000000000000000e+00 0.000000000000000000e+00 0.000000000000000000e+00 0.000000000000000000e+00 0.000000000000000000e+00 0.000000000000000000e+00 0.000000000000000000e+00 0.000000000000000000e+00 7.199451581506091327e-36 3.478471616158735051e-24
3.491765886287625520e+00 0.000000000000000000e+00 0.000000000000000000e+00 0.000000000000000000e+00 0.000000000000000000e+00 0.000000000000000000e+00 0.000000000000000000e+00 0.000000000000000000e+00 0.000000000000000000e+00 5.591881115028829673e-36 2.616728245747360987e-24
3.505140468227424755e+00 0.000000000000000000e+00 0.000000000000000000e+00 0.000000000000000000e+00 0.000000000000000000e+00 0.000000000000000000e+00 0.000000000000000000e+00 0.000000000000000000e+00 0.000000000000000000e+00 3.330440862089338134e-36 1.966901773069547640e-24
3.518515050167224434e+00 0.000000000000000000e+00 0.000000000000000000e+00 0.000000000000000000e+00 0.000000000000000000e+00 0.000000000000000000e+00 0.000000000000000000e+00 0.000000000000000000e+00 0.000000000000000000e+00 1.882086830726350187e-36 1.477216878919242269e-24
3.531889632107023669e+00 0.000000000000000000e+00 0.000000000000000000e+00 0.000000000000000000e+00 0.000000000000000000e+00 0.000000000000000000e+00 0.000000000000000000e+00 0.000000000000000000e+00 0.000000000000000000e+00 1.500861629680116590e-36 1.108585966900193906e-24
3.545264214046822904e+00 0.000000000000000000e+00 0.000000000000000000e+00 0.000000000000000000e+00 0.000000000000000000e+00 0.000000000000000000e+00 0.000000000000000000e+00 0.000000000000000000e+00 0.000000000000000000e+00 8.032618047257521265e-37 8.313001216665198668e-25
3.558638795986622139e+00 0.000000000000000000e+00 0.000000000000000000e+00 0.000000000000000000e+00 0.000000000000000000e+00 0.000000000000000000e+00 0.000000000000000000e+00 0.000000000000000000e+00 0.000000000000000000e+00 4.165455275122399095e-37 6.229008599011658246e-25
3.572013377926421374e+00 0.000000000000000000e+00 0.000000000000000000e+00 0.000000000000000000e+00 0.000000000000000000e+00 0.000000000000000000e+00 0.000000000000000000e+00 0.000000000000000000e+00 0.000000000000000000e+00 1.912484587905375375e-37 4.663882070343459959e-25
3.585387959866221053e+00 0.000000000000000000e+00 0.000000000000000000e+00 0.000000000000000000e+00 0.000000000000000000e+00 0.000000000000000000e+00 0.000000000000000000e+00 0.000000000000000000e+00 0.000000000000000000e+00 7.300573334558369083e-38 3.489420171275019138e-25
3.598762541806020288e+00 0.000000000000000000e+00 0.000000000000000000e+00 0.000000000000000000e+00 0.000000000000000000e+00 0.000000000000000000e+00 0.000000000000000000e+00 0.000000000000000000e+00 0.000000000000000000e+00 2.308311225771115639e-40 2.608788967520979023e-25
3.612137123745819522e+00 0.000000000000000000e+00 0.000000000000000000e+00 0.000000000000000000e+00 0.000000000000000000e+00 0.000000000000000000e+00 0.000000000000000000e+00 0.000000000000000000e+00 0.000000000000000000e+00 0.000000000000000000e+00 1.948899116204824139e-25
3.625511705685618757e+00 0.000000000000000000e+00 0.000000000000000000e+00 0.000000000000000000e+00 0.000000000000000000e+00 0.000000000000000000e+00 0.000000000000000000e+00 0.000000000000000000e+00 0.000000000000000000e+00 0.000000000000000000e+00 1.454868636194022240e-25
3.638886287625418436e+00 0.000000000000000000e+00 0.000000000000000000e+00 0.000000000000000000e+00 0.000000000000000000e+00 0.000000000000000000e+00 0.000000000000000000e+00 0.000000000000000000e+00 0.000000000000000000e+00 0.000000000000000000e+00 1.085201573299604463e-25
3.652260869565217671e+00 0.000000000000000000e+00 0.000000000000000000e+00 0.000000000000000000e+00 0.000000000000000000e+00 0.000000000000000000e+00 0.000000000000000000e+00 0.000000000000000000e+00 0.000000000000000000e+00 0.000000000000000000e+00 8.088075293238980815e-26
3.665635451505016906e+00 0.000000000000000000e+00 0.000000000000000000e+00 0.000000000000000000e+00 0.000000000000000000e+00 0.000000000000000000e+00 0.000000000000000000e+00 0.000000000000000000e+00 0.000000000000000000e+00 0.000000000000000000e+00 6.023126480212752831e-26
3.679010033444816141e+00 0.000000000000000000e+00 0.000000000000000000e+00 0.000000000000000000e+00 0.000000000000000000e+00 0.000000000000000000e+00 0.000000000000000000e+00 0.000000000000000000e+00 0.000000000000000000e+00 0.000000000000000000e+00 4.481292620775737686e-26
3.692384615384615376e+00 0.000000000000000000e+00 0.000000000000000000e+00 0.000000000000000000e+00 0.000000000000000000e+00 0.000000000000000000e+00 0.000000000000000000e+00 0.000000000000000000e+00 0.000000000000000000e+00 0.000000000000000000e+00 3.330882442011233023e-26
3.705759197324415055e+00 0.000000000000000000e+00 0.000000000000000000e+00 0.000000000000000000e+00 0.000000000000000000e+00 0.000000000000000000e+00 0.000000000000000000e+00 0.000000000000000000e+00 0.000000000000000000e+00 0.000000000000000000e+00 2.473087110727273641e-26
3.719133779264214290e+00 0.000000000000000000e+00 0.000000000000000000e+00 0.000000000000000000e+00 0.000000000000000000e+00 0.000000000000000000e+00 0.000000000000000000e+00 0.000000000000000000e+00 0.000000000000000000e+00 0.000000000000000000e+00 1.834008643468580568e-26
3.732508361204013525e+00 0.000000000000000000e+00 0.000000000000000000e+00 0.000000000000000000e+00 0.000000000000000000e+00 0.000000000000000000e+00 0.000000000000000000e+00 0.000000000000000000e+00 0.000000000000000000e+00 0.000000000000000000e+00 1.358145182006127324e-26
3.745882943143812760e+00 0.000000000000000000e+00 0.000000000000000000e+00 0.000000000000000000e+00 0.000000000000000000e+00 0.000000000000000000e+00 0.000000000000000000e+00 0.000000000000000000e+00 0.000000000000000000e+00 0.000000000000000000e+00 1.004105671842358848e-26
3.759257525083611995e+00 0.000000000000000000e+00 0.000000000000000000e+00 0.000000000000000000e+00 0.000000000000000000e+00 0.000000000000000000e+00 0.000000000000000000e+00 0.000000000000000000e+00 0.000000000000000000e+00 0.000000000000000000e+00 7.409186544790958790e-27
3.772632107023411674e+00 0.000000000000000000e+00 0.000000000000000000e+00 0.000000000000000000e+00 0.000000000000000000e+00 0.000000000000000000e+00 0.000000000000000000e+00 0.000000000000000000e+00 0.000000000000000000e+00 0.000000000000000000e+00 5.454286950562885541e-27
3.786006688963210909e+00 0.000000000000000000e+00 0.000000000000000000e+00 0.000000000000000000e+00 0.000000000000000000e+00 0.000000000000000000e+00 0.000000000000000000e+00 0.000000000000000000e+00 0.000000000000000000e+00 0.000000000000000000e+00 4.003776496282551156e-27
3.799381270903010144e+00 0.000000000000000000e+00 0.000000000000000000e+00 0.000000000000000000e+00 0.000000000000000000e+00 0.000000000000000000e+00 0.000000000000000000e+00 0.000000000000000000e+00 0.000000000000000000e+00 0.000000000000000000e+00 2.928689530090190377e-27
3.812755852842809379e+00 0.000000000000000000e+00 0.000000000000000000e+00 0.000000000000000000e+00 0.000000000000000000e+00 0.000000000000000000e+00 0.000000000000000000e+00 0.000000000000000000e+00 0.000000000000000000e+00 0.000000000000000000e+00 2.132949853446637073e-27
3.826130434782609058e+00 0.000000000000000000e+00 0.000000000000000000e+00 0.000000000000000000e+00 0.000000000000000000e+00 0.000000000000000000e+00 0.000000000000000000e+00 0.000000000000000000e+00 0.000000000000000000e+00 0.000000000000000000e+00 1.544930202378726460e-27
3.839505016722408293e+00 0.000000000000000000e+00 0.000000000000000000e+00 0.000000000000000000e+00 0.000000000000000000e+00 0.000000000000000000e+00 0.000000000000000000e+00 0.000000000000000000e+00 0.000000000000000000e+00 0.000000000000000000e+00 1.111343702894823206e-27
3.852879598662207528e+00 0.000000000000000000e+00 0.000000000000000000e+00 0.000000000000000000e+00 0.000000000000000000e+00 0.000000000000000000e+00 0.000000000000000000e+00 0.000000000000000000e+00 0.000000000000000000e+00 0.000000000000000000e+00 7.924495329841336874e-28
3.866254180602006763e+00 0.000000000000000000e+00 0.000000000000000000e+00 0.000000000000000000e+00 0.000000000000000000e+00 0.000000000000000000e+00 0.000000000000000000e+00 0.000000000000000000e+00 0.000000000000000000e+00 0.000000000000000000e+00 5.587192409481841496e-28
3.879628762541805997e+00 0.000000000000000000e+00 0.000000000000000000e+00 0.000000000000000000e+00 0.000000000000000000e+00 0.000000000000000000e+00 0.000000000000000000e+00 0.000000000000000000e+00 0.000000000000000000e+00 0.000000000000000000e+00 3.882006955266202996e-28
3.893003344481605676e+00 0.000000000000000000e+00 0.000000000000000000e+00 0.000000000000000000e+00 0.000000000000000000e+00 0.000000000000000000e+00 0.000000000000000000e+00 0.000000000000000000e+00 0.000000000000000000e+00 0.000000000000000000e+00 2.645772378229803581e-28
3.906377926421404911e+00 0.000000000000000000e+00 0.000000000000000000e+00 0.000000000000000000e+00 0.000000000000000000e+00 0.000000000000000000e+00 0.000000000000000000e+00 0.000000000000000000e+00 0.000000000000000000e+00 0.000000000000000000e+00 1.757137159532190955e-28
3.919752508361204146e+00 0.000000000000000000e+00 0.000000000000000000e+00 0.000000000000000000e+00 0.000000000000000000e+00 0.000000000000000000e+00 0.000000000000000000e+00 0.000000000000000000e+00 0.000000000000000000e+00 0.000000000000000000e+00 1.126208157430639098e-28
3.933127090301003381e+00 0.000000000000000000e+00 0.000000000000000000e+00 0.000000000000000000e+00 0.000000000000000000e+00 0.000000000000000000e+00 0.000000000000000000e+00 0.000000000000000000e+00 0.000000000000000000e+00 0.000000000000000000e+00 6.861687752756022485e-29
3.946501672240803060e+00 0.000000000000000000e+00 0.000000000000000000e+00 0.000000000000000000e+00 0.000000000000000000e+00 0.000000000000000000e+00 0.000000000000000000e+00 0.000000000000000000e+00 0.000000000000000000e+00 0.000000000000000000e+00 3.874627076931426371e-29
3.959876254180602295e+00 0.000000000000000000e+00 0.000000000000000000e+00 0.000000000000000000e+00 0.000000000000000000e+00 0.000000000000000000e+00 0.000000000000000000e+00 0.000000000000000000e+00 0.000000000000000000e+00 0.000000000000000000e+00 1.933710797641796961e-29
3.973250836120401530e+00 0.000000000000000000e+00 0.000000000000000000e+00 0.000000000000000000e+00 0.000000000000000000e+00 0.000000000000000000e+00 0.000000000000000000e+00 0.000000000000000000e+00 0.000000000000000000e+00 0.000000000000000000e+00 7.667063747802298487e-30
3.986625418060200765e+00 0.000000000000000000e+00 0.000000000000000000e+00 0.000000000000000000e+00 0.000000000000000000e+00 0.000000000000000000e+00 0.000000000000000000e+00 0.000000000000000000e+00 0.000000000000000000e+00 0.000000000000000000e+00 1.719112670506593066e-30
4.000000000000000000e+00 0.000000000000000000e+00 0.000000000000000000e+00 0.000000000000000000e+00 0.000000000000000000e+00 0.000000000000000000e+00 0.000000000000000000e+00 0.000000000000000000e+00 0.000000000000000000e+00 0.000000000000000000e+00 0.000000000000000000e+00
