1.000000000000000021e-03 2.722508649483948440e-02
3.000000000000000062e-03 3.056673039557875060e-02
5.000000000000000104e-03 3.390837429631801681e-02
7.000000000000000146e-03 3.725001819705728301e-02
8.999999999999999320e-03 4.059166209779654921e-02
1.000000000000000021e-02 4.226248404816618232e-02
2.000000000000000042e-02 5.897070355186251334e-02
2.999999999999999889e-02 7.255577739983623542e-02
4.000000000000000083e-02 8.467091946888433140e-02
5.000000000000000278e-02 9.593189812230895619e-02
6.000000000000000472e-02 1.066471217777014424e-01
6.999999999999999278e-02 1.169952162734779338e-01
8.000000000000000167e-02 1.270992083277225904e-01
8.999999999999999667e-02 1.370539099089956858e-01
9.999999999999999167e-02 1.469064234450848383e-01
1.100000000000000006e-01 1.566888676060969043e-01
1.199999999999999956e-01 1.664337539160604673e-01
1.300000000000000044e-01 1.724344869254336998e-01
1.400000000000000133e-01 1.743310919433345707e-01
1.500000000000000222e-01 1.757473541945654971e-01
1.600000000000000033e-01 1.767244075325267727e-01
1.700000000000000122e-01 1.773244393335915436e-01
1.800000000000000211e-01 1.775509599231233637e-01
1.900000000000000022e-01 1.774276546632702067e-01
2.000000000000000111e-01 1.769760753714649804e-01
2.100000000000000200e-01 1.761811639983518751e-01
2.200000000000000011e-01 1.751001044480734181e-01
2.300000000000000100e-01 1.737565903867775707e-01
2.400000000000000189e-01 1.721732067319634574e-01
2.500000000000000000e-01 1.703781914382398177e-01
2.600000000000000089e-01 1.683826029321427165e-01
2.700000000000000178e-01 1.662032558802488957e-01
2.800000000000000266e-01 1.638560710950639210e-01
2.900000000000000355e-01 1.613599320088822675e-01
2.999999999999999889e-01 1.268395609585578065e-01
3.099999999999999978e-01 1.290798593869261213e-01
3.200000000000000067e-01 1.313227497577786895e-01
3.300000000000000155e-01 1.666560970350533522e-01
3.400000000000000244e-01 1.692958447071253314e-01
3.500000000000000333e-01 1.719423915586864027e-01
3.600000000000000422e-01 1.745994693164229228e-01
3.699999999999999956e-01 1.772779730757146621e-01
3.800000000000000044e-01 1.799728833639800130e-01
3.900000000000000133e-01 1.826857430158449203e-01
4.000000000000000222e-01 1.854181424560407410e-01
4.100000000000000311e-01 1.881817647119728432e-01
4.200000000000000400e-01 1.909647326956510072e-01
4.299999999999999933e-01 1.937642634897415173e-01
4.400000000000000022e-01 1.965771862058716402e-01
4.500000000000000111e-01 1.993796857462474814e-01
4.600000000000000200e-01 2.021953490064737347e-01
4.700000000000000289e-01 2.050289158516171717e-01
4.800000000000000377e-01 2.078855474442379558e-01
4.899999999999999911e-01 2.108026112728505208e-01
5.000000000000000000e-01 2.137428320455386221e-01
5.100000000000000089e-01 2.235095240651184534e-01
5.200000000000000178e-01 2.336035324541176905e-01
5.300000000000000266e-01 2.439433943684961026e-01
5.400000000000000355e-01 2.545993321891510952e-01
5.500000000000000444e-01 2.655844415765644673e-01
5.600000000000000533e-01 2.769130418135314908e-01
5.700000000000000622e-01 2.886007746693205478e-01
5.800000000000000711e-01 3.006647118527917550e-01
5.899999999999999689e-01 3.131234720767488988e-01
5.999999999999999778e-01 3.259973488810590792e-01
6.099999999999999867e-01 3.393697069649056486e-01
6.199999999999999956e-01 3.532026903837467424e-01
6.300000000000000044e-01 3.675156939533921197e-01
6.400000000000000133e-01 3.820640469548151064e-01
6.500000000000000222e-01 3.971047212579666974e-01
6.600000000000000311e-01 4.126584731923285676e-01
6.700000000000000400e-01 4.287472836218982897e-01
6.800000000000000488e-01 4.453944366382140974e-01
6.900000000000000577e-01 4.626721820724298828e-01
7.000000000000000666e-01 4.805584021725180510e-01
7.100000000000000755e-01 4.813775205236057730e-01
7.199999999999999734e-01 4.820990176914394798e-01
7.299999999999999822e-01 4.827218884910108865e-01
7.399999999999999911e-01 4.832451175572389235e-01
7.500000000000000000e-01 4.836676848047938293e-01
7.600000000000000089e-01 4.839885708985561807e-01
7.700000000000000178e-01 4.841368641336052936e-01
7.800000000000000266e-01 4.841878684606975014e-01
7.900000000000000355e-01 4.841473691429800663e-01
8.000000000000000444e-01 4.840211974497675707e-01
8.100000000000000533e-01 4.838152191357107945e-01
8.200000000000000622e-01 4.835353237347566058e-01
8.300000000000000711e-01 4.831874146768369016e-01
8.400000000000000799e-01 4.827774002305864065e-01
8.499999999999999778e-01 4.823350742681689063e-01
8.599999999999999867e-01 4.818398306401585618e-01
8.699999999999999956e-01 4.812953425368187155e-01
8.800000000000000044e-01 4.807053343455150451e-01
8.900000000000000133e-01 4.800735803271888313e-01
9.000000000000000222e-01 4.794039035858832509e-01
9.100000000000000311e-01 4.847907664243074066e-01
9.200000000000000400e-01 4.902082244468487504e-01
9.300000000000000488e-01 4.959861836396236567e-01
9.400000000000000577e-01 5.018098125480868754e-01
9.500000000000000666e-01 5.076776814645201918e-01
9.600000000000000755e-01 5.135882040113843860e-01
9.699999999999999734e-01 5.195396322991796545e-01
9.799999999999999822e-01 5.255300520416227306e-01
9.899999999999999911e-01 5.315573776464874722e-01
1.000000000000000000e+00 5.376193473016459556e-01
1.010000000000000009e+00 5.436823166591476797e-01
1.020000000000000018e+00 5.497745609123192434e-01
1.030000000000000027e+00 5.558956713828335783e-01
1.040000000000000036e+00 5.620452094653283215e-01
1.050000000000000044e+00 5.682227073154880737e-01
1.060000000000000053e+00 5.744276686130143084e-01
1.070000000000000062e+00 5.806595694030940447e-01
1.080000000000000071e+00 5.869178590201876711e-01
1.090000000000000080e+00 5.932019610980111546e-01
1.100000000000000089e+00 5.995112746688078253e-01
1.110000000000000098e+00 6.058916928363510257e-01
1.120000000000000107e+00 6.127211449556171363e-01
1.130000000000000115e+00 6.195815964160508171e-01
1.140000000000000124e+00 6.264690132765793340e-01
1.150000000000000133e+00 6.333791356086362345e-01
1.160000000000000142e+00 6.448136086862289451e-01
1.169999999999999929e+00 6.564103462269469391e-01
1.179999999999999938e+00 6.681668054966378723e-01
1.189999999999999947e+00 6.800800703828802085e-01
1.199999999999999956e+00 6.921468339496962274e-01
1.209999999999999964e+00 7.043546542935721355e-01
1.219999999999999973e+00 7.167082491038208047e-01
1.229999999999999982e+00 7.292036132655301817e-01
1.239999999999999991e+00 7.418363336503533967e-01
1.250000000000000000e+00 7.546015742255656189e-01
1.260000000000000009e+00 7.674940613716711990e-01
1.270000000000000018e+00 7.805080694832517985e-01
1.280000000000000027e+00 7.936374069306318946e-01
1.290000000000000036e+00 8.068754024659346991e-01
1.300000000000000044e+00 8.202148921613624521e-01
1.310000000000000053e+00 8.337637971242550794e-01
1.320000000000000062e+00 8.473946503789979712e-01
1.330000000000000071e+00 8.610911971470123216e-01
1.340000000000000080e+00 8.748362234293243223e-01
1.350000000000000089e+00 8.886115570378099182e-01
1.360000000000000098e+00 9.023980749858372397e-01
1.370000000000000107e+00 9.161757177724361156e-01
1.380000000000000115e+00 9.299235110792485326e-01
1.390000000000000124e+00 9.436195953733805819e-01
1.400000000000000133e+00 9.572412638757712422e-01
1.410000000000000142e+00 9.698852603074248346e-01
1.419999999999999929e+00 9.824404018717212139e-01
1.429999999999999938e+00 9.949389839085061027e-01
1.439999999999999947e+00 1.007414920260666813e+00
1.449999999999999956e+00 1.019903669573896110e+00
1.459999999999999964e+00 1.032442188932727545e+00
1.469999999999999973e+00 1.045068917613638071e+00
1.479999999999999982e+00 1.057823793678480451e+00
1.489999999999999991e+00 1.070748306152239149e+00
1.500000000000000000e+00 1.083885585639469351e+00
1.510000000000000009e+00 1.098667824488229305e+00
1.520000000000000018e+00 1.113703704920051774e+00
1.530000000000000027e+00 1.128954938553219156e+00
1.540000000000000036e+00 1.144381038096102809e+00
1.550000000000000044e+00 1.159939182703435545e+00
1.560000000000000053e+00 1.176494387537007968e+00
1.570000000000000062e+00 1.193128020489780283e+00
1.580000000000000071e+00 1.209790321333467977e+00
1.590000000000000080e+00 1.226427998092991078e+00
1.600000000000000089e+00 1.242984189586979760e+00
1.610000000000000098e+00 1.258198686623794638e+00
1.620000000000000107e+00 1.273243076775384175e+00
1.630000000000000115e+00 1.288129445040994359e+00
1.640000000000000124e+00 1.302871252266354141e+00
1.650000000000000133e+00 1.317483314395497374e+00
1.660000000000000142e+00 1.327678781356260718e+00
1.670000000000000151e+00 1.337687239168286357e+00
1.679999999999999938e+00 1.347528697966772437e+00
1.689999999999999947e+00 1.357224157094048422e+00
1.699999999999999956e+00 1.366795573701022448e+00
1.709999999999999964e+00 1.376764258836609800e+00
1.719999999999999973e+00 1.386633603121077751e+00
1.729999999999999982e+00 1.396396741714147183e+00
1.739999999999999991e+00 1.406046709017910734e+00
1.750000000000000000e+00 1.415576443852514466e+00
1.760000000000000009e+00 1.424978794984030905e+00
1.770000000000000018e+00 1.434246527008486538e+00
1.780000000000000027e+00 1.443372326594829058e+00
1.790000000000000036e+00 1.452348809086680070e+00
1.800000000000000044e+00 1.461168525465521562e+00
1.810000000000000053e+00 1.469571351481843813e+00
1.820000000000000062e+00 1.477814548391020999e+00
1.830000000000000071e+00 1.485906404601332387e+00
1.840000000000000080e+00 1.493855537176920434e+00
1.850000000000000089e+00 1.501670880985484846e+00
1.860000000000000098e+00 1.509361678319416145e+00
1.870000000000000107e+00 1.516937469049639109e+00
1.880000000000000115e+00 1.524408081367190526e+00
1.890000000000000124e+00 1.531783623167821240e+00
1.900000000000000133e+00 1.539074474130081693e+00
1.910000000000000142e+00 1.546612225274047958e+00
1.920000000000000151e+00 1.554070836524419352e+00
1.929999999999999938e+00 1.561441429207790499e+00
1.939999999999999947e+00 1.568714954415731055e+00
1.949999999999999956e+00 1.575882198356740815e+00
1.959999999999999964e+00 1.582933788434831568e+00
1.969999999999999973e+00 1.589860200075992935e+00
1.979999999999999982e+00 1.596651764318602451e+00
1.989999999999999991e+00 1.603298676187808525e+00
2.000000000000000000e+00 1.609791003866719805e+00
2.009999999999999787e+00 1.615422695040554135e+00
2.020000000000000018e+00 1.620895738915047790e+00
2.029999999999999805e+00 1.626220510929026197e+00
2.040000000000000036e+00 1.631407606722715453e+00
2.049999999999999822e+00 1.636467830311639560e+00
2.059999999999999609e+00 1.641412183049919093e+00
2.069999999999999840e+00 1.646251853422242561e+00
2.079999999999999627e+00 1.650998207703222587e+00
2.089999999999999858e+00 1.655662781516408222e+00
2.099999999999999645e+00 1.660257272326895350e+00
2.109999999999999876e+00 1.665044830801413855e+00
2.119999999999999662e+00 1.669772451547398173e+00
2.129999999999999893e+00 1.674436791406716640e+00
2.139999999999999680e+00 1.679034468726264606e+00
2.149999999999999911e+00 1.683562064611629605e+00
2.159999999999999698e+00 1.688016124273721719e+00
2.169999999999999929e+00 1.692393158465871572e+00
2.179999999999999716e+00 1.696689645016036252e+00
2.189999999999999947e+00 1.700902030453591784e+00
2.199999999999999734e+00 1.705026731733588097e+00
2.209999999999999964e+00 1.709075925271608343e+00
2.200000000000000178e+00 1.705026731733588319e+00
2.222784810126582578e+00 1.714252742326545675e+00
2.245569620253164533e+00 1.723478752919502810e+00
2.268354430379746933e+00 1.732704763512460167e+00
2.291139240506329333e+00 1.741930774105417523e+00
2.313924050632911733e+00 1.751156784698374880e+00
2.336708860759493689e+00 1.760382795291332236e+00
2.359493670886076089e+00 1.769608805884289371e+00
2.382278481012658489e+00 1.778834816477246950e+00
2.405063291139240889e+00 1.788060827070204084e+00
2.427848101265822844e+00 1.797286837663161219e+00
2.450632911392405244e+00 1.806512848256118797e+00
2.473417721518987644e+00 1.815738858849076154e+00
2.496202531645569600e+00 1.824964869442033288e+00
2.518987341772152000e+00 1.834190880034990645e+00
2.541772151898734400e+00 1.843416890627948002e+00
2.564556962025316800e+00 1.852642901220905358e+00
2.587341772151898756e+00 1.861868911813862493e+00
2.610126582278481155e+00 1.871094922406819849e+00
2.632911392405063555e+00 1.880320932999777206e+00
2.655696202531645511e+00 1.889546943592734340e+00
2.678481012658227911e+00 1.898772954185691697e+00
2.701265822784810311e+00 1.907998964778649054e+00
2.724050632911392711e+00 1.917224975371606410e+00
2.746835443037974667e+00 1.926450985964563767e+00
2.769620253164557067e+00 1.935676996557521123e+00
2.792405063291139466e+00 1.944903007150478480e+00
2.815189873417721422e+00 1.954129017743435615e+00
2.837974683544303822e+00 1.963355028336392971e+00
2.860759493670886222e+00 1.972581038929350328e+00
2.883544303797468622e+00 1.981807049522307684e+00
2.906329113924050578e+00 1.991033060115264819e+00
2.929113924050632978e+00 2.000259070708222175e+00
2.951898734177215378e+00 2.009485081301179754e+00
2.974683544303797333e+00 2.018711091894136445e+00
2.997468354430379733e+00 2.027937102487094023e+00
3.020253164556962133e+00 2.037163113080051602e+00
3.043037974683544533e+00 2.046389123673008736e+00
3.065822784810126489e+00 2.055615134265965871e+00
3.088607594936708889e+00 2.064841144858923450e+00
3.111392405063291289e+00 2.074067155451880584e+00
3.134177215189873245e+00 2.083293166044837719e+00
3.156962025316455644e+00 2.092519176637795297e+00
3.179746835443038044e+00 2.101745187230752876e+00
3.202531645569620444e+00 2.110971197823710011e+00
3.225316455696202844e+00 2.120197208416667145e+00
3.248101265822784800e+00 2.129423219009624724e+00
3.270886075949367200e+00 2.138649229602581858e+00
3.293670886075949156e+00 2.147875240195538993e+00
3.316455696202531556e+00 2.157101250788496571e+00
3.339240506329113956e+00 2.166327261381453706e+00
3.362025316455696355e+00 2.175553271974410841e+00
3.384810126582278755e+00 2.184779282567368419e+00
3.407594936708860711e+00 2.194005293160325554e+00
3.430379746835443111e+00 2.203231303753282688e+00
3.453164556962025067e+00 2.212457314346240267e+00
3.475949367088607467e+00 2.221683324939197846e+00
3.498734177215189867e+00 2.230909335532154980e+00
3.521518987341772267e+00 2.240135346125112115e+00
3.544303797468354666e+00 2.249361356718069693e+00
3.567088607594936622e+00 2.258587367311026828e+00
3.589873417721519022e+00 2.267813377903983962e+00
3.612658227848100978e+00 2.277039388496941541e+00
3.635443037974683378e+00 2.286265399089898676e+00
3.658227848101265778e+00 2.295491409682855810e+00
3.681012658227848178e+00 2.304717420275813389e+00
3.703797468354430578e+00 2.313943430868770967e+00
3.726582278481012533e+00 2.323169441461727658e+00
3.749367088607594933e+00 2.332395452054685236e+00
3.772151898734176889e+00 2.341621462647642815e+00
3.794936708860759289e+00 2.350847473240599950e+00
3.817721518987341689e+00 2.360073483833557084e+00
3.840506329113924089e+00 2.369299494426514663e+00
3.863291139240506489e+00 2.378525505019472241e+00
3.886075949367088445e+00 2.387751515612428932e+00
3.908860759493670844e+00 2.396977526205386511e+00
3.931645569620252800e+00 2.406203536798343645e+00
3.954430379746835200e+00 2.415429547391300780e+00
3.977215189873417600e+00 2.424655557984258358e+00
4.000000000000000000e+00 2.433881568577215937e+00
