1.068972770043067985e-07
1.535210805449384915e-06
2.951546793043379783e-06
4.354702742047269512e-06
5.743532019688949857e-06
7.116918234978970470e-06
8.473798284873022669e-06
9.813147642250493832e-06
1.113398289925321748e-05
1.243536311763384526e-05
1.371640916464614159e-05
1.497623928888838179e-05
1.621402681820395937e-05
1.742901313214133518e-05
1.862045217540763938e-05
1.978761548771797396e-05
2.092984246890520401e-05
2.204650513105871446e-05
2.313700566281156443e-05
2.420075084339790231e-05
2.523723960929427149e-05
2.624591795591696457e-05
2.722637325518829286e-05
2.817808097683212608e-05
2.910068595232940495e-05
2.999378354489549625e-05
3.085700287204362619e-05
3.168997547209008767e-05
3.249248280215062814e-05
3.326412718118626250e-05
3.400471156230875123e-05
3.471396194556688054e-05
3.539167295904061878e-05
3.603768923674551780e-05
3.665168533786678466e-05
3.723364532802993297e-05
3.778336608261782689e-05
3.830073100201240345e-05
3.878561308409712307e-05
3.923793617940772870e-05
3.965760824935407180e-05
4.004460849206811177e-05
4.039882456624772808e-05
4.072026944682104589e-05
4.100888656245342588e-05
4.126467825556526768e-05
4.148766957539656337e-05
4.167782068651917785e-05
4.183519568803022821e-05
4.195981115625509623e-05
4.205171120549406157e-05
4.211098331259594115e-05
4.213754707956950552e-05
4.213165513009738827e-05
4.209328280899711885e-05
4.202251714007570815e-05
4.191946270697074372e-05
4.178421607149606829e-05
4.161684354331984673e-05
4.141751813243405906e-05
4.118632501260345460e-05
4.092334807615806685e-05
4.062873033087776925e-05
4.030259357545661032e-05
3.994508415613155132e-05
3.955635879501619119e-05
3.913648439972679098e-05
3.868563370434803620e-05
3.820397215288713513e-05
3.769171431503771821e-05
3.714885522576443779e-05
3.657564830785130634e-05
3.597224313058071865e-05
3.533881014133736283e-05
3.467553488732994676e-05
3.398259158175410451e-05
3.326023742683969391e-05
3.250871285960068219e-05
3.172831332499076809e-05
3.091945140647913803e-05
3.008256435237912691e-05
2.921831217735755280e-05
2.832740354463946856e-05
2.741079937656712716e-05
2.646970951432451062e-05
2.550564911130219866e-05
2.452034101018087033e-05
2.351590051932399720e-05
2.249484861819170742e-05
2.146008164736255781e-05
2.041483341077463497e-05
1.936271100090940868e-05
1.830763577197495537e-05
1.725386178011691166e-05
1.620583331833146164e-05
1.516810576815174029e-05
1.414532393803709933e-05
1.314214154240528753e-05
1.216303808638728521e-05
1.121231705455825360e-05
1.029395786937673187e-05
9.411586798879806759e-06
8.568426319108236687e-06
7.767155508468910564e-06
7.009918120487534465e-06
6.298352961834183096e-06
5.633505224810551064e-06
5.015869603265774875e-06
4.445387845661209684e-06
3.921484289954746455e-06
3.443155636325204669e-06
3.008973282331290862e-06
2.617150538789344126e-06
2.265597090536389322e-06
1.951988773218127865e-06
1.673840147793309898e-06
1.428552496033924959e-06
1.213474600905078510e-06
1.025948529601467041e-06
8.633597675466978529e-07
7.231725744584113224e-07
6.029623198796337519e-07
5.004432781331893458e-07
4.134796438349202134e-07
3.401015877305529148e-07
2.785101982352735133e-07
2.270772183056507661e-07
1.843444124302611970e-07
1.490175093646344592e-07
1.199558418891607111e-07
9.616355215653406051e-08
7.677694658328339390e-08
6.105366452205857683e-08
4.835955164731303723e-08
3.815665916144595144e-08
2.999233793365200523e-08
2.348709292520941639e-08
1.832555225391054117e-08
1.424703982781205012e-08
1.103731681520917130e-08
8.521267042543632423e-09
6.556543423074283871e-09
5.028140231632158002e-09
3.843552741181222428e-09
2.928720837985314985e-09
2.224721761767099458e-09
1.684831976509445873e-09
1.272173495934180064e-09
9.578027682030790303e-10
7.190750348065830165e-10
5.383567411813299733e-10
4.019674910150759240e-10
2.993389613023962794e-10
2.223407553110939763e-10
1.647341482727629617e-10
1.217535948774544141e-10
8.977217954456564655e-11
6.603742710141675683e-11
4.846765787645488900e-11
3.549380748524507774e-11
2.593692151928386106e-11
1.891352246094274826e-11
1.376385616931268748e-11
9.996470835127007638e-12
7.246265510526186121e-12
5.242874929006455628e-12
3.786422855856101448e-12
2.729711725146647525e-12
1.964531711633345838e-12
1.411483208005580983e-12
1.012486556518353154e-12
7.251346428157960454e-13
5.185450822658147838e-13
3.702659971169724000e-13
2.640072083211869019e-13
1.879834214267889529e-13
1.336727864862191427e-13
9.492922975813655175e-14
6.733038725735563570e-14
4.769780988138472020e-14
3.375000010517012312e-14
2.385398185727099565e-14
1.684130866235891042e-14
1.187771191338163917e-14
8.368558683673437192e-15
5.890406166238753901e-15
4.142211896563637061e-15
2.910233753777022306e-15
2.042897807016276138e-15
1.432863788441050401e-15
1.004194471245984341e-15
7.032326616591800852e-16
4.921096830688322962e-16
3.441290642998698278e-16
2.404873611573655635e-16
1.679521551310000949e-16
1.172235084882690359e-16
8.177010671695031343e-17
5.700801337845188885e-17
3.972388793172076203e-17
2.766643411659477707e-17
1.926013101648649647e-17
1.340195851879982289e-17
9.321653779228773444e-18
6.481161261953450484e-18
4.504596633902099837e-18
3.129791197932065385e-18
2.173865309377534972e-18
1.509473603273000654e-18
1.047847514794482153e-18
7.272251138756078644e-19
5.045932060421823656e-19
3.500410758937306337e-19
2.427854946583573419e-19
1.683659611415184531e-19
1.167405351762910869e-19
8.093496541419832267e-20
5.610529648007070618e-20
3.888953309758684415e-20
2.695454514563748536e-20
1.868137191329624882e-20
1.294703212851510322e-20
8.972635258883475565e-21
6.218281756177499066e-21
4.309506474745369746e-21
2.986702000844992128e-21
2.070019109339120670e-21
1.434766842378799531e-21
9.945370577128800445e-22
6.894289933651974730e-22
4.779674474562976600e-22
3.313994824280921506e-22
2.298004363550962827e-22
1.593690685285311990e-22
1.105369894401157502e-22
7.667665412437235718e-23
5.319373945734926305e-23
3.690632743101847224e-23
2.560837636670062773e-23
1.777385222569729588e-23
1.233133814256731099e-23
8.556488264631041283e-24
5.936088360686393623e-24
4.116993179962959429e-24
2.854007323382412302e-24
1.976889708197159355e-24
1.367793114736375174e-24
9.449380206920303465e-25
6.513769633227937023e-25
4.478824663224134083e-25
3.069827140807276794e-25
2.094642928950635928e-25
1.425872013301434364e-25
9.603928741462575423e-26
6.422858810295850818e-26
4.321374819643070805e-26
2.967474831521636920e-26
2.036033608949443782e-26
1.388540232586639880e-26
9.394851845818790391e-27
6.284001191077956172e-27
4.139425327606389395e-27
2.667477049929062328e-27
1.667790748565118852e-27
9.893915879185750754e-28
5.530988228491470595e-28
2.535124534686725775e-28
7.263224151152924858e-29
2.820210231270666312e-30
2.288756833841795064e-32
0.000000000000000000e+00
0.000000000000000000e+00
0.000000000000000000e+00
0.000000000000000000e+00
0.000000000000000000e+00
0.000000000000000000e+00
0.000000000000000000e+00
0.000000000000000000e+00
0.000000000000000000e+00
0.000000000000000000e+00
0.000000000000000000e+00
0.000000000000000000e+00
0.000000000000000000e+00
0.000000000000000000e+00
0.000000000000000000e+00
0.000000000000000000e+00
0.000000000000000000e+00
0.000000000000000000e+00
0.000000000000000000e+00
0.000000000000000000e+00
0.000000000000000000e+00
0.000000000000000000e+00
0.000000000000000000e+00
0.000000000000000000e+00
0.000000000000000000e+00
0.000000000000000000e+00
0.000000000000000000e+00
0.000000000000000000e+00
0.000000000000000000e+00
