1.071964292989891013e-07
1.207387476049094078e-05
2.055099805710675949e-05
2.486067226993830831e-05
2.465192681109190751e-05
1.982362767315464549e-05
1.117093692631571921e-05
3.447821934174722562e-06
5.256805680270670721e-07
4.264773169408271515e-08
2.066606833960335946e-09
6.660448824643120606e-11
1.579100775667847420e-12
3.017928472482048280e-14
5.023438223518040934e-16
7.747013880539363210e-18
1.160842268955430597e-19
1.751460515457517761e-21
2.725321655332766971e-23
4.104368908783550027e-25
1.153883271961751937e-31
2.510158519373204696e-26
5.991210991611987549e-26
9.689287742724999844e-26
1.358092805213181273e-25
