1.703553093879901044e-03
5.570810033250552351e+01
2.106773544609632438e+02
3.173807891430872701e+02
1.164369418498489210e+02
1.177069076362199596e+01
4.474560302136371126e-01
7.662045889222218568e-03
7.584659687307741696e-05
5.444313983217927939e-07
3.347459203059431815e-09
1.976285317064935124e-11
1.208719732444206739e-13
8.045357244498349294e-16
6.011106271954022065e-18
5.135142202060198240e-20
5.065475996185350608e-22
5.793069666306143007e-24
7.681766186456802774e-26
1.178102067331708894e-27
2.080843974170304586e-29
4.210490532288377037e-31
9.702729119860501819e-33
2.530570723430724004e-34
7.422638658946595917e-36
