1.069544787954400443e-07
8.201022597722118076e-06
7.078000727641886254e-06
2.513663281317571989e-06
3.338896241614503494e-07
1.781695892513605853e-08
4.218913243289520405e-10
5.191229781654074457e-12
4.113217710412918815e-14
2.539108840298711912e-16
1.407564247480530465e-18
7.734426590920393458e-21
4.500592983336543549e-23
2.894655023340559159e-25
2.113307259394863844e-27
1.778483188647649128e-29
1.738594821002526226e-31
1.979046815293513512e-33
2.614678971981985008e-35
3.677813180459696257e-37
1.025849878668354869e-43
2.239924362259244716e-38
5.354209275984445764e-38
8.663775346186388155e-38
1.214665096479471220e-37
