1.000000000000000021e-03 1.069539054934162320e-07
1.437458193979933296e-02 1.475307601733117418e-06
2.774916387959866504e-02 2.726044383321612469e-06
4.112374581939799711e-02 3.856672203030603222e-06
5.449832775919732919e-02 4.865541620193807952e-06
6.787290969899666127e-02 5.751847313679430252e-06
8.124749163879599334e-02 6.515697038271636466e-06
9.462207357859532542e-02 7.158129858484225670e-06
1.079966555183946575e-01 7.681169363008089347e-06
1.213712374581939896e-01 8.087670597453034348e-06
1.347458193979933216e-01 8.381376663723733397e-06
1.481204013377926398e-01 8.566850670684962590e-06
1.614949832775919858e-01 8.649433310418411046e-06
1.748695652173913317e-01 8.635199979782905733e-06
1.882441471571906499e-01 8.530914746973500737e-06
2.016187290969899681e-01 8.343981716032642347e-06
2.149933110367893141e-01 8.082415387686058488e-06
2.283678929765886600e-01 7.754740772744391761e-06
2.417424749163879782e-01 7.370044601409929283e-06
2.551170568561872964e-01 6.937732869269232166e-06
2.684916387959866424e-01 6.467707383655250421e-06
2.818662207357859883e-01 5.970036306788608640e-06
2.952408026755852788e-01 5.454907410823484216e-06
3.086153846153846247e-01 4.932422673689101927e-06
3.219899665551839707e-01 4.412383403211543439e-06
3.353645484949833167e-01 3.903984136017413585e-06
3.487391304347826626e-01 3.415554496484318258e-06
3.621137123745819530e-01 2.954260499384217317e-06
3.754882943143812990e-01 2.525871709094644078e-06
3.888628762541806450e-01 2.134604996216968106e-06
4.022374581939799354e-01 1.783051798917057140e-06
4.156120401337792813e-01 1.472221031118652181e-06
4.289866220735786273e-01 1.201687720105468516e-06
4.423612040133779733e-01 9.698062252016129438e-07
4.557357859531773192e-01 7.739778307683419611e-07
4.691103678929766096e-01 6.109541726354957277e-07
4.824849498327759556e-01 4.770857837087739248e-07
4.958595317725753016e-01 3.686386214906880108e-07
5.092341137123745920e-01 2.819114711852707789e-07
5.226086956521739380e-01 2.133757899895242111e-07
5.359832775919732839e-01 1.598690762918752963e-07
5.493578595317726299e-01 1.185932876909339641e-07
5.627324414715719758e-01 8.709616104070512404e-08
5.761070234113713218e-01 6.335246001820992276e-08
5.894816053511705567e-01 4.563335630521243080e-08
6.028561872909699026e-01 3.255393855626481546e-08
6.162307692307692486e-01 2.299406976290525720e-08
6.296053511705685946e-01 1.609156948731778217e-08
6.429799331103679405e-01 1.115818551118705129e-08
6.563545150501672865e-01 7.663028486413116408e-09
6.697290969899666324e-01 5.216231422011671823e-09
6.831036789297659784e-01 3.519902036798474164e-09
6.964782608695653243e-01 2.353879991594058414e-09
7.098528428093645593e-01 1.560413352201138595e-09
7.232274247491639052e-01 1.026421862806349475e-09
7.366020066889632512e-01 6.695789285526599219e-10
7.499765886287625971e-01 4.334094442604694763e-10
7.633511705685619431e-01 2.783546264709863998e-10
7.767257525083612890e-01 1.773825459949421737e-10
7.901003344481606350e-01 1.123758844726505556e-10
8.034749163879598699e-01 7.073445094395365537e-11
8.168494983277592159e-01 4.416732369782827343e-11
8.302240802675585618e-01 2.741579696133465502e-11
8.435986622073579078e-01 1.693806383338759971e-11
8.569732441471572537e-01 1.038916613500258142e-11
8.703478260869565997e-01 6.349846023777890099e-12
8.837224080267559456e-01 3.856795854581098607e-12
8.970969899665552916e-01 2.327687408597232493e-12
9.104715719063546375e-01 1.402121074690889614e-12
9.238461538461538725e-01 8.406593151924871125e-13
9.372207357859532184e-01 5.012032526362279272e-13
9.505953177257525644e-01 2.977727913506409590e-13
9.639698996655519103e-01 1.764709573411077998e-13
9.773444816053512563e-01 1.041612588259304088e-13
9.907190635451506022e-01 6.120413161791943117e-14
1.004093645484949837e+00 3.595216873120789123e-14
1.017468227424749072e+00 2.102768752174811219e-14
1.030842809364548529e+00 1.225071676265162675e-14
1.044217391304347764e+00 7.141040732195543904e-15
1.057591973244147221e+00 4.150910153805745258e-15
1.070966555183946456e+00 2.402644984035276971e-15
1.084341137123745691e+00 1.389669712247401227e-15
1.097715719063545148e+00 8.040732271983756593e-16
1.111090301003344383e+00 4.635352225039202510e-16
1.124464882943143840e+00 2.665765239745719558e-16
1.137839464882943075e+00 1.535718553541222340e-16
1.151214046822742532e+00 8.827927213269775613e-17
1.164588628762541767e+00 5.063398148024911633e-17
1.177963210702341001e+00 2.907557127259264828e-17
1.191337792642140458e+00 1.667205167538203151e-17
1.204712374581939693e+00 9.545080099570632725e-18
1.218086956521739150e+00 5.466935683634325007e-18
1.231461538461538385e+00 3.133728828003551187e-18
1.244836120401337842e+00 1.793385929045208235e-18
1.258210702341137077e+00 1.024252081965191962e-18
1.271585284280936534e+00 5.874110254128094874e-19
1.284959866220735769e+00 3.364841776844579473e-19
1.298334448160535004e+00 1.924191264462341552e-19
1.311709030100334461e+00 1.101693151616999248e-19
1.325083612040133696e+00 6.316783428916510911e-20
1.338458193979933153e+00 3.619579247223899460e-20
1.351832775919732388e+00 2.073337334524978174e-20
1.365207357859531845e+00 1.190931704387720635e-20
1.378581939799331080e+00 6.832909541975587749e-21
1.391956521739130537e+00 3.919834397675050293e-21
1.405331103678929772e+00 2.257535930093244624e-21
1.418705685618729007e+00 1.299467495815803282e-21
1.432080267558528464e+00 7.469667260256421136e-22
1.445454849498327698e+00 4.306647950477825036e-22
1.458829431438127155e+00 2.488214718091323489e-22
1.472204013377926390e+00 1.436125552488123291e-22
1.485578595317725847e+00 8.293048268270137955e-23
1.498953177257525082e+00 4.804676362359707859e-23
1.512327759197324317e+00 2.785210859582723104e-23
1.525702341137123774e+00 1.614145031398005958e-23
1.539076923076923009e+00 9.385836677046218117e-24
1.552451505016722466e+00 5.457504862374433495e-24
1.565826086956521701e+00 3.176369424977659134e-24
1.579200668896321158e+00 1.853029568669740945e-24
1.592575250836120393e+00 1.082963375868960868e-24
1.605949832775919628e+00 6.329255157586254720e-25
1.619324414715719085e+00 3.700873161924907719e-25
1.632698996655518320e+00 2.174130084688915416e-25
1.646073578595317777e+00 1.277465078775235928e-25
1.659448160535117012e+00 7.504489437238454611e-26
1.672822742474916469e+00 4.420361622634796736e-26
1.686197324414715704e+00 2.610357905621049018e-26
1.699571906354515161e+00 1.542275570974838206e-26
1.712946488294314396e+00 9.123963707140517848e-27
1.726321070234113630e+00 5.412111019361026854e-27
1.739695652173913087e+00 3.212024709949142093e-27
1.753070234113712322e+00 1.908654536837316665e-27
1.766444816053511779e+00 1.138707005825874811e-27
1.779819397993311014e+00 6.794447290618312773e-28
1.793193979933110471e+00 4.053554930417311786e-28
1.806568561872909706e+00 2.428931852006683447e-28
1.819943143812709163e+00 1.458110038674454168e-28
1.833317725752508398e+00 8.753422733451224616e-29
1.846692307692307633e+00 5.262736035172345610e-29
1.860066889632107090e+00 3.174430473895053838e-29
1.873441471571906325e+00 1.917251007724759317e-29
1.886816053511705782e+00 1.158534415239272275e-29
1.900190635451505017e+00 7.024425498319465778e-30
1.913565217391304474e+00 4.260312190131569337e-30
1.926939799331103709e+00 2.590027356761054475e-30
1.940314381270902944e+00 1.578387363037371333e-30
1.953688963210702401e+00 9.633486617382512070e-31
1.967063545150501636e+00 5.883125504204472323e-31
1.980438127090301093e+00 3.599618455838229888e-31
1.993812709030100327e+00 2.210254168640559960e-31
2.007187290969899784e+00 1.358061905631953741e-31
2.020561872909699019e+00 8.347828108984494910e-32
2.033936454849498254e+00 5.145324141262036251e-32
2.047311036789297489e+00 3.181199926428825246e-32
2.060685618729097168e+00 1.967891864269571694e-32
2.074060200668896403e+00 1.219418099645751264e-32
2.087434782608695638e+00 7.571025403263051973e-33
2.100809364548494873e+00 4.707881440313490592e-33
2.114183946488294552e+00 2.932243745683908179e-33
2.127558528428093787e+00 1.831410216580063957e-33
2.140933110367893022e+00 1.144497694421625799e-33
2.154307692307692257e+00 7.157386602651665307e-34
2.167682274247491492e+00 4.495646081181400239e-34
2.181056856187291171e+00 2.826916126562874031e-34
2.194431438127090406e+00 1.778547784835074973e-34
2.207806020066889641e+00 1.120809355582774042e-34
2.221180602006688876e+00 7.084265220294402604e-35
2.234555183946488555e+00 4.483160232654120166e-35
2.247929765886287790e+00 2.839690947877773834e-35
2.261304347826087024e+00 1.803146441590831141e-35
2.274678929765886259e+00 1.146264057720905479e-35
2.288053511705685494e+00 7.303808865487611977e-36
2.301428093645485173e+00 4.663189040438591432e-36
2.314802675585284408e+00 2.980782814796354028e-36
2.328177257525083643e+00 1.906890550138280279e-36
2.341551839464882878e+00 1.222960211756045872e-36
2.354926421404682113e+00 7.860845254511575177e-37
2.368301003344481792e+00 5.057015114956345201e-37
2.381675585284281027e+00 3.255511051148148785e-37
2.395050167224080262e+00 2.102226074663281685e-37
2.408424749163879497e+00 1.360299343637801618e-37
2.421799331103679176e+00 8.808871187980516918e-38
2.435173913043478411e+00 5.713715180303752196e-38
2.448548494983277646e+00 3.711272524788915255e-38
2.461923076923076881e+00 2.415538508339542521e-38
2.475297658862876116e+00 1.574321664638538270e-38
2.488672240802675795e+00 1.027973068822325299e-38
2.502046822742475030e+00 6.718560365129648231e-39
2.515421404682274265e+00 4.397945243413652097e-39
2.528795986622073499e+00 2.887354129236020961e-39
2.542170568561873178e+00 1.897373619503458602e-39
2.555545150501672413e+00 1.247778131540477970e-39
2.568919732441471648e+00 8.218383732944458091e-40
2.582294314381270883e+00 5.427148445522627021e-40
2.595668896321070118e+00 3.587140236503284284e-40
2.609043478260869797e+00 2.373513658595629807e-40
2.622418060200669032e+00 1.573585892558293641e-40
2.635792642140468267e+00 1.044918676297081791e-40
2.649167224080267502e+00 6.949829349702558848e-41
2.662541806020067181e+00 4.629891541088688951e-41
2.675916387959866416e+00 3.087435128730019894e-41
2.689290969899665651e+00 2.060691650615944235e-41
2.702665551839464886e+00 1.378854756245003665e-41
2.716040133779264121e+00 9.238413048308747124e-42
2.729414715719063800e+00 6.195467215551229871e-42
2.742789297658863035e+00 4.160459872332675232e-42
2.756163879598662270e+00 2.799986543280589838e-42
2.769538461538461505e+00 1.887170280938578344e-42
2.782913043478261184e+00 1.273078957202903588e-42
2.796287625418060419e+00 8.599878943688968623e-43
2.809662207357859653e+00 5.816427666244380904e-43
2.823036789297658888e+00 3.940964458959418132e-43
2.836411371237458123e+00 2.673278134571991650e-43
2.849785953177257802e+00 1.816221382833642592e-43
2.863160535117057037e+00 1.235308196520176574e-43
2.876535117056856272e+00 8.414747353901018392e-44
2.889909698996655507e+00 5.742494500044014993e-44
2.903284280936454742e+00 3.922365901115427805e-44
2.916658862876254421e+00 2.681764255078323814e-44
2.930033444816053656e+00 1.836125048338705875e-44
2.943408026755852891e+00 1.259450640372282163e-44
2.956782608695652126e+00 8.646413121060030789e-45
2.970157190635451805e+00 5.944137175671308131e-45
2.983531772575251040e+00 4.092501320913575281e-45
2.996906354515050275e+00 2.821717837177461535e-45
3.010280936454849510e+00 1.947707685614929128e-45
3.023655518394648745e+00 1.346148895832006810e-45
3.037030100334448424e+00 9.311732751390405671e-46
3.050404682274247659e+00 6.449958326400619317e-46
3.063779264214046893e+00 4.474803088287552090e-46
3.077153846153846128e+00 3.107793161674588677e-46
3.090528428093645807e+00 2.161159070425041192e-46
3.103903010033445042e+00 1.504209411815841655e-46
3.117277591973244277e+00 1.048964534472373542e-46
3.130652173913043512e+00 7.322510887452647303e-47
3.144026755852842747e+00 5.115815551102786727e-47
3.157401337792642426e+00 3.578384588252488716e-47
3.170775919732441661e+00 2.505683492018265935e-47
3.184150501672240896e+00 1.757089919912351906e-47
3.197525083612040131e+00 1.233711645239581531e-47
3.210899665551839366e+00 8.671813852894253026e-48
3.224274247491639045e+00 6.101461645868653558e-48
3.237648829431438280e+00 4.298442301290315637e-48
3.251023411371237515e+00 3.032073184182338775e-48
3.264397993311036750e+00 2.141046320800374110e-48
3.277772575250836429e+00 1.512973905117571874e-48
3.291147157190635664e+00 1.070611331805866838e-48
3.304521739130434899e+00 7.583983101425936254e-49
3.317896321070234134e+00 5.378706409146017486e-49
3.331270903010033368e+00 3.819567153967904935e-49
3.344645484949833047e+00 2.714553289955116534e-49
3.358020066889632282e+00 1.931814140842729295e-49
3.371394648829431517e+00 1.375979833906950076e-49
3.384769230769230752e+00 9.809927526479224074e-50
3.398143812709030431e+00 7.002870191587888881e-50
3.411518394648829666e+00 5.003318876191700245e-50
3.424892976588628901e+00 3.578800346251755256e-50
3.438267558528428136e+00 2.562959129014680775e-50
3.451642140468227371e+00 1.836679131408853711e-50
3.465016722408027050e+00 1.318125915158260553e-50
3.478391304347826285e+00 9.469163315952454335e-51
3.491765886287625520e+00 6.807739174086038542e-51
3.505140468227424755e+00 4.899426601649483129e-51
3.518515050167224434e+00 3.528382993719405384e-51
3.531889632107023669e+00 2.545150509742880681e-51
3.545264214046822904e+00 1.837394386935775880e-51
3.558638795986622139e+00 1.327451533218173668e-51
3.572013377926421374e+00 9.601531136727631395e-52
3.585387959866221053e+00 6.947762657930217576e-52
3.598762541806020288e+00 5.035023798655422060e-52
3.612137123745819522e+00 3.651837105908255839e-52
3.625511705685618757e+00 2.649775286776585610e-52
3.638886287625418436e+00 1.924782080404291744e-52
3.652260869565217671e+00 1.398756216900200393e-52
3.665635451505016906e+00 1.017558648678928048e-52
3.679010033444816141e+00 7.407688184297266895e-53
3.692384615384615376e+00 5.394016012325317392e-53
3.705759197324415055e+00 3.930414008683217669e-53
3.719133779264214290e+00 2.863691909249453729e-53
3.732508361204013525e+00 2.086861146955532223e-53
3.745882943143812760e+00 1.520419902380225534e-53
3.759257525083611995e+00 1.106792625778667095e-53
3.772632107023411674e+00 8.052546770949845645e-54
3.786006688963210909e+00 5.848283436340872864e-54
3.799381270903010144e+00 4.237309360344794779e-54
3.812755852842809379e+00 3.061495431552640340e-54
3.826130434782609058e+00 2.201629691230846821e-54
3.839505016722408293e+00 1.574365163742016478e-54
3.852879598662207528e+00 1.117290130917557323e-54
3.866254180602006763e+00 7.847312678348328388e-55
3.879628762541805997e+00 5.436950969453652455e-55
3.893003344481605676e+00 3.697868153115699038e-55
3.906377926421404911e+00 2.452588177474951004e-55
3.919752508361204146e+00 1.570922529413567829e-55
3.933127090301003381e+00 9.570642467085787499e-56
3.946501672240803060e+00 5.408060225636716833e-56
3.959876254180602295e+00 2.701577341938134002e-56
3.973250836120401530e+00 1.072682761033623082e-56
3.986625418060200765e+00 2.409335979499021387e-57
4.000000000000000000e+00 0.000000000000000000e+00
