1.000000000000000048e-04 1.072421251796186521e-08
1.342966666666666614e-02 1.382134999334453372e-06
2.675933333333333289e-02 2.636228563268429629e-06
4.008899999999999963e-02 3.770514633493271096e-06
5.341866666666666985e-02 4.783273656728707266e-06
6.674833333333334007e-02 5.673657395367666639e-06
8.007799999999999641e-02 6.441750885329380960e-06
9.340766666666666662e-02 7.088544315632218517e-06
1.067373333333333368e-01 7.615997920186650152e-06
1.200670000000000071e-01 8.026903510123318248e-06
1.333966666666666634e-01 8.324994924372680657e-06
1.467263333333333197e-01 8.514787121372234942e-06
1.600559999999999761e-01 8.601597321403588189e-06
1.733856666666666602e-01 8.591465101500588174e-06
1.867153333333333165e-01 8.491143608027776444e-06
2.000450000000000006e-01 8.307989362477979068e-06
2.133746666666666569e-01 8.050018363264999148e-06
2.267043333333333133e-01 7.725774585720095137e-06
2.400339999999999974e-01 7.344281474765955441e-06
2.533636666666666537e-01 6.915028973830500381e-06
2.666933333333333378e-01 6.447836457420249385e-06
2.800229999999999664e-01 5.952795864351452842e-06
2.933526666666666505e-01 5.440116108141955312e-06
3.066823333333333346e-01 4.919917154212148161e-06
3.200119999999999632e-01 4.401962567006079797e-06
3.333416666666666472e-01 3.895470164860295783e-06
3.466713333333333313e-01 3.408778641316524144e-06
3.600010000000000154e-01 2.949021685787887016e-06
3.733306666666666440e-01 2.522001269340460660e-06
3.866603333333333281e-01 2.131904353009072874e-06
3.999900000000000122e-01 1.781332167028935389e-06
4.133196666666666408e-01 1.471287224926675885e-06
4.266493333333333249e-01 1.201393591374152230e-06
4.399790000000000090e-01 9.699754135967608547e-07
4.533086666666666376e-01 7.744764598990839723e-07
4.666383333333333217e-01 6.116611509670638704e-07
4.799680000000000057e-01 4.779195022510978622e-07
4.932976666666666343e-01 3.695038072109182043e-07
5.066273333333333184e-01 2.827360415025913812e-07
5.199570000000000025e-01 2.141453701059985583e-07
5.332866666666666866e-01 1.605666395857538277e-07
5.466163333333333707e-01 1.191984318883824039e-07
5.599459999999999438e-01 8.761782526189302966e-08
5.732756666666666279e-01 6.377598271887575293e-08
5.866053333333333120e-01 4.597276098299263460e-08
5.999349999999999961e-01 3.282142155618726905e-08
6.132646666666666802e-01 2.320916769511764428e-08
6.265943333333333642e-01 1.625743835157328548e-08
6.399239999999999373e-01 1.128188606994979869e-08
6.532536666666666214e-01 7.757241855325039460e-09
6.665833333333333055e-01 5.285621328806440129e-09
6.799129999999999896e-01 3.569493400906254213e-09
6.932426666666666737e-01 2.389657776331322289e-09
7.065723333333333578e-01 1.586229257265176517e-09
7.199020000000000419e-01 1.044224153758862578e-09
7.332316666666666150e-01 6.819103346679993967e-10
7.465613333333332990e-01 4.418310264842875449e-10
7.598909999999999831e-01 2.841215093535226818e-10
7.732206666666666672e-01 1.813803971881932970e-10
7.865503333333333513e-01 1.149806229506377944e-10
7.998800000000000354e-01 7.239773003027806576e-11
8.132096666666666085e-01 4.529112639371937618e-11
8.265393333333332926e-01 2.815862838113898899e-11
8.398689999999999767e-01 1.740322226415787465e-11
8.531986666666666608e-01 1.069552812549877244e-11
8.665283333333333449e-01 6.537859135558557503e-12
8.798580000000000290e-01 3.975985510676896494e-12
8.931876666666667131e-01 2.406302305608063693e-12
9.065173333333332861e-01 1.449634432935812755e-12
9.198469999999999702e-01 8.695267378664992396e-13
9.331766666666666543e-01 5.194390233904412261e-13
9.465063333333333384e-01 3.091001311344661739e-13
9.598360000000000225e-01 1.832738230089480911e-13
9.731656666666667066e-01 1.082955947661947868e-13
9.864953333333332797e-01 6.378952034728598870e-14
9.998249999999999638e-01 3.746320558945057180e-14
1.013154666666666648e+00 2.194149150604296052e-14
1.026484333333333332e+00 1.281710987050353046e-14
1.039814000000000016e+00 7.469574843567503067e-15
1.053143666666666700e+00 4.343554508190737380e-15
1.066473333333333384e+00 2.520750532484270598e-15
1.079803000000000068e+00 1.460202213246227054e-15
1.093132666666666752e+00 8.444533657953700245e-16
1.106462333333333437e+00 4.876247812301019208e-16
1.119791999999999899e+00 2.811881848818076537e-16
1.133121666666666583e+00 1.619528340299327958e-16
1.146451333333333267e+00 9.317659733809691307e-17
1.159780999999999951e+00 5.355912323108275970e-17
1.173110666666666635e+00 3.076112706947547554e-17
1.186440333333333319e+00 1.765516114807590996e-17
1.199770000000000003e+00 1.012783331977792610e-17
1.213099666666666687e+00 5.807137205053676571e-18
1.226429333333333371e+00 3.328594685537298222e-18
1.239759000000000055e+00 1.907506675464063139e-18
1.253088666666666740e+00 1.092927502367208870e-18
1.266418333333333424e+00 6.262416046111165333e-19
1.279747999999999886e+00 3.588458374855553823e-19
1.293077666666666570e+00 2.056468383373363336e-19
1.306407333333333254e+00 1.178778804180925941e-19
1.319736999999999938e+00 6.758579996943831507e-20
1.333066666666666622e+00 3.876395841918160755e-20
1.346396333333333306e+00 2.224059199051986437e-20
1.359725999999999990e+00 1.276446320305917588e-20
1.373055666666666674e+00 7.329639882255108021e-21
1.386385333333333358e+00 4.207972536986684939e-21
1.399715000000000042e+00 2.416359945213164296e-21
1.413044666666666727e+00 1.387768566315176370e-21
1.426374333333333411e+00 7.967286431515028892e-22
1.439704000000000095e+00 4.579852537603092724e-22
1.453033666666666557e+00 2.637259251050007680e-22
1.466363333333333241e+00 1.517341829161490041e-22
1.479692999999999925e+00 8.716373983168303047e-23
1.493022666666666609e+00 4.985856596818269703e-23
1.506352333333333293e+00 2.836589960054111063e-23
1.519681999999999977e+00 1.593766638572203888e-23
1.533011666666666661e+00 8.785263944806637502e-24
1.546341333333333345e+00 4.707574851746589623e-24
1.559671000000000030e+00 2.396813420675022449e-24
1.573000666666666714e+00 1.118275629620855698e-24
1.586330333333333398e+00 4.373901013337242537e-25
1.599660000000000082e+00 8.728693663095475450e-26
1.612989666666666766e+00 0.000000000000000000e+00
1.626319333333333228e+00 0.000000000000000000e+00
1.639648999999999912e+00 0.000000000000000000e+00
1.652978666666666596e+00 0.000000000000000000e+00
1.666308333333333280e+00 0.000000000000000000e+00
1.679637999999999964e+00 0.000000000000000000e+00
1.692967666666666648e+00 0.000000000000000000e+00
1.706297333333333333e+00 0.000000000000000000e+00
1.719627000000000017e+00 0.000000000000000000e+00
1.732956666666666701e+00 0.000000000000000000e+00
1.746286333333333385e+00 0.000000000000000000e+00
1.759616000000000069e+00 0.000000000000000000e+00
1.772945666666666753e+00 0.000000000000000000e+00
1.786275333333333437e+00 0.000000000000000000e+00
1.799604999999999899e+00 0.000000000000000000e+00
1.812934666666666583e+00 0.000000000000000000e+00
1.826264333333333267e+00 0.000000000000000000e+00
1.839593999999999951e+00 0.000000000000000000e+00
1.852923666666666636e+00 0.000000000000000000e+00
1.866253333333333320e+00 0.000000000000000000e+00
1.879583000000000004e+00 0.000000000000000000e+00
1.892912666666666688e+00 0.000000000000000000e+00
1.906242333333333372e+00 0.000000000000000000e+00
1.919572000000000056e+00 0.000000000000000000e+00
1.932901666666666740e+00 0.000000000000000000e+00
1.946231333333333424e+00 0.000000000000000000e+00
1.959561000000000108e+00 0.000000000000000000e+00
1.972890666666666570e+00 0.000000000000000000e+00
1.986220333333333254e+00 0.000000000000000000e+00
1.999549999999999939e+00 0.000000000000000000e+00
2.012879666666667067e+00 0.000000000000000000e+00
2.026209333333333529e+00 0.000000000000000000e+00
2.039539000000000435e+00 0.000000000000000000e+00
2.052868666666666897e+00 0.000000000000000000e+00
2.066198333333333359e+00 0.000000000000000000e+00
2.079528000000000265e+00 0.000000000000000000e+00
2.092857666666666727e+00 0.000000000000000000e+00
2.106187333333333633e+00 0.000000000000000000e+00
2.119517000000000095e+00 0.000000000000000000e+00
2.132846666666667002e+00 0.000000000000000000e+00
2.146176333333333464e+00 0.000000000000000000e+00
2.159506000000000370e+00 0.000000000000000000e+00
2.172835666666666832e+00 0.000000000000000000e+00
2.186165333333333738e+00 0.000000000000000000e+00
2.199495000000000200e+00 0.000000000000000000e+00
2.212824666666667106e+00 0.000000000000000000e+00
2.226154333333333568e+00 0.000000000000000000e+00
2.239484000000000030e+00 0.000000000000000000e+00
2.252813666666666936e+00 0.000000000000000000e+00
2.266143333333333398e+00 0.000000000000000000e+00
2.279473000000000305e+00 0.000000000000000000e+00
2.292802666666666767e+00 0.000000000000000000e+00
2.306132333333333673e+00 0.000000000000000000e+00
2.319462000000000135e+00 0.000000000000000000e+00
2.332791666666667041e+00 0.000000000000000000e+00
2.346121333333333503e+00 0.000000000000000000e+00
2.359451000000000409e+00 0.000000000000000000e+00
2.372780666666666871e+00 0.000000000000000000e+00
2.386110333333333777e+00 0.000000000000000000e+00
2.399440000000000239e+00 0.000000000000000000e+00
2.412769666666666701e+00 0.000000000000000000e+00
2.426099333333333607e+00 0.000000000000000000e+00
2.439429000000000070e+00 0.000000000000000000e+00
2.452758666666666976e+00 0.000000000000000000e+00
2.466088333333333438e+00 0.000000000000000000e+00
2.479418000000000344e+00 0.000000000000000000e+00
2.492747666666666806e+00 0.000000000000000000e+00
2.506077333333333712e+00 0.000000000000000000e+00
2.519407000000000174e+00 0.000000000000000000e+00
2.532736666666667080e+00 0.000000000000000000e+00
2.546066333333333542e+00 0.000000000000000000e+00
2.559396000000000004e+00 0.000000000000000000e+00
2.572725666666666910e+00 0.000000000000000000e+00
2.586055333333333373e+00 0.000000000000000000e+00
2.599385000000000279e+00 0.000000000000000000e+00
2.612714666666666741e+00 0.000000000000000000e+00
2.626044333333333647e+00 0.000000000000000000e+00
2.639374000000000109e+00 0.000000000000000000e+00
2.652703666666667015e+00 0.000000000000000000e+00
2.666033333333333477e+00 0.000000000000000000e+00
2.679363000000000383e+00 0.000000000000000000e+00
2.692692666666666845e+00 0.000000000000000000e+00
2.706022333333333751e+00 0.000000000000000000e+00
2.719352000000000213e+00 0.000000000000000000e+00
2.732681666666666676e+00 0.000000000000000000e+00
2.746011333333333582e+00 0.000000000000000000e+00
2.759341000000000044e+00 0.000000000000000000e+00
2.772670666666666950e+00 0.000000000000000000e+00
2.786000333333333412e+00 0.000000000000000000e+00
2.799330000000000318e+00 0.000000000000000000e+00
2.812659666666666780e+00 0.000000000000000000e+00
2.825989333333333686e+00 0.000000000000000000e+00
2.839319000000000148e+00 0.000000000000000000e+00
2.852648666666667054e+00 0.000000000000000000e+00
2.865978333333333516e+00 0.000000000000000000e+00
2.879308000000000423e+00 0.000000000000000000e+00
2.892637666666666885e+00 0.000000000000000000e+00
2.905967333333333347e+00 0.000000000000000000e+00
2.919297000000000253e+00 0.000000000000000000e+00
2.932626666666666715e+00 0.000000000000000000e+00
2.945956333333333621e+00 0.000000000000000000e+00
2.959286000000000083e+00 0.000000000000000000e+00
2.972615666666666989e+00 0.000000000000000000e+00
2.985945333333333451e+00 0.000000000000000000e+00
2.999275000000000357e+00 0.000000000000000000e+00
3.012604666666666819e+00 0.000000000000000000e+00
3.025934333333333726e+00 0.000000000000000000e+00
3.039264000000000188e+00 0.000000000000000000e+00
3.052593666666667094e+00 0.000000000000000000e+00
3.065923333333333556e+00 0.000000000000000000e+00
3.079253000000000018e+00 0.000000000000000000e+00
3.092582666666666924e+00 0.000000000000000000e+00
3.105912333333333386e+00 0.000000000000000000e+00
3.119242000000000292e+00 0.000000000000000000e+00
3.132571666666666754e+00 0.000000000000000000e+00
3.145901333333333660e+00 0.000000000000000000e+00
3.159231000000000122e+00 0.000000000000000000e+00
3.172560666666667029e+00 0.000000000000000000e+00
3.185890333333333491e+00 0.000000000000000000e+00
3.199220000000000397e+00 0.000000000000000000e+00
3.212549666666666859e+00 0.000000000000000000e+00
3.225879333333333765e+00 0.000000000000000000e+00
3.239209000000000227e+00 0.000000000000000000e+00
3.252538666666666689e+00 0.000000000000000000e+00
3.265868333333333595e+00 0.000000000000000000e+00
3.279198000000000057e+00 0.000000000000000000e+00
3.292527666666666963e+00 0.000000000000000000e+00
3.305857333333333425e+00 0.000000000000000000e+00
3.319187000000000332e+00 0.000000000000000000e+00
3.332516666666666794e+00 0.000000000000000000e+00
3.345846333333333700e+00 0.000000000000000000e+00
3.359176000000000162e+00 0.000000000000000000e+00
3.372505666666667068e+00 0.000000000000000000e+00
3.385835333333333530e+00 0.000000000000000000e+00
3.399165000000000436e+00 0.000000000000000000e+00
3.412494666666666898e+00 0.000000000000000000e+00
3.425824333333333360e+00 0.000000000000000000e+00
3.439154000000000266e+00 0.000000000000000000e+00
3.452483666666666728e+00 0.000000000000000000e+00
3.465813333333333635e+00 0.000000000000000000e+00
3.479143000000000097e+00 0.000000000000000000e+00
3.492472666666667003e+00 0.000000000000000000e+00
3.505802333333333465e+00 0.000000000000000000e+00
3.519132000000000371e+00 0.000000000000000000e+00
3.532461666666666833e+00 0.000000000000000000e+00
3.545791333333333739e+00 0.000000000000000000e+00
3.559121000000000201e+00 0.000000000000000000e+00
3.572450666666667107e+00 0.000000000000000000e+00
3.585780333333333569e+00 0.000000000000000000e+00
3.599110000000000031e+00 0.000000000000000000e+00
3.612439666666666938e+00 0.000000000000000000e+00
3.625769333333333400e+00 0.000000000000000000e+00
3.639099000000000306e+00 0.000000000000000000e+00
3.652428666666666768e+00 0.000000000000000000e+00
3.665758333333333674e+00 0.000000000000000000e+00
3.679088000000000136e+00 0.000000000000000000e+00
3.692417666666667042e+00 0.000000000000000000e+00
3.705747333333333504e+00 0.000000000000000000e+00
3.719077000000000410e+00 0.000000000000000000e+00
3.732406666666666872e+00 0.000000000000000000e+00
3.745736333333333778e+00 0.000000000000000000e+00
3.759066000000000241e+00 0.000000000000000000e+00
3.772395666666666703e+00 0.000000000000000000e+00
3.785725333333333609e+00 0.000000000000000000e+00
3.799055000000000071e+00 0.000000000000000000e+00
3.812384666666666977e+00 0.000000000000000000e+00
3.825714333333333439e+00 0.000000000000000000e+00
3.839044000000000345e+00 0.000000000000000000e+00
3.852373666666666807e+00 0.000000000000000000e+00
3.865703333333333713e+00 0.000000000000000000e+00
3.879033000000000175e+00 0.000000000000000000e+00
3.892362666666667081e+00 0.000000000000000000e+00
3.905692333333333544e+00 0.000000000000000000e+00
3.919022000000000450e+00 0.000000000000000000e+00
3.932351666666666912e+00 0.000000000000000000e+00
3.945681333333333374e+00 0.000000000000000000e+00
3.959011000000000280e+00 0.000000000000000000e+00
3.972340666666666742e+00 0.000000000000000000e+00
3.985670333333333648e+00 0.000000000000000000e+00
3.999000000000000110e+00 0.000000000000000000e+00
