1.069445700101428864e-07
3.023187803022627670e-06
5.282794465971657106e-06
6.869133694234767517e-06
7.798895633743461705e-06
8.114712875037674128e-06
7.880742540551878745e-06
7.179539053254275623e-06
6.110467161431686081e-06
4.791982640281727129e-06
3.367732264837963449e-06
2.006056409075575140e-06
8.737550302485454410e-07
8.369771566085088145e-08
-3.472099901187786497e-07
-4.913770019480371498e-07
-4.612316689612828394e-07
-3.575832563356044150e-07
-2.448718472730435304e-07
-1.526200805092592086e-07
-8.789964662500496462e-08
-4.716678149315178785e-08
-2.370097465285799931e-08
-1.119691983079226998e-08
-4.992138158089413958e-09
-2.108932696997429614e-09
-8.477155948172553990e-10
-3.256279411433234761e-10
-1.200460435099995365e-10
-4.265336857179384110e-11
-1.466509943652762159e-11
-4.897699396463850217e-12
-1.594467217098541965e-12
-5.076729463398929857e-13
-1.585675270572340897e-13
-4.872085007597937598e-14
-1.476356845820404424e-14
-4.422342201497693833e-15
-1.312248957926811975e-15
-3.864717892438789126e-16
-1.131656848001024847e-16
-3.299848768048848587e-17
-9.595722205818644017e-18
-2.786302630218198201e-18
-8.088244174225427838e-19
-2.349710591922309415e-19
-6.837891783863218892e-20
-1.995033177173581566e-20
-5.840267991462738453e-21
-1.716605864595077092e-21
-5.069121636521839480e-22
-1.504734159057326984e-22
-4.492276282470361050e-23
-1.349409399691682762e-23
-4.080007842450704885e-24
-1.242132668911648616e-24
-3.808872918664484921e-25
-1.176689675253610647e-25
-3.663236159145623638e-26
-1.149456092192875644e-26
-3.635958874309359753e-27
-1.159599425912077977e-27
-3.729173252405134465e-28
-1.209417960235937352e-28
-3.955804261853069365e-29
-1.305014119037989369e-29
-4.342483136085975974e-30
-1.457530583372697710e-30
-4.934715498197124661e-31
-1.685289602955945367e-31
-5.805683258813020452e-32
-2.017403802636962489e-32
-7.071053022068194865e-33
-2.499863292695909886e-33
-8.914135399293464208e-34
-3.206042869060274569e-34
-1.163058388671229400e-34
-4.256321980861678175e-35
-1.571873577039410786e-35
-5.862239856966548571e-36
-2.210562819238113278e-36
-8.438809622746641422e-37
-3.255349484071993078e-37
-1.246633826280558036e-37
-4.351493696393491945e-38
-7.832712544586654704e-39
1.048917477670129495e-38
2.217223288826808499e-38
3.133788894872970339e-38
3.958223875767821972e-38
4.752766530637755732e-38
5.541824240369556270e-38
6.334995677783239894e-38
7.136040078736599784e-38
7.946397756278138805e-38
8.766582153376603359e-38
9.596734293499996417e-38
1.043684520037454779e-37
1.128684574573034387e-37
1.214664318551959884e-37
