1.000000000000000021e-03 2.839564221533793804e-10 2.019526865435729298e-26 0.000000000000000000e+00 0.000000000000000000e+00 0.000000000000000000e+00 0.000000000000000000e+00 0.000000000000000000e+00 0.000000000000000000e+00 0.000000000000000000e+00 0.000000000000000000e+00
1.437458193979933296e-02 3.555686682065285165e-10 5.717796982583723446e-25 0.000000000000000000e+00 0.000000000000000000e+00 0.000000000000000000e+00 0.000000000000000000e+00 0.000000000000000000e+00 0.000000000000000000e+00 0.000000000000000000e+00 0.000000000000000000e+00
2.774916387959866504e-02 4.091144373535780350e-10 9.247086551357850321e-24 0.000000000000000000e+00 0.000000000000000000e+00 0.000000000000000000e+00 0.000000000000000000e+00 0.000000000000000000e+00 0.000000000000000000e+00 0.000000000000000000e+00 0.000000000000000000e+00
4.112374581939799711e-02 4.588356551477547440e-10 1.247075623050893950e-22 0.000000000000000000e+00 0.000000000000000000e+00 0.000000000000000000e+00 0.000000000000000000e+00 0.000000000000000000e+00 0.000000000000000000e+00 0.000000000000000000e+00 0.000000000000000000e+00
5.449832775919732919e-02 5.037573563605360527e-10 1.651664290345199570e-21 0.000000000000000000e+00 0.000000000000000000e+00 0.000000000000000000e+00 0.000000000000000000e+00 0.000000000000000000e+00 0.000000000000000000e+00 0.000000000000000000e+00 0.000000000000000000e+00
6.787290969899666127e-02 5.394314159239475752e-10 1.648411431491986070e-20 0.000000000000000000e+00 0.000000000000000000e+00 0.000000000000000000e+00 0.000000000000000000e+00 0.000000000000000000e+00 0.000000000000000000e+00 0.000000000000000000e+00 0.000000000000000000e+00
8.124749163879599334e-02 5.675973607680840487e-10 1.381062267043187565e-19 0.000000000000000000e+00 0.000000000000000000e+00 0.000000000000000000e+00 0.000000000000000000e+00 0.000000000000000000e+00 0.000000000000000000e+00 0.000000000000000000e+00 0.000000000000000000e+00
9.462207357859532542e-02 5.899746972098489972e-10 1.071686799190471727e-18 0.000000000000000000e+00 0.000000000000000000e+00 0.000000000000000000e+00 0.000000000000000000e+00 0.000000000000000000e+00 0.000000000000000000e+00 0.000000000000000000e+00 0.000000000000000000e+00
1.079966555183946575e-01 6.067818567053798015e-10 6.788441019184583415e-18 1.376805644794714004e-25 0.000000000000000000e+00 0.000000000000000000e+00 0.000000000000000000e+00 0.000000000000000000e+00 0.000000000000000000e+00 0.000000000000000000e+00 0.000000000000000000e+00
1.213712374581939896e-01 6.193111783526041407e-10 3.744445185104113333e-17 2.018685157095114336e-24 0.000000000000000000e+00 0.000000000000000000e+00 0.000000000000000000e+00 0.000000000000000000e+00 0.000000000000000000e+00 0.000000000000000000e+00 0.000000000000000000e+00
1.347458193979933216e-01 6.285920306414725096e-10 1.890291843945399475e-16 2.717131356455566738e-23 0.000000000000000000e+00 0.000000000000000000e+00 0.000000000000000000e+00 0.000000000000000000e+00 0.000000000000000000e+00 0.000000000000000000e+00 0.000000000000000000e+00
1.481204013377926398e-01 6.350148698621647683e-10 8.183778834214080603e-16 2.874249964854901984e-22 0.000000000000000000e+00 0.000000000000000000e+00 0.000000000000000000e+00 0.000000000000000000e+00 0.000000000000000000e+00 0.000000000000000000e+00 0.000000000000000000e+00
1.614949832775919858e-01 6.392232563920894616e-10 3.170687762371545306e-15 2.639982609780339260e-21 0.000000000000000000e+00 0.000000000000000000e+00 0.000000000000000000e+00 0.000000000000000000e+00 0.000000000000000000e+00 0.000000000000000000e+00 0.000000000000000000e+00
1.748695652173913317e-01 6.417039512823595796e-10 1.126457505963626474e-14 2.199790817058587207e-20 0.000000000000000000e+00 0.000000000000000000e+00 0.000000000000000000e+00 0.000000000000000000e+00 0.000000000000000000e+00 0.000000000000000000e+00 0.000000000000000000e+00
1.882441471571906499e-01 6.427009998593917778e-10 3.552244327050436613e-14 1.522263184973265466e-19 5.391587161786003160e-26 0.000000000000000000e+00 0.000000000000000000e+00 0.000000000000000000e+00 0.000000000000000000e+00 0.000000000000000000e+00 0.000000000000000000e+00
2.016187290969899681e-01 6.425317748521550109e-10 1.023228695341262653e-13 9.387805446833681842e-19 7.095183014141433263e-25 0.000000000000000000e+00 0.000000000000000000e+00 0.000000000000000000e+00 0.000000000000000000e+00 0.000000000000000000e+00 0.000000000000000000e+00
2.149933110367893141e-01 6.413969356378919853e-10 2.723358595054420625e-13 5.254286939799317263e-18 8.360951172364344540e-24 0.000000000000000000e+00 0.000000000000000000e+00 0.000000000000000000e+00 0.000000000000000000e+00 0.000000000000000000e+00 0.000000000000000000e+00
2.283678929765886600e-01 6.393511398552437869e-10 6.598713374724725753e-13 2.541402127301636329e-17 8.021738974977659683e-23 0.000000000000000000e+00 0.000000000000000000e+00 0.000000000000000000e+00 0.000000000000000000e+00 0.000000000000000000e+00 0.000000000000000000e+00
2.417424749163879782e-01 6.363857455046909950e-10 1.483950594885965451e-12 1.117043061191957286e-16 6.914942208311016351e-22 0.000000000000000000e+00 0.000000000000000000e+00 0.000000000000000000e+00 0.000000000000000000e+00 0.000000000000000000e+00 0.000000000000000000e+00
2.551170568561872964e-01 6.323149307245095085e-10 3.113896061050057438e-12 4.484412405344294193e-16 5.347126554641810334e-21 0.000000000000000000e+00 0.000000000000000000e+00 0.000000000000000000e+00 0.000000000000000000e+00 0.000000000000000000e+00 0.000000000000000000e+00
2.684916387959866424e-01 6.267929369770185415e-10 6.064654116391135113e-12 1.602583808249999847e-15 3.511827891680401258e-20 8.569877939058389041e-26 0.000000000000000000e+00 0.000000000000000000e+00 0.000000000000000000e+00 0.000000000000000000e+00 0.000000000000000000e+00
2.818662207357859883e-01 6.192736276313496133e-10 1.110475265096034804e-11 5.283295687886634998e-15 2.106728740756357341e-19 9.566030880372233922e-25 0.000000000000000000e+00 0.000000000000000000e+00 0.000000000000000000e+00 0.000000000000000000e+00 0.000000000000000000e+00
2.952408026755852788e-01 6.090473410838907605e-10 1.917040118321431046e-11 1.605316979220649181e-14 1.141777590362826632e-18 9.443591211045503076e-24 0.000000000000000000e+00 0.000000000000000000e+00 0.000000000000000000e+00 0.000000000000000000e+00 0.000000000000000000e+00
3.086153846153846247e-01 5.953977043251979925e-10 3.118663292762315617e-11 4.441370265569932221e-14 5.426367293354828606e-18 7.829362781356460506e-23 0.000000000000000000e+00 0.000000000000000000e+00 0.000000000000000000e+00 0.000000000000000000e+00 0.000000000000000000e+00
3.219899665551839707e-01 5.774847291005649889e-10 4.821488743643756898e-11 1.147201956723874847e-13 2.385762604580453178e-17 5.996011396503730897e-22 0.000000000000000000e+00 0.000000000000000000e+00 0.000000000000000000e+00 0.000000000000000000e+00 0.000000000000000000e+00
3.353645484949833167e-01 5.547090286238917464e-10 7.098106394163686668e-11 2.758415754032454640e-13 9.567747986380208624e-17 4.098413114085062204e-21 8.423102709787667912e-27 0.000000000000000000e+00 0.000000000000000000e+00 0.000000000000000000e+00 0.000000000000000000e+00
3.487391304347826626e-01 5.268696178674984206e-10 9.967491561497182432e-11 6.146499094067107033e-13 3.448508370593235824e-16 2.431316514730801073e-20 1.230512469627337152e-25 0.000000000000000000e+00 0.000000000000000000e+00 0.000000000000000000e+00 0.000000000000000000e+00
3.621137123745819530e-01 4.939020461845231862e-10 1.342293908275088561e-10 1.291311629926026152e-12 1.161562341390626938e-15 1.345208279619172864e-19 1.186119706661398052e-24 0.000000000000000000e+00 0.000000000000000000e+00 0.000000000000000000e+00 0.000000000000000000e+00
3.754882943143812990e-01 4.563995024060564799e-10 1.736750915779146510e-10 2.550469500373264293e-12 3.606250417867191973e-15 6.716487956444611410e-19 1.005087027912317669e-23 0.000000000000000000e+00 0.000000000000000000e+00 0.000000000000000000e+00 0.000000000000000000e+00
3.888628762541806450e-01 4.153920056543121046e-10 2.164013043057664607e-10 4.733830896241937480e-12 1.025817884173056360e-14 2.986029173066032562e-18 7.325761549683816454e-23 0.000000000000000000e+00 0.000000000000000000e+00 0.000000000000000000e+00 0.000000000000000000e+00
4.022374581939799354e-01 3.719905186679788225e-10 2.605070888511723526e-10 8.352939401950450895e-12 2.749702860348641622e-14 1.247688292471812641e-17 5.040471774100367896e-22 0.000000000000000000e+00 0.000000000000000000e+00 0.000000000000000000e+00 0.000000000000000000e+00
4.156120401337792813e-01 3.277124241928399977e-10 3.035293543359555926e-10 1.398498960022453222e-11 6.864447444620546441e-14 4.759231768020973534e-17 3.089040912380924731e-21 0.000000000000000000e+00 0.000000000000000000e+00 0.000000000000000000e+00 0.000000000000000000e+00
4.289866220735786273e-01 2.840183151448719037e-10 3.430233740413655101e-10 2.225017539575223548e-11 1.594270833699320272e-13 1.649489027282752425e-16 1.671749749499536147e-20 5.556113436195757858e-26 0.000000000000000000e+00 0.000000000000000000e+00 0.000000000000000000e+00
4.423612040133779733e-01 2.421522082115061215e-10 3.766483340338149051e-10 3.389349401275727003e-11 3.513758457171621053e-13 5.407333226427834353e-16 8.581661109690884278e-20 4.927675687481903225e-25 0.000000000000000000e+00 0.000000000000000000e+00 0.000000000000000000e+00
4.557357859531773192e-01 2.032112088846338521e-10 4.025037452172565480e-10 4.939504449849687479e-11 7.283244425288883643e-13 1.636563204895905590e-15 3.975813352221962397e-19 3.821505686670763817e-24 0.000000000000000000e+00 0.000000000000000000e+00 0.000000000000000000e+00
4.691103678929766096e-01 1.679261613458083699e-10 4.193084094456944557e-10 6.902062410997950065e-11 1.421802415499175995e-12 4.573837227006328768e-15 1.661022260413214110e-18 2.591011187958699387e-23 0.000000000000000000e+00 0.000000000000000000e+00 0.000000000000000000e+00
4.824849498327759556e-01 1.367574158701332731e-10 4.261487927824347399e-10 9.289920243154942020e-11 2.650004654443966121e-12 1.215658443550937775e-14 6.608815202900227366e-18 1.689086681180988107e-22 0.000000000000000000e+00 0.000000000000000000e+00 0.000000000000000000e+00
4.958595317725753016e-01 1.098193400352125314e-10 4.231894105819040575e-10 1.204788523040914876e-10 4.686501086286402141e-12 3.014719208642003119e-14 2.403246541949796460e-17 9.779163303645124100e-22 0.000000000000000000e+00 0.000000000000000000e+00 0.000000000000000000e+00
5.092341137123745920e-01 8.699541820849159855e-11 4.111211119750829354e-10 1.508745215743938399e-10 7.883451318822612616e-12 6.994310345356978284e-14 8.014829823972683107e-17 5.059357616032361627e-21 0.000000000000000000e+00 0.000000000000000000e+00 0.000000000000000000e+00
5.226086956521739380e-01 6.807490579668601596e-11 3.908640652773264098e-10 1.829231959199895950e-10 1.272892365443620833e-11 1.550624963008214939e-13 2.554584734226556517e-16 2.519579579244423900e-20 6.709159855525924480e-26 0.000000000000000000e+00 0.000000000000000000e+00
5.359832775919732839e-01 5.261730723612004797e-11 3.642018335175771568e-10 2.149502266084067528e-10 1.965456683008127691e-11 3.238564423621963260e-13 7.529226979848103675e-16 1.130703903330513949e-19 4.990608776789040205e-25 0.000000000000000000e+00 0.000000000000000000e+00
5.493578595317726299e-01 4.017980709560664885e-11 3.328976224402089712e-10 2.452582830120861030e-10 2.909976500002733094e-11 6.395480726593687994e-13 2.063275975009648762e-15 4.615570122320196234e-19 3.282606006765855648e-24 0.000000000000000000e+00 0.000000000000000000e+00
5.627324414715719758e-01 3.036562747461149440e-11 2.986150925536533703e-10 2.720833522306740756e-10 4.154908765262009103e-11 1.212079750035118500e-12 5.421166635575280273e-15 1.815627960215496601e-18 2.111574809034857951e-23 0.000000000000000000e+00 0.000000000000000000e+00
5.761070234113713218e-01 2.268980267079668943e-11 2.632093250659740188e-10 2.939394821783770722e-10 5.711643219115419602e-11 2.182720228745675299e-12 1.331204901063629443e-14 6.522534862353642444e-18 1.200555114556231978e-22 0.000000000000000000e+00 0.000000000000000000e+00
5.894816053511705567e-01 1.676343554840774817e-11 2.281373001646658288e-10 3.096767225448530305e-10 7.578094090244879643e-11 3.749895520790979752e-12 3.075507617312105668e-14 2.165319935728751022e-17 6.164998921310735703e-22 0.000000000000000000e+00 0.000000000000000000e+00
6.028561872909699026e-01 1.227099458668440741e-11 1.945909330441496400e-10 3.183708606333033972e-10 9.735496982230893006e-11 6.204133215418527034e-12 6.825209327129400609e-14 6.917894407648241390e-17 3.075332426810843887e-21 0.000000000000000000e+00 0.000000000000000000e+00
6.162307692307692486e-01 8.883709557547396304e-12 1.634745931079695466e-10 3.199585490543463950e-10 1.211094549570062904e-10 9.829058983759030388e-12 1.429929765364722918e-13 2.045520905280034469e-16 1.380692928665365195e-20 0.000000000000000000e+00 0.000000000000000000e+00
6.296053511705685946e-01 6.361453274867887778e-12 1.353508420169653302e-10 3.146580502783187992e-10 1.461752010723004662e-10 1.496540109056958430e-11 2.846919215995631644e-13 5.666232452502093565e-16 5.705628132487632352e-20 4.900107630043841080e-28 0.000000000000000000e+00
6.429799331103679405e-01 4.515863686286316635e-12 1.105661872173892964e-10 3.029618639128091631e-10 1.714624480953961159e-10 2.201350587335492074e-11 5.452712995610842559e-13 1.507400943835819416e-15 2.271493367958128809e-19 5.987324276268250289e-26 0.000000000000000000e+00
6.563545150501672865e-01 3.170682976951716981e-12 8.913642989129619802e-11 2.860399309558208206e-10 1.956758931666098570e-10 3.121397297019773008e-11 9.949331146825779049e-13 3.758030780402243240e-15 8.283065081903522579e-19 3.819071670649241702e-25 0.000000000000000000e+00
6.697290969899666324e-01 2.202694208941049544e-12 7.096184725962706868e-11 2.650357667603840157e-10 2.175681112421606719e-10 4.278303425079760743e-11 1.738725482413933413e-12 8.869700867084121981e-15 2.820072304000417654e-18 2.230019955532600163e-24 0.000000000000000000e+00
6.831036789297659784e-01 1.517706757858033000e-12 5.585581308692118707e-11 2.411497281774290397e-10 2.359147727297425149e-10 5.684723415086526068e-11 2.930772756432221888e-12 2.011310380889230073e-14 9.215779501515529585e-18 1.256303650735399983e-23 0.000000000000000000e+00
6.964782608695653243e-01 1.034449348731187263e-12 4.345595868693301596e-11 2.157294732076593119e-10 2.498349516097909560e-10 7.320592998426307106e-11 4.741179493173136549e-12 4.317351319807172649e-14 2.797290523841989264e-17 6.361253059691843631e-23 0.000000000000000000e+00
7.098528428093645593e-01 6.980159096995542389e-13 3.343763773706210479e-11 1.898787677974331429e-10 2.586598727714838460e-10 9.155010269257739270e-11 7.391699203777396240e-12 8.845666275690397717e-14 8.014213055747051633e-17 2.994589145727219240e-22 0.000000000000000000e+00
7.232274247491639052e-01 4.674309500083118945e-13 2.547801123604472587e-11 1.645587324719628555e-10 2.619920818411631160e-10 1.113666434722067736e-10 1.115018727352846408e-11 1.744574866038496035e-13 2.202277735560666940e-16 1.351347871252986103e-21 0.000000000000000000e+00
7.366020066889632512e-01 3.097457995628702022e-13 1.920767179159637581e-11 1.405378478748201070e-10 2.599954314846444354e-10 1.318726498551500481e-10 1.624054374462035892e-11 3.283879891658471173e-13 5.684724269511100916e-16 5.574225890231381727e-21 0.000000000000000000e+00
7.499765886287625971e-01 2.033807156474279056e-13 1.433756122151372215e-11 1.183561988034139895e-10 2.529808945884431570e-10 1.522185630586785348e-10 2.291113657722201644e-11 5.938682437559106951e-13 1.396816001499796174e-15 2.162897174409967551e-20 0.000000000000000000e+00
7.633511705685619431e-01 1.326254679293958578e-13 1.060869486483184808e-11 9.837501026031693327e-11 2.415191181855004010e-10 1.714528954755329871e-10 3.137617941534238824e-11 1.036627068585180144e-12 3.295703043585552412e-15 8.023949093335446786e-20 0.000000000000000000e+00
7.767257525083612890e-01 8.562656670471714834e-14 7.771324755456477489e-12 8.072884357115514577e-11 2.265181021314446473e-10 1.886636878196504386e-10 4.169562270774058688e-11 1.738755095550709741e-12 7.371987280772662242e-15 2.758224360249894615e-19 0.000000000000000000e+00
7.901003344481606350e-01 5.484078069521176375e-14 5.641439365807515079e-12 6.545527250050909803e-11 2.088395069226750587e-10 2.030061018880514090e-10 5.388658361813361459e-11 2.816768845834935655e-12 1.580243965505726472e-14 8.999287273292000696e-19 0.000000000000000000e+00
8.034749163879598699e-01 3.490968105085269426e-14 4.062231456684049679e-12 5.247914443722748944e-11 1.894077959576750446e-10 2.137773088231890857e-10 6.782086537200106733e-11 4.418183543043504845e-12 3.260026233733568354e-14 2.806953282438142105e-18 0.000000000000000000e+00
8.168494983277592159e-01 2.201564519894006319e-14 2.897082269241881969e-12 4.160296912997170878e-11 1.691501267048760787e-10 2.205876457723618688e-10 8.316769923034442150e-11 6.696748544530783255e-12 6.424777042903701210e-14 8.202884352189183482e-18 1.415523908906492850e-26
8.302240802675585618e-01 1.379134241417008928e-14 2.049075222278601694e-12 3.263880779397944981e-11 1.488335472547925444e-10 2.231760806195094080e-10 9.951925818211863066e-11 9.846116210784881681e-12 1.219978651452526021e-13 2.291265396163513724e-17 7.945413918256852840e-26
8.435986622073579078e-01 8.592990154421777578e-15 1.438328609333938537e-12 2.535709312317996186e-11 1.291227795314127728e-10 2.215619698209432841e-10 1.163157246966981884e-10 1.406154433474337170e-11 2.235916745204254721e-13 6.127281450436809172e-17 4.219941752304795495e-25
8.569732441471572537e-01 5.307927756362892760e-15 1.000304620085677504e-12 1.949996410771926481e-11 1.105214097591718929e-10 2.160777732202614651e-10 1.329038724432612365e-10 1.949679606040368404e-11 3.939767623506539667e-13 1.549307550123283401e-16 2.045486114052460659e-24
8.703478260869565997e-01 3.261497483295292395e-15 6.905197478611278559e-13 1.485958422124023066e-11 9.339646772350744717e-11 2.071114544343381628e-10 1.486009346502478352e-10 2.631726896472780015e-11 6.718761407680840245e-13 3.765258222387115578e-16 9.479149139396620854e-24
8.837224080267559456e-01 1.994541401050225125e-15 4.732847035674054817e-13 1.122490285063607846e-11 7.797132224765411810e-11 1.952592320997895203e-10 1.627229536740812426e-10 3.461192207067795160e-11 1.109426086726812322e-12 8.781932629619385872e-16 4.155966850757393859e-23
8.970969899665552916e-01 1.210072392274208999e-15 3.215215541328688016e-13 8.399651689581085673e-12 6.432613232101969898e-11 1.812295609912648460e-10 1.746842961712070867e-10 4.436761814584158945e-11 1.770758334124713208e-12 1.951527024042500083e-15 1.684380782937374280e-22
9.104715719063546375e-01 7.313638362169800727e-16 2.170160491021592709e-13 6.235167283531088089e-12 5.248746426570434000e-11 1.656746026058506444e-10 1.839460205926889178e-10 5.553523436078240907e-11 2.745790013782780792e-12 4.186929533293090839e-15 6.564261922685825898e-22
9.238461538461538725e-01 4.401525741649443793e-16 1.455011305192361965e-13 4.591433387458929647e-12 4.237689179811869626e-11 1.492831066055259838e-10 1.901562460127690936e-10 6.792364490181401068e-11 4.135978166919045272e-12 8.646631581892908384e-15 2.424083162764863110e-21
9.372207357859532184e-01 2.629672548149893025e-16 9.673283790079912738e-14 3.351131902406168605e-12 3.385437969695427859e-11 1.326741126453912210e-10 1.931626756799690445e-10 8.123380545697244571e-11 6.049639004035693330e-12 1.712278685114069808e-14 8.363586967577302519e-21
9.505953177257525644e-01 1.567472552896801613e-16 6.396703212128558022e-14 2.428646931803974127e-12 2.679054852017325364e-11 1.163634373854379891e-10 1.928796875049145783e-10 9.511049631814359986e-11 8.624605218667664236e-12 3.285882626059144195e-14 2.786981783171106444e-20
9.639698996655519103e-01 9.306735480129734896e-17 4.203474687411616015e-14 1.746910454958714656e-12 2.100291395524160653e-11 1.007782896877380214e-10 1.894770594744206417e-10 1.090913459651434198e-10 1.198191882614224962e-11 6.089286978105005967e-14 8.823629891912392984e-20
9.773444816053512563e-01 5.488961685284271325e-17 2.740342018607740478e-14 1.245981694463549580e-12 1.630887827703578447e-11 8.622436391678065380e-11 1.832660372418724554e-10 1.226837101254644734e-10 1.622733744830062644e-11 1.087988577649936961e-13 2.633352659173196919e-19
9.907190635451506022e-01 3.234603714662987739e-17 1.779100322596703065e-14 8.832766020906719421e-13 1.256084965213668420e-11 7.293122934426436927e-11 1.745766070187597769e-10 1.353677293205418911e-10 2.148082796297461335e-11 1.889740727269832874e-13 7.616705519447036487e-19
1.004093645484949837e+00 1.899073290366206549e-17 1.148207460917339130e-14 6.217003878928641288e-13 9.592466743935397669e-12 6.100742837857212511e-11 1.639123280218173336e-10 1.466581239444989890e-10 2.779198733381599189e-11 3.180213559987461279e-13 2.100047409764123048e-18
1.017468227424749072e+00 1.108159273976014143e-17 7.355374457680380769e-15 4.340848896659242676e-13 7.261336184163740328e-12 5.048285985476263893e-11 1.517870659505930702e-10 1.561387307234824013e-10 3.516895516636733155e-11 5.184217710931210962e-13 5.499206383132832905e-18
1.030842809364548529e+00 6.470290002689269609e-18 4.698312864358359367e-15 3.015398001766555484e-13 5.458230503444459379e-12 4.136308914307454777e-11 1.386746464437421038e-10 1.634114776770645218e-10 4.360595793158225472e-11 8.238054297499696429e-13 1.399470349896759580e-17
1.044217391304347764e+00 3.764170669802876191e-18 2.984184832303086341e-15 2.080396644104758582e-13 4.070769506984369926e-12 3.355876149921302563e-11 1.250814658002529450e-10 1.682628275654629473e-10 5.298625763936571990e-11 1.272509933575001701e-12 3.407266340504297688e-17
1.057591973244147221e+00 2.177591420473346893e-18 1.882324120743131658e-15 1.424393235759537829e-13 3.011122184386703663e-12 2.696280828794048106e-11 1.114368350725723359e-10 1.705817923679161275e-10 6.314831790479802041e-11 1.911729730047811746e-12 7.929166663039488987e-17
1.070966555183946456e+00 1.262256944165355946e-18 1.185452031706982580e-15 9.712923804168915010e-14 2.214046952242070322e-12 2.148052725868135947e-11 9.810905430611451700e-11 1.702912994879066111e-10 7.389686651626128066e-11 2.806566213552807514e-12 1.797298874930065354e-16
1.084341137123745691e+00 7.289993912993731000e-19 7.425147233569097700e-16 6.579726222245849308e-14 1.615939922611248638e-12 1.696157792352221692e-11 8.539559881542578375e-11 1.675508821653226802e-10 8.494661445461802356e-11 4.017759679466124480e-12 3.912166012715185432e-16
1.097715719063545148e+00 4.188591687991465075e-19 4.620878516768271684e-16 4.425117347417041033e-14 1.170294994751103525e-12 1.327498522162320260e-11 7.351165794573222205e-11 1.625714055629613056e-10 9.599605950105519299e-11 5.613767522784709350e-12 8.183946562301728902e-16
1.111090301003344383e+00 2.414646214645510546e-19 2.874992129175795576e-16 2.967320276706551055e-14 8.433622407126628020e-13 1.031503823005547166e-11 6.262920039397989419e-11 1.555758123082147147e-10 1.067124711993399138e-10 7.682229015155574406e-12 1.670721008613411767e-15
1.124464882943143840e+00 1.386716198682495642e-19 1.779203177098200225e-16 1.977074015462799277e-14 6.034560508416469607e-13 7.949863183344961556e-12 5.281510744437543967e-11 1.469591247119932960e-10 1.167643265231604294e-10 1.028180320646169210e-11 3.287479715308315613e-15
1.137839464882943075e+00 7.926159967492407223e-20 1.094498115956107163e-16 1.308338210951260981e-14 4.286346729184247119e-13 6.077113229865472310e-12 4.409687775413005840e-11 1.370889124128210353e-10 1.258403967919648433e-10 1.347292637173359781e-11 6.246125588078454343e-15
1.151214046822742532e+00 4.551330592210845797e-20 6.740064423869780546e-17 8.642637341967635287e-15 3.032646945476963449e-13 4.617460785035904935e-12 3.648924747139802991e-11 1.263130939019793208e-10 1.336165311261785124e-10 1.732719006738735731e-11 1.160035828939388754e-14
1.164588628762541767e+00 2.602953329156939262e-20 4.128537104574205432e-17 5.673429779402046208e-15 2.130887082662253429e-13 3.481630861778326993e-12 2.991589527607887120e-11 1.150333049523481063e-10 1.398849415344192037e-10 2.185460959266140798e-11 2.084064150895804637e-14
1.177963210702341001e+00 1.482980400118082635e-20 2.515942857348177809e-17 3.701661603147031988e-15 1.487196013607792986e-13 2.605626189390429904e-12 2.430710354078406225e-11 1.035807116572935824e-10 1.444656413027708037e-10 2.706338642134573316e-11 3.631809964657817056e-14
1.191337792642140458e+00 8.489019948606042936e-21 1.535516058975225639e-17 2.412274827247813759e-15 1.034516854658222855e-13 1.939818214690969491e-12 1.959668034781423042e-11 9.225292747049529933e-11 1.471949811899509487e-10 3.295374317187354800e-11 6.189578249706288042e-14
1.204712374581939693e+00 4.841102040421626966e-21 9.324902544759758127e-18 1.562752133492412275e-15 7.149298948562710718e-14 1.433814522046500846e-12 1.566632322946236039e-11 8.130170638408760013e-11 1.480801251555251887e-10 3.945436497638806759e-11 1.024416918831209814e-13
1.218086956521739150e+00 2.752978329866994797e-21 5.639111659916569293e-18 1.007062947662616281e-15 4.910760071346365764e-14 1.052603196474184854e-12 1.242306769217419223e-11 7.092104821147797431e-11 1.471398518779991707e-10 4.648977669746695603e-11 1.650921096828478183e-13
1.231461538461538385e+00 1.572700347601605234e-21 3.415914434643492524e-18 6.484413250259294631e-16 3.363590150667669650e-14 7.691831997228245091e-13 9.784334966944121756e-12 6.126932971299421542e-11 1.444244253963697169e-10 5.396370593113048084e-11 2.604120577573168189e-13
1.244836120401337842e+00 8.953417348860590396e-22 2.059713262241518865e-18 4.152330171124783848e-16 2.289685990706956899e-14 5.582952161329949380e-13 7.646570683993005219e-12 5.242693247412302140e-11 1.401288023759339218e-10 6.172947890615035543e-11 4.002973612168811223e-13
1.258210702341137077e+00 5.087737317880136674e-22 1.237902446275304348e-18 2.647158632899267014e-16 1.550301790359114688e-14 4.027375130213556594e-13 5.932341486973134210e-12 4.444836501666154234e-11 1.344332913481076787e-10 6.963897154046868271e-11 6.010601682794414277e-13
1.271585284280936534e+00 2.903622952518725168e-22 7.452997188616118641e-19 1.686721265289221594e-16 1.047130349566674655e-14 2.893338444391798733e-13 4.574821556442518592e-12 3.736217398062919631e-11 1.275409002572829837e-10 7.752612118666668816e-11 8.844188226809370638e-13
1.284959866220735769e+00 1.651871710221004298e-22 4.468187165368086135e-19 1.069248217876699813e-16 7.031721966991087532e-15 2.065434555212863156e-13 3.502699245398156741e-12 3.113296097775672238e-11 1.197274950952076787e-10 8.521651664471067896e-11 1.272037540609160778e-12
1.298334448160535004e+00 9.388916524827873220e-23 2.672462561559139323e-19 6.753852769322547879e-17 4.700174052683994382e-15 1.466342706879909939e-13 2.664257578489115691e-12 2.572749855694374499e-11 1.112342078336357285e-10 9.253820437258593734e-11 1.791933639736517348e-12
1.311709030100334461e+00 5.357955571170192901e-23 1.601218998576155291e-19 4.264691250350374573e-17 3.135110443424982893e-15 1.037205277364868506e-13 2.015678786062710533e-12 2.109927220463938472e-11 1.023024210662123248e-10 9.931742902430435793e-11 2.477239028850954586e-12
1.325083612040133696e+00 3.048678046347324164e-23 9.556175708318882046e-20 2.680092266637690885e-17 2.079797895220536693e-15 7.292600534862796850e-14 1.514801465212457307e-12 1.716591575191228001e-11 9.317618188790969996e-11 1.054132204422917144e-10 3.356391856724750034e-12
1.338458193979933153e+00 1.734702510242972260e-23 5.694974181672233264e-20 1.679669864879258132e-17 1.374411980826171089e-15 5.102795247145726823e-14 1.131719965694632036e-12 1.386194850977335529e-11 8.406133636231246312e-11 1.106868827694875220e-10 4.464401583060051464e-12
1.351832775919732388e+00 9.906561511312957556e-24 3.399508364704841719e-20 1.052472373162318736e-17 9.065861488450537047e-16 3.558699303843700297e-14 8.414390787155692639e-13 1.111806235483181291e-11 7.514322187813381702e-11 1.150181188425017616e-10 5.836512774151364515e-12
1.365207357859531845e+00 5.642177890582106635e-24 2.021902700588201858e-20 6.565486100551148541e-18 5.949455972663986018e-16 2.467787613047666849e-14 6.216915729822765172e-13 8.851887551882843574e-12 6.657056401110201602e-11 1.183421280953215691e-10 7.496006205486095994e-12
1.378581939799331080e+00 3.216299999077642465e-24 1.201892489221299246e-20 4.087985295946309031e-18 3.892403407906208816e-16 1.704270348716449942e-14 4.569538366350399734e-13 7.000753494014426205e-12 5.846518578619600913e-11 1.205915032884139323e-10 9.470605861449869379e-12
1.391956521739130537e+00 1.839377854002962603e-24 7.155078130530387756e-21 2.544946867170981021e-18 2.542330843932047189e-16 1.173405038450012385e-14 3.343900553729800734e-13 5.502965940888263060e-12 5.091847230487788139e-11 1.217326333099685288e-10 1.177950033256098841e-11
1.405331103678929772e+00 1.049296961055203325e-24 4.245184583975468585e-21 1.577791937146512296e-18 1.652576409768951003e-16 8.035795337706738150e-15 2.432546280725259262e-13 4.296195757597522438e-12 4.397902509739699414e-11 1.217874064083510885e-10 1.442394781885426343e-11
1.418705685618729007e+00 5.996297745871953345e-25 2.519522500096892932e-21 9.771892429830224847e-19 1.071799639091287431e-16 5.484534794783288791e-15 1.761604440663738977e-13 3.334252721455972345e-12 3.768548849384827510e-11 1.207687037092229458e-10 1.740638886877632363e-11
1.432080267558528464e+00 3.436189519768419868e-25 1.497212033476242358e-21 6.050857445601893832e-19 6.940411671390483060e-17 3.732687536697720143e-15 1.270528309596432901e-13 2.573345275130579259e-12 3.204708167512906416e-11 1.187285960032203730e-10 2.071292061786401031e-11
1.445454849498327698e+00 1.964547168511567407e-25 8.869205422304465070e-22 3.732314776084184542e-19 4.474074207167993765e-17 2.527591319307487289e-15 9.112340941721736795e-14 1.973482690163025309e-12 2.704324104652985090e-11 1.157581315029198636e-10 2.431182351973073966e-11
1.458829431438127155e+00 1.126062464269895808e-25 5.260099717358714288e-22 2.301784262189787567e-19 2.880023890212448029e-17 1.707048204278007410e-15 6.510464534065948279e-14 1.505591422743903920e-12 2.265750552707214186e-11 1.119346635617692231e-10 2.817024086560758289e-11
1.472204013377926390e+00 6.469403778680494255e-26 3.122656599859235694e-22 1.419103389075680147e-19 1.851078476145107975e-17 1.149793609437834876e-15 4.633772588131929142e-14 1.142774294805397079e-12 1.885105635090284398e-11 1.073687760004894108e-10 3.223810006989658579e-11
1.485578595317725847e+00 3.708754221900222815e-26 1.848349068069930633e-22 8.717618328032219785e-20 1.184738265943873975e-17 7.707668332500320648e-16 3.280642512050567343e-14 8.622307539011517709e-13 1.557227396091023450e-11 1.021871582322205387e-10 3.645492129985780397e-11
1.498953177257525082e+00 2.133288478969557229e-26 1.096249297271079914e-22 5.358799663382067336e-20 7.577867039659261975e-18 5.157144166305416156e-16 2.315372517456660626e-14 6.476310968293284272e-13 1.278107301447942090e-11 9.650128683314562721e-11 4.075864734335737081e-11
1.512327759197324317e+00 1.229296894235645668e-26 6.506008648990486893e-23 3.292523845658224624e-20 4.839451268049166644e-18 3.441662577293539746e-16 1.628195217366597373e-14 4.841326425280645950e-13 1.042314254335038493e-11 9.044092668288321150e-11 4.507835902936662792e-11
1.525702341137123774e+00 7.069516023461586174e-27 3.850648601850597199e-23 2.016166988333958862e-20 3.078420952224958364e-18 2.286522234128885967e-16 1.139243849026950532e-14 3.598850464017645519e-13 8.443738571798828106e-12 8.413215223745046610e-11 4.934344343295440220e-11
1.539076923076923009e+00 4.082338022044010844e-27 2.285415113511560035e-23 1.236412110905433577e-20 1.958557836323387879e-18 1.517394499211672088e-16 7.951903774212853101e-15 2.665031867375852441e-13 6.801080354210578869e-12 7.768753118387010907e-11 5.348222633216167552e-11
1.552451505016722466e+00 2.360434020635685265e-27 1.356813382487511470e-23 7.577024150237420688e-21 1.244036226429505902e-18 1.004399869210209629e-16 5.531025514012733759e-15 1.964673888501495266e-13 5.445589672105715875e-12 7.121935458669632141e-11 5.742846652272316110e-11
1.565826086956521701e+00 1.362253780294308559e-27 8.034625744130178091e-24 4.628744601982632701e-21 7.872593952279648192e-19 6.620262640530514566e-17 3.828959662640378057e-15 1.440714820714916838e-13 4.333171169340740114e-12 6.482538837979481884e-11 6.112408413870108620e-11
1.579200668896321158e+00 7.899957419327327887e-28 4.774827963590835242e-24 2.834077517250403360e-21 4.986828921728055618e-19 4.362081070246706785e-17 2.646129793354589885e-15 1.053176933377991174e-13 3.430641158429323315e-12 5.859411099953578648e-11 6.450982297318513097e-11
1.592575250836120393e+00 4.584895857600837477e-28 2.837300891663467367e-24 1.733593547488396757e-21 3.153265045967582509e-19 2.866724416358359104e-17 1.822442146709787870e-15 7.665839452437929229e-14 2.701095036635567012e-12 5.259760573748678050e-11 6.754577246693911714e-11
1.605949832775919628e+00 2.656253698619632572e-28 1.681950011033943179e-24 1.057296624529782302e-21 1.986927506928706073e-19 1.876480147369238451e-17 1.249529328240391255e-15 5.551899199665799841e-14 2.114301833059211652e-12 4.689262430884434297e-11 7.020144837020135784e-11
1.619324414715719085e+00 0.000000000000000000e+00 1.001358938002010588e-24 6.467937372066011363e-22 1.254194740655640495e-19 1.228811203634508260e-17 8.558721169489081368e-16 4.011034241061576475e-14 1.647778449878990894e-12 4.153209999409334388e-11 7.244376480701021294e-11
1.632698996655518320e+00 0.000000000000000000e+00 5.958603395093261885e-25 3.951796744204743359e-22 7.901300768952216666e-20 8.025402716530676624e-18 5.842424162035821054e-16 2.885786693614437472e-14 1.277505219496846898e-12 3.654294145712329232e-11 7.426734769725007327e-11
1.646073578595317777e+00 0.000000000000000000e+00 3.537711336347571788e-25 2.407769466862573322e-22 4.961436238205035656e-20 5.221710590688772384e-18 3.971282676622871008e-16 2.066376481840527455e-14 9.850076873311014100e-13 3.194292071939081736e-11 7.567161672443202172e-11
1.659448160535117012e+00 0.000000000000000000e+00 2.110957270691101867e-25 1.472584035226500104e-22 3.123276595207702517e-20 3.401516902388701363e-18 2.698701246635569990e-16 1.477020136517579669e-14 7.566823019175948728e-13 2.775118401649529608e-11 7.665127672925485010e-11
1.672822742474916469e+00 0.000000000000000000e+00 1.258432546758382011e-25 8.992179997946608757e-23 1.961860390593769159e-20 2.209631488217976236e-18 1.827633598305185072e-16 1.051452951378841395e-14 5.783953929626691627e-13 2.395845879782559036e-11 7.722995470147331611e-11
1.686197324414715704e+00 0.000000000000000000e+00 7.486195617500080786e-26 5.476614881177954153e-23 1.228523406257415815e-20 1.430286558961848986e-18 1.232748452961690949e-16 7.451372639457976577e-15 4.398291974325878357e-13 2.055482828256241048e-11 7.742913046287637641e-11
1.699571906354515161e+00 0.000000000000000000e+00 4.478878030421694847e-26 3.350575206341061522e-23 7.718236199202405375e-21 9.276131323139515434e-19 8.318848779730238805e-17 5.274910863047562357e-15 3.334495305796651200e-13 1.753543946872370566e-11 7.726391962529957832e-11
1.712946488294314396e+00 0.000000000000000000e+00 2.675970347851381222e-26 2.045953192473580634e-23 4.837226179760428827e-21 5.998285632529532871e-19 5.594115720511989023e-17 3.719047206022319622e-15 2.515879993083502832e-13 1.487002284733900007e-11 7.677397347060067612e-11
1.726321070234113630e+00 0.000000000000000000e+00 1.595860747910867519e-26 1.246412773658180499e-23 3.023184522325258792e-21 3.866140901719159473e-19 3.747857116192968192e-17 2.611086927577431583e-15 1.889032952530782173e-13 1.253478643072087371e-11 7.599100830360264740e-11
1.739695652173913087e+00 0.000000000000000000e+00 9.574890863003608824e-27 7.630740395247572615e-24 1.896513748392641817e-21 2.497998380751717210e-19 2.513465715669343860e-17 1.832241492826376701e-15 1.414894773173350364e-13 1.051199758885912829e-11 7.494060312606513738e-11
1.753070234113712322e+00 0.000000000000000000e+00 5.735253145666414782e-27 4.661703587529838707e-24 1.186653607953448947e-21 1.609108792426716959e-19 1.679710263885217894e-17 1.280573251310766771e-15 1.054855892911704843e-13 8.765207428265163895e-12 7.366478333577124399e-11
1.766444816053511779e+00 0.000000000000000000e+00 3.431298855663221834e-27 2.843099982510508260e-24 7.408864718461718437e-22 1.033771317269319357e-19 1.118958323496886582e-17 8.916808107538731274e-16 7.829635000754588283e-14 7.267808104353594565e-12 7.219550488219286279e-11
1.779819397993311014e+00 0.000000000000000000e+00 2.064368076144568598e-27 1.741930208413841508e-24 4.642050277134913980e-22 6.657170513416145434e-20 7.461881022188546807e-18 6.206598762085995289e-16 5.799022662382986391e-14 5.997773507126414018e-12 7.056048069193732462e-11
1.793193979933110471e+00 0.000000000000000000e+00 1.240050121208747991e-27 1.065118317063832985e-24 2.901421425554109056e-22 4.274739747527743064e-20 4.959503117044807593e-18 4.303768508683238299e-16 4.276206134284452856e-14 4.922777595900806288e-12 6.879471409598997676e-11
1.806568561872909706e+00 0.000000000000000000e+00 7.444855732368287797e-28 6.505922156174278830e-25 1.810667445224175458e-22 2.739247203187782838e-20 3.287640231976910818e-18 2.974699565109838704e-16 3.140759636304252850e-14 4.019360485488311118e-12 6.692497929167097811e-11
1.819943143812709163e+00 0.000000000000000000e+00 4.492505651933198351e-28 3.990735725293850073e-25 1.133676137062034065e-22 1.759227315011689440e-20 2.181627152513914975e-18 2.055520285221223043e-16 2.302398191304059209e-14 3.267514747517573218e-12 6.497495781318933871e-11
1.833317725752508398e+00 0.000000000000000000e+00 2.706974474045263996e-28 2.443295731345311017e-25 7.081785719242284630e-23 1.126776241690516037e-20 1.443147110967476593e-18 1.415261018573858857e-16 1.680793870497618051e-14 2.642603014814417619e-12 6.296978019741372855e-11
1.846692307692307633e+00 0.000000000000000000e+00 1.631226434502563232e-28 1.495242468589349581e-25 4.419643160778421349e-23 7.206258672744957635e-21 9.526585425224254177e-19 9.717859303860627368e-17 1.222692868661790827e-14 2.126874704248359732e-12 6.092892498759407089e-11
1.860066889632107090e+00 0.000000000000000000e+00 0.000000000000000000e+00 9.185731171725253881e-26 2.766513853211986844e-23 4.618248478836200304e-21 6.294914288756709203e-19 6.671346438891454077e-17 8.879152996120215007e-15 1.704973742603933279e-12 5.886965441913663626e-11
1.873441471571906325e+00 0.000000000000000000e+00 0.000000000000000000e+00 5.633015157829516321e-26 1.727975544292810217e-23 2.952123334833808203e-21 4.147145229750212628e-19 4.564281539471330152e-17 6.422506325080306218e-15 1.360070897387384563e-12 5.680775219085974815e-11
1.886816053511705782e+00 0.000000000000000000e+00 0.000000000000000000e+00 3.454959639673834224e-26 1.078928354273705383e-23 1.885390407424553335e-21 2.728014259304756628e-19 3.115836252806904802e-17 4.631344715414189026e-15 1.080128752354708401e-12 5.475582770248381540e-11
1.900190635451505017e+00 0.000000000000000000e+00 0.000000000000000000e+00 2.126367280006479554e-26 6.754862670031630883e-24 1.206353503302330190e-21 1.796089586174335588e-19 2.126623848884247059e-17 3.334425754530497209e-15 8.546515048918932887e-13 5.272484705768199865e-11
1.913565217391304474e+00 0.000000000000000000e+00 0.000000000000000000e+00 1.306474221794685237e-26 4.220370564064677150e-24 7.700117766280375092e-22 1.179191012027916985e-19 1.446764141537370660e-17 2.391652795694865378e-15 6.730980306432188991e-13 5.072332568737214854e-11
1.926939799331103709e+00 0.000000000000000000e+00 0.000000000000000000e+00 8.033300021268650751e-27 2.637484067345027660e-24 4.913379998756429516e-22 7.734277431484989209e-20 9.825954698960583958e-18 1.710997343005761288e-15 5.279792050010375336e-13 4.875854495783350056e-11
1.940314381270902944e+00 0.000000000000000000e+00 0.000000000000000000e+00 4.954524938255509788e-27 1.652176595923382970e-24 3.140278247432072034e-22 5.076699346249492512e-20 6.671950041975958375e-18 1.222227974625033421e-15 4.127334123724540913e-13 4.683643797618755302e-11
1.953688963210702401e+00 0.000000000000000000e+00 0.000000000000000000e+00 3.050815405550232355e-27 1.032951885401731162e-24 2.002444384713253184e-22 3.323388131259152952e-20 4.516396192553891636e-18 8.699553858711969631e-16 3.212173208463519736e-13 4.496056707639595540e-11
1.967063545150501636e+00 0.000000000000000000e+00 0.000000000000000000e+00 1.881088331741594521e-27 6.463364645652609888e-25 1.277204393068715376e-22 2.174706959770369257e-20 3.053723518714632840e-18 6.179082449657053932e-16 2.490924826119345218e-13 4.313455939010220154e-11
1.980438127090301093e+00 0.000000000000000000e+00 0.000000000000000000e+00 1.162881162063742994e-27 4.052429916491168857e-25 8.157410336863364405e-23 1.423883530487603984e-20 2.064139979983729372e-18 4.382527067076333747e-16 1.925450074510354448e-13 4.136077731260791218e-11
1.993812709030100327e+00 0.000000000000000000e+00 0.000000000000000000e+00 7.177988472708590480e-28 2.536135347009943586e-25 5.198757446074563575e-23 9.299180822770728183e-21 1.391154901222125178e-18 3.097710489117932626e-16 1.482089557383995801e-13 3.963972754412748068e-11
2.007187290969899784e+00 0.000000000000000000e+00 0.000000000000000000e+00 4.439061181158980901e-28 1.589382524381662438e-25 3.315873945108955026e-23 6.073989311992440678e-21 9.370000746630320019e-19 2.186001713323610583e-16 1.137196831367616793e-13 3.797272558111570146e-11
2.020561872909699019e+00 0.000000000000000000e+00 0.000000000000000000e+00 2.751236936707071739e-28 9.977176247860508979e-26 2.117220844345301128e-23 3.968923758899646665e-21 6.308575357417170157e-19 1.540418384292542576e-16 8.699288910229768438e-14 3.635978111919348920e-11
2.033936454849498254e+00 0.000000000000000000e+00 0.000000000000000000e+00 1.702701853901894978e-28 6.252108445229858142e-26 1.349076250277033430e-23 2.587154304334979434e-21 4.235564209631208212e-19 1.081961022918132466e-16 6.628114219999478609e-14 3.479966501106312632e-11
2.047311036789297489e+00 0.000000000000000000e+00 0.000000000000000000e+00 1.056341787849406448e-28 3.925388932492440533e-26 8.607902726048612786e-24 1.687593249929981930e-21 2.843468748270184970e-19 7.590872383590800564e-17 5.036225430127582225e-14 3.329230148224820269e-11
2.060685618729097168e+00 0.000000000000000000e+00 0.000000000000000000e+00 0.000000000000000000e+00 2.467756753061791274e-26 5.496645222271195343e-24 1.100999128164121542e-21 1.907899212687781726e-19 5.317891715770985100e-17 3.815629303928238592e-14 3.183623298048803079e-11
2.074060200668896403e+00 0.000000000000000000e+00 0.000000000000000000e+00 0.000000000000000000e+00 1.548809792532066582e-26 3.503026954741502058e-24 7.166504850162376839e-22 1.276756327158002306e-19 3.713957010182026303e-17 2.879829969290183060e-14 3.042934056348612085e-11
2.087434782608695638e+00 0.000000000000000000e+00 0.000000000000000000e+00 0.000000000000000000e+00 9.744582240672402268e-27 2.236734137766014519e-24 4.670437767154967469e-22 8.547646798171888602e-20 2.592131094913413187e-17 2.168549890161632201e-14 2.907075809288027969e-11
2.100809364548494873e+00 0.000000000000000000e+00 0.000000000000000000e+00 0.000000000000000000e+00 6.136611645185938412e-27 1.428854606247189678e-24 3.043521116625112978e-22 5.718537651209886403e-20 1.806423231395586386e-17 1.628394376630442273e-14 2.775820196322002369e-11
2.114183946488294552e+00 0.000000000000000000e+00 0.000000000000000000e+00 0.000000000000000000e+00 3.858368460024998507e-27 9.110601348609060138e-25 1.978987234305047877e-22 3.816124092000739743e-20 1.255140953722714584e-17 1.218331309569650797e-14 2.648922140050261571e-11
2.127558528428093787e+00 0.000000000000000000e+00 0.000000000000000000e+00 0.000000000000000000e+00 2.433177888571220269e-27 5.823186536797476455e-25 1.289050522213491465e-22 2.549020597686726025e-20 8.719768464394013835e-18 9.098479474752853408e-15 2.526259582834751939e-11
2.140933110367893022e+00 0.000000000000000000e+00 0.000000000000000000e+00 0.000000000000000000e+00 1.535248665475590244e-27 3.722503906701300302e-25 8.393672527885034511e-23 1.701152802818123435e-20 6.048132989254642377e-18 6.776187936199473801e-15 2.407573190630501047e-11
2.154307692307692257e+00 0.000000000000000000e+00 0.000000000000000000e+00 0.000000000000000000e+00 9.672175969110065055e-28 2.375373092769668724e-25 5.454128453254759968e-23 1.132562656118041656e-20 4.183167505340930267e-18 5.029080392190919952e-15 2.292626868358847156e-11
2.167682274247491492e+00 0.000000000000000000e+00 0.000000000000000000e+00 0.000000000000000000e+00 6.114823713039976819e-28 1.520223204810003224e-25 3.552103848982643841e-23 7.551269073412394571e-21 2.894316027857968791e-18 3.727241092992177021e-15 2.181301378212791785e-11
2.181056856187291171e+00 0.000000000000000000e+00 0.000000000000000000e+00 0.000000000000000000e+00 3.866440999336499254e-28 9.727417648656384486e-26 2.311962255180994401e-23 5.029287557866150996e-21 1.999124928218285002e-18 2.754926816977876003e-15 2.073351424919234881e-11
2.194431438127090406e+00 0.000000000000000000e+00 0.000000000000000000e+00 0.000000000000000000e+00 2.441226045373253763e-28 6.213611252018280169e-26 1.501783241094443458e-23 3.341860927130507294e-21 1.377066847866582940e-18 2.029482779873207854e-15 1.968584734765291122e-11
2.207806020066889641e+00 0.000000000000000000e+00 0.000000000000000000e+00 0.000000000000000000e+00 1.547502899564682258e-28 3.982796197942478862e-26 9.782349995478467215e-24 2.225010359823547089e-21 9.493888423556653696e-19 1.493677212684384557e-15 1.866920231250181408e-11
2.221180602006688876e+00 0.000000000000000000e+00 0.000000000000000000e+00 0.000000000000000000e+00 9.807425482154401461e-29 2.551511489554708330e-26 6.366310308297328039e-24 1.479468880879313441e-21 6.533184169760051228e-19 1.096347359003349029e-15 1.768162120276880881e-11
2.234555183946488555e+00 0.000000000000000000e+00 0.000000000000000000e+00 0.000000000000000000e+00 6.206891034700348805e-29 1.631904871787351109e-26 4.135243685768770586e-24 9.815632518091773439e-22 4.484117641797147800e-19 8.021475344349503509e-16 1.672187109283055981e-11
2.247929765886287790e+00 0.000000000000000000e+00 0.000000000000000000e+00 0.000000000000000000e+00 0.000000000000000000e+00 1.047858244600483658e-26 2.694894726130279527e-24 6.528486804084392295e-22 3.081908186556596309e-19 5.866222046155943446e-16 1.578979234356250167e-11
2.261304347826087024e+00 0.000000000000000000e+00 0.000000000000000000e+00 0.000000000000000000e+00 0.000000000000000000e+00 6.722397866490244813e-27 1.754124033379415062e-24 4.335417936465209564e-22 2.113890869443136866e-19 4.278248969651759955e-16 1.488410000042293119e-11
2.274678929765886259e+00 0.000000000000000000e+00 0.000000000000000000e+00 0.000000000000000000e+00 0.000000000000000000e+00 4.305890524100864571e-27 1.139677789155816336e-24 2.872952095683282252e-22 1.446318066091298470e-19 3.110615121065142021e-16 1.400434371091406192e-11
2.288053511705685494e+00 0.000000000000000000e+00 0.000000000000000000e+00 0.000000000000000000e+00 0.000000000000000000e+00 2.770251299183651278e-27 7.432663233479075337e-25 1.909520236091325190e-22 9.914048994234242546e-20 2.261664279605220942e-16 1.315111985675286798e-11
2.301428093645485173e+00 0.000000000000000000e+00 0.000000000000000000e+00 0.000000000000000000e+00 0.000000000000000000e+00 1.780067472670538649e-27 4.840051453673001274e-25 1.266870446363146886e-22 6.780755887558019927e-20 1.639775904267403407e-16 1.232375653140761285e-11
2.314802675585284408e+00 0.000000000000000000e+00 0.000000000000000000e+00 0.000000000000000000e+00 0.000000000000000000e+00 1.142419047381687681e-27 3.147102569751501908e-25 8.390087569048660153e-23 4.627663457404278863e-20 1.185591898061146499e-16 1.152252216530596072e-11
2.328177257525083643e+00 0.000000000000000000e+00 0.000000000000000000e+00 0.000000000000000000e+00 0.000000000000000000e+00 7.363391913619339397e-28 2.053906463879393436e-25 5.573045913568332423e-23 3.164294344601008454e-20 8.573485272322567502e-17 1.074854968304992835e-11
2.341551839464882878e+00 0.000000000000000000e+00 0.000000000000000000e+00 0.000000000000000000e+00 0.000000000000000000e+00 4.739859066140890181e-28 1.338369378441497635e-25 3.695074835705366109e-23 2.158925605041043861e-20 6.182746808002629842e-17 1.000161723209249372e-11
2.354926421404682113e+00 0.000000000000000000e+00 0.000000000000000000e+00 0.000000000000000000e+00 0.000000000000000000e+00 3.048783898728052034e-28 8.712131703436762280e-26 2.446642204272427352e-23 1.470387121635003037e-20 4.447859293431148031e-17 9.282427057209303507e-12
2.368301003344481792e+00 0.000000000000000000e+00 0.000000000000000000e+00 0.000000000000000000e+00 0.000000000000000000e+00 1.968759436590340019e-28 5.690482266067856448e-26 1.624456304398812447e-23 1.003224520744077730e-20 3.200345046393230672e-17 8.592301779035614952e-12
2.381675585284281027e+00 0.000000000000000000e+00 0.000000000000000000e+00 0.000000000000000000e+00 0.000000000000000000e+00 1.269746250505209833e-28 3.711311746486182192e-26 1.076672495266539867e-23 6.830467222420481640e-21 2.296648002749536089e-17 7.931143265334527365e-12
2.395050167224080262e+00 0.000000000000000000e+00 0.000000000000000000e+00 0.000000000000000000e+00 0.000000000000000000e+00 8.186776876966128714e-29 2.419100649296153893e-26 7.129595609625676795e-24 4.644225846611890247e-21 1.644719764230582370e-17 7.299729094823793242e-12
2.408424749163879497e+00 0.000000000000000000e+00 0.000000000000000000e+00 0.000000000000000000e+00 0.000000000000000000e+00 5.297286229303982398e-29 1.581684723942652308e-26 4.732911697101146064e-24 3.162861959345936695e-21 1.178034117283802575e-17 6.699189518618200581e-12
2.421799331103679176e+00 0.000000000000000000e+00 0.000000000000000000e+00 0.000000000000000000e+00 0.000000000000000000e+00 3.423526637959515398e-29 1.032679931559625801e-26 3.136614251800356047e-24 2.149663609960324685e-21 8.416328143551279821e-18 6.129211018604179806e-12
2.435173913043478411e+00 0.000000000000000000e+00 0.000000000000000000e+00 0.000000000000000000e+00 0.000000000000000000e+00 0.000000000000000000e+00 6.741425591674846756e-27 2.077720056572867072e-24 1.459651526911394608e-21 6.002667911671996963e-18 5.590331943804863503e-12
2.448548494983277646e+00 0.000000000000000000e+00 0.000000000000000000e+00 0.000000000000000000e+00 0.000000000000000000e+00 0.000000000000000000e+00 4.413033890864423754e-27 1.379371893587101110e-24 9.925558522514895248e-22 4.281690072877811920e-18 5.083167582209335292e-12
2.461923076923076881e+00 0.000000000000000000e+00 0.000000000000000000e+00 0.000000000000000000e+00 0.000000000000000000e+00 0.000000000000000000e+00 2.884874027208536472e-27 9.142689025699838988e-25 6.736265345288064864e-22 3.046695865870443819e-18 4.606979666164124995e-12
2.475297658862876116e+00 0.000000000000000000e+00 0.000000000000000000e+00 0.000000000000000000e+00 0.000000000000000000e+00 0.000000000000000000e+00 1.886450695563349112e-27 6.059619157740917931e-25 4.569297907386345745e-22 2.165006131747676532e-18 4.161869532429656336e-12
2.488672240802675795e+00 0.000000000000000000e+00 0.000000000000000000e+00 0.000000000000000000e+00 0.000000000000000000e+00 0.000000000000000000e+00 1.236576813657270850e-27 4.024079084245229475e-25 3.103290447162792749e-22 1.538539063509239325e-18 3.747772071181676010e-12
2.502046822742475030e+00 0.000000000000000000e+00 0.000000000000000000e+00 0.000000000000000000e+00 0.000000000000000000e+00 0.000000000000000000e+00 8.095120625490478359e-28 2.668166634411477998e-25 2.103713842523790276e-22 1.090793049061700960e-18 3.363482375624698956e-12
2.515421404682274265e+00 0.000000000000000000e+00 0.000000000000000000e+00 0.000000000000000000e+00 0.000000000000000000e+00 0.000000000000000000e+00 5.303223727481439240e-28 1.769789280269080575e-25 1.425916387566324236e-22 7.725977758246504449e-19 3.008616944233576138e-12
2.528795986622073499e+00 0.000000000000000000e+00 0.000000000000000000e+00 0.000000000000000000e+00 0.000000000000000000e+00 0.000000000000000000e+00 3.481523266751525403e-28 1.175864608907400856e-25 9.675046059513000882e-23 5.471976506329282528e-19 2.682447015601444274e-12
2.542170568561873178e+00 0.000000000000000000e+00 0.000000000000000000e+00 0.000000000000000000e+00 0.000000000000000000e+00 0.000000000000000000e+00 2.282685931660388007e-28 7.800878610435201210e-26 6.552907083168822858e-23 3.866859669720422332e-19 2.383402051705440935e-12
2.555545150501672413e+00 0.000000000000000000e+00 0.000000000000000000e+00 0.000000000000000000e+00 0.000000000000000000e+00 0.000000000000000000e+00 1.498370426895638933e-28 5.179320091957612335e-26 4.439502584970100716e-23 2.730941225711644332e-19 2.110694008394221236e-12
2.568919732441471648e+00 0.000000000000000000e+00 0.000000000000000000e+00 0.000000000000000000e+00 0.000000000000000000e+00 0.000000000000000000e+00 9.852794254787103162e-29 3.443524570185353273e-26 3.010157974273207976e-23 1.928400756203591903e-19 1.863089251294481782e-12
2.582294314381270883e+00 0.000000000000000000e+00 0.000000000000000000e+00 0.000000000000000000e+00 0.000000000000000000e+00 0.000000000000000000e+00 6.470928501926717345e-29 2.286164758156587341e-26 2.037487542095218515e-23 1.358758541865622784e-19 1.638832733646738212e-12
2.595668896321070118e+00 0.000000000000000000e+00 0.000000000000000000e+00 0.000000000000000000e+00 0.000000000000000000e+00 0.000000000000000000e+00 4.256454285786636423e-29 1.519613084067737553e-26 1.380050219407729966e-23 9.571731671633908282e-20 1.436885633455140377e-12
2.609043478260869797e+00 0.000000000000000000e+00 0.000000000000000000e+00 0.000000000000000000e+00 0.000000000000000000e+00 0.000000000000000000e+00 2.803821131163429457e-29 1.011186215151261619e-26 9.352926055747580670e-24 6.740821908170665250e-20 1.255736782815134992e-12
2.622418060200669032e+00 0.000000000000000000e+00 0.000000000000000000e+00 0.000000000000000000e+00 0.000000000000000000e+00 0.000000000000000000e+00 1.844750820367334761e-29 6.719315621917246733e-27 6.328163156790264430e-24 4.737286858460499059e-20 1.093639211204632255e-12
2.635792642140468267e+00 0.000000000000000000e+00 0.000000000000000000e+00 0.000000000000000000e+00 0.000000000000000000e+00 0.000000000000000000e+00 9.917481432715642456e-30 4.472139008267386938e-27 4.286229763215055634e-24 3.329766820816811618e-20 9.494712513055488007e-13
2.649167224080267502e+00 0.000000000000000000e+00 0.000000000000000000e+00 0.000000000000000000e+00 0.000000000000000000e+00 0.000000000000000000e+00 0.000000000000000000e+00 2.978842500176492498e-27 2.904153378617450382e-24 2.339417448826897233e-20 8.216680917223028232e-13
2.662541806020067181e+00 0.000000000000000000e+00 0.000000000000000000e+00 0.000000000000000000e+00 0.000000000000000000e+00 0.000000000000000000e+00 0.000000000000000000e+00 1.981508712418857422e-27 1.964564708171630017e-24 1.640319664837344822e-20 7.086445341148536056e-13
2.675916387959866416e+00 0.000000000000000000e+00 0.000000000000000000e+00 0.000000000000000000e+00 0.000000000000000000e+00 0.000000000000000000e+00 0.000000000000000000e+00 1.320726442054021983e-27 1.330920965797925937e-24 1.150749698407745088e-20 6.093346126811848928e-13
2.689290969899665651e+00 0.000000000000000000e+00 0.000000000000000000e+00 0.000000000000000000e+00 0.000000000000000000e+00 0.000000000000000000e+00 0.000000000000000000e+00 8.807235957440526638e-28 9.017256823273923285e-25 8.068112155775002846e-21 5.222921527220726899e-13
2.702665551839464886e+00 0.000000000000000000e+00 0.000000000000000000e+00 0.000000000000000000e+00 0.000000000000000000e+00 0.000000000000000000e+00 0.000000000000000000e+00 5.865454166192253639e-28 6.099901478289617292e-25 5.645732237765730440e-21 4.461856486966096844e-13
2.716040133779264121e+00 0.000000000000000000e+00 0.000000000000000000e+00 0.000000000000000000e+00 0.000000000000000000e+00 0.000000000000000000e+00 0.000000000000000000e+00 3.915623682298310230e-28 4.134088792351939421e-25 3.954252818414125560e-21 3.800936311119437628e-13
2.729414715719063800e+00 0.000000000000000000e+00 0.000000000000000000e+00 0.000000000000000000e+00 0.000000000000000000e+00 0.000000000000000000e+00 0.000000000000000000e+00 2.614429814869064226e-28 2.801301348168721380e-25 2.767388407697747076e-21 3.227908102804051136e-13
2.742789297658863035e+00 0.000000000000000000e+00 0.000000000000000000e+00 0.000000000000000000e+00 0.000000000000000000e+00 0.000000000000000000e+00 0.000000000000000000e+00 1.743436306473655193e-28 1.895344211726368672e-25 1.933132855487182872e-21 2.732305232789538893e-13
2.756163879598662270e+00 0.000000000000000000e+00 0.000000000000000000e+00 0.000000000000000000e+00 0.000000000000000000e+00 0.000000000000000000e+00 0.000000000000000000e+00 1.165837329261165649e-28 1.285263387280049068e-25 1.352112609024649568e-21 2.306744998786024989e-13
2.769538461538461505e+00 0.000000000000000000e+00 0.000000000000000000e+00 0.000000000000000000e+00 0.000000000000000000e+00 0.000000000000000000e+00 0.000000000000000000e+00 7.794941564039164115e-29 8.711711251136058203e-26 9.448067344089421599e-22 1.941556845772009892e-13
2.782913043478261184e+00 0.000000000000000000e+00 0.000000000000000000e+00 0.000000000000000000e+00 0.000000000000000000e+00 0.000000000000000000e+00 0.000000000000000000e+00 5.205440290411044358e-29 5.896355663153576938e-26 6.590007279277181063e-22 1.628977493799992081e-13
2.796287625418060419e+00 0.000000000000000000e+00 0.000000000000000000e+00 0.000000000000000000e+00 0.000000000000000000e+00 0.000000000000000000e+00 0.000000000000000000e+00 3.487119905435252262e-29 4.001330050946245123e-26 4.604170956326166705e-22 1.363457691954013185e-13
2.809662207357859653e+00 0.000000000000000000e+00 0.000000000000000000e+00 0.000000000000000000e+00 0.000000000000000000e+00 0.000000000000000000e+00 0.000000000000000000e+00 2.334992254000120076e-29 2.713404607981682529e-26 3.212983948191290464e-22 1.137811120335449633e-13
2.823036789297658888e+00 0.000000000000000000e+00 0.000000000000000000e+00 0.000000000000000000e+00 0.000000000000000000e+00 0.000000000000000000e+00 0.000000000000000000e+00 1.561670019023772938e-29 1.837439033368347852e-26 2.238225087665715205e-22 9.465693390345995389e-14
2.836411371237458123e+00 0.000000000000000000e+00 0.000000000000000000e+00 0.000000000000000000e+00 0.000000000000000000e+00 0.000000000000000000e+00 0.000000000000000000e+00 1.048133053983043830e-29 1.247998127181205208e-26 1.562369219640840547e-22 7.857850974117750881e-14
2.849785953177257802e+00 0.000000000000000000e+00 0.000000000000000000e+00 0.000000000000000000e+00 0.000000000000000000e+00 0.000000000000000000e+00 0.000000000000000000e+00 7.029412018408617702e-30 8.468080881117912871e-27 1.089089374078866565e-22 6.503910351796827638e-14
2.863160535117057037e+00 0.000000000000000000e+00 0.000000000000000000e+00 0.000000000000000000e+00 0.000000000000000000e+00 0.000000000000000000e+00 0.000000000000000000e+00 4.709147402464418811e-30 5.738284288243576279e-27 7.579181135968134682e-23 5.367153714704555435e-14
2.876535117056856272e+00 0.000000000000000000e+00 0.000000000000000000e+00 0.000000000000000000e+00 0.000000000000000000e+00 0.000000000000000000e+00 0.000000000000000000e+00 0.000000000000000000e+00 3.901231820917253822e-27 5.286795821667480646e-23 4.420667626447208776e-14
2.889909698996655507e+00 0.000000000000000000e+00 0.000000000000000000e+00 0.000000000000000000e+00 0.000000000000000000e+00 0.000000000000000000e+00 0.000000000000000000e+00 0.000000000000000000e+00 2.649052783449813366e-27 3.682005320880438093e-23 3.630511070606998041e-14
2.903284280936454742e+00 0.000000000000000000e+00 0.000000000000000000e+00 0.000000000000000000e+00 0.000000000000000000e+00 0.000000000000000000e+00 0.000000000000000000e+00 0.000000000000000000e+00 1.797049193958002735e-27 2.560930938397796072e-23 2.973187042720183070e-14
2.916658862876254421e+00 0.000000000000000000e+00 0.000000000000000000e+00 0.000000000000000000e+00 0.000000000000000000e+00 0.000000000000000000e+00 0.000000000000000000e+00 0.000000000000000000e+00 1.222738185283528875e-27 1.785014155495853424e-23 2.430529034325862515e-14
2.930033444816053656e+00 0.000000000000000000e+00 0.000000000000000000e+00 0.000000000000000000e+00 0.000000000000000000e+00 0.000000000000000000e+00 0.000000000000000000e+00 0.000000000000000000e+00 8.309832238661328465e-28 1.242306613070572857e-23 1.981329438939761452e-14
2.943408026755852891e+00 0.000000000000000000e+00 0.000000000000000000e+00 0.000000000000000000e+00 0.000000000000000000e+00 0.000000000000000000e+00 0.000000000000000000e+00 0.000000000000000000e+00 5.643966404529765832e-28 8.637345766314941990e-24 1.610899035579172587e-14
2.956782608695652126e+00 0.000000000000000000e+00 0.000000000000000000e+00 0.000000000000000000e+00 0.000000000000000000e+00 0.000000000000000000e+00 0.000000000000000000e+00 0.000000000000000000e+00 3.843797160161470147e-28 6.016951039619877349e-24 1.307516564394637511e-14
2.970157190635451805e+00 0.000000000000000000e+00 0.000000000000000000e+00 0.000000000000000000e+00 0.000000000000000000e+00 0.000000000000000000e+00 0.000000000000000000e+00 0.000000000000000000e+00 2.614790310758974654e-28 4.185394447120262379e-24 1.058385448787328719e-14
2.983531772575251040e+00 0.000000000000000000e+00 0.000000000000000000e+00 0.000000000000000000e+00 0.000000000000000000e+00 0.000000000000000000e+00 0.000000000000000000e+00 0.000000000000000000e+00 1.778270204982828067e-28 2.909399430658736467e-24 8.546380380561884103e-15
2.996906354515050275e+00 0.000000000000000000e+00 0.000000000000000000e+00 0.000000000000000000e+00 0.000000000000000000e+00 0.000000000000000000e+00 0.000000000000000000e+00 0.000000000000000000e+00 1.212329982366997073e-28 2.025933915912149140e-24 6.890073448511052384e-15
3.010280936454849510e+00 0.000000000000000000e+00 0.000000000000000000e+00 0.000000000000000000e+00 0.000000000000000000e+00 0.000000000000000000e+00 0.000000000000000000e+00 0.000000000000000000e+00 8.255786310864273780e-29 1.408737683158477371e-24 5.540164507108352704e-15
3.023655518394648745e+00 0.000000000000000000e+00 0.000000000000000000e+00 0.000000000000000000e+00 0.000000000000000000e+00 0.000000000000000000e+00 0.000000000000000000e+00 0.000000000000000000e+00 5.622502864734412579e-29 9.792291227141475981e-25 4.444811874030842762e-15
3.037030100334448424e+00 0.000000000000000000e+00 0.000000000000000000e+00 0.000000000000000000e+00 0.000000000000000000e+00 0.000000000000000000e+00 0.000000000000000000e+00 0.000000000000000000e+00 3.837429815285994033e-29 6.817109282794778409e-25 3.560541437109485657e-15
3.050404682274247659e+00 0.000000000000000000e+00 0.000000000000000000e+00 0.000000000000000000e+00 0.000000000000000000e+00 0.000000000000000000e+00 0.000000000000000000e+00 0.000000000000000000e+00 2.616248321926601683e-29 4.739332361527263691e-25 2.844945459545410857e-15
3.063779264214046893e+00 0.000000000000000000e+00 0.000000000000000000e+00 0.000000000000000000e+00 0.000000000000000000e+00 0.000000000000000000e+00 0.000000000000000000e+00 0.000000000000000000e+00 1.784424722206050367e-29 3.294770056296084527e-25 2.268599493105555975e-15
3.077153846153846128e+00 0.000000000000000000e+00 0.000000000000000000e+00 0.000000000000000000e+00 0.000000000000000000e+00 0.000000000000000000e+00 0.000000000000000000e+00 0.000000000000000000e+00 1.219364762615082791e-29 2.293498703705321496e-25 1.806320675233057527e-15
3.090528428093645807e+00 0.000000000000000000e+00 0.000000000000000000e+00 0.000000000000000000e+00 0.000000000000000000e+00 0.000000000000000000e+00 0.000000000000000000e+00 0.000000000000000000e+00 8.323562329425941666e-30 1.594372647110047097e-25 1.434708605602739283e-15
3.103903010033445042e+00 0.000000000000000000e+00 0.000000000000000000e+00 0.000000000000000000e+00 0.000000000000000000e+00 0.000000000000000000e+00 0.000000000000000000e+00 0.000000000000000000e+00 5.686048017029179556e-30 1.108697625858870843e-25 1.137512301088908685e-15
3.117277591973244277e+00 0.000000000000000000e+00 0.000000000000000000e+00 0.000000000000000000e+00 0.000000000000000000e+00 0.000000000000000000e+00 0.000000000000000000e+00 0.000000000000000000e+00 3.890488977175802548e-30 7.717966440473139762e-26 9.005656983265007563e-16
3.130652173913043512e+00 0.000000000000000000e+00 0.000000000000000000e+00 0.000000000000000000e+00 0.000000000000000000e+00 0.000000000000000000e+00 0.000000000000000000e+00 0.000000000000000000e+00 2.659192050604095912e-30 5.365702269516074913e-26 7.112815715166613203e-16
3.144026755852842747e+00 0.000000000000000000e+00 0.000000000000000000e+00 0.000000000000000000e+00 0.000000000000000000e+00 0.000000000000000000e+00 0.000000000000000000e+00 0.000000000000000000e+00 1.819548309274080362e-30 3.732691905818506186e-26 5.609084670240712987e-16
3.157401337792642426e+00 0.000000000000000000e+00 0.000000000000000000e+00 0.000000000000000000e+00 0.000000000000000000e+00 0.000000000000000000e+00 0.000000000000000000e+00 0.000000000000000000e+00 6.482994023680525812e-31 2.598860561218186878e-26 4.416881858909873467e-16
3.170775919732441661e+00 0.000000000000000000e+00 0.000000000000000000e+00 0.000000000000000000e+00 0.000000000000000000e+00 0.000000000000000000e+00 0.000000000000000000e+00 0.000000000000000000e+00 0.000000000000000000e+00 1.807143998674936458e-26 3.470082980143069915e-16
3.184150501672240896e+00 0.000000000000000000e+00 0.000000000000000000e+00 0.000000000000000000e+00 0.000000000000000000e+00 0.000000000000000000e+00 0.000000000000000000e+00 0.000000000000000000e+00 0.000000000000000000e+00 1.257804778364676802e-26 2.722650145758275633e-16
3.197525083612040131e+00 0.000000000000000000e+00 0.000000000000000000e+00 0.000000000000000000e+00 0.000000000000000000e+00 0.000000000000000000e+00 0.000000000000000000e+00 0.000000000000000000e+00 0.000000000000000000e+00 8.759833407504312838e-27 2.133125880192498051e-16
3.210899665551839366e+00 0.000000000000000000e+00 0.000000000000000000e+00 0.000000000000000000e+00 0.000000000000000000e+00 0.000000000000000000e+00 0.000000000000000000e+00 0.000000000000000000e+00 0.000000000000000000e+00 6.093145564009546689e-27 1.667528472327884582e-16
3.224274247491639045e+00 0.000000000000000000e+00 0.000000000000000000e+00 0.000000000000000000e+00 0.000000000000000000e+00 0.000000000000000000e+00 0.000000000000000000e+00 0.000000000000000000e+00 0.000000000000000000e+00 4.243610275157845341e-27 1.302159456828140273e-16
3.237648829431438280e+00 0.000000000000000000e+00 0.000000000000000000e+00 0.000000000000000000e+00 0.000000000000000000e+00 0.000000000000000000e+00 0.000000000000000000e+00 0.000000000000000000e+00 0.000000000000000000e+00 2.956561039200647626e-27 1.015360292650114232e-16
3.251023411371237515e+00 0.000000000000000000e+00 0.000000000000000000e+00 0.000000000000000000e+00 0.000000000000000000e+00 0.000000000000000000e+00 0.000000000000000000e+00 0.000000000000000000e+00 0.000000000000000000e+00 2.057380581773413178e-27 7.900208882807046549e-17
3.264397993311036750e+00 0.000000000000000000e+00 0.000000000000000000e+00 0.000000000000000000e+00 0.000000000000000000e+00 0.000000000000000000e+00 0.000000000000000000e+00 0.000000000000000000e+00 0.000000000000000000e+00 1.433926141653266272e-27 6.141857251188291332e-17
3.277772575250836429e+00 0.000000000000000000e+00 0.000000000000000000e+00 0.000000000000000000e+00 0.000000000000000000e+00 0.000000000000000000e+00 0.000000000000000000e+00 0.000000000000000000e+00 0.000000000000000000e+00 9.995174274087452368e-28 4.767731276297259040e-17
3.291147157190635664e+00 0.000000000000000000e+00 0.000000000000000000e+00 0.000000000000000000e+00 0.000000000000000000e+00 0.000000000000000000e+00 0.000000000000000000e+00 0.000000000000000000e+00 0.000000000000000000e+00 6.958937706849525460e-28 3.693303050403002880e-17
3.304521739130434899e+00 0.000000000000000000e+00 0.000000000000000000e+00 0.000000000000000000e+00 0.000000000000000000e+00 0.000000000000000000e+00 0.000000000000000000e+00 0.000000000000000000e+00 0.000000000000000000e+00 4.854164518736382720e-28 2.859378267570122953e-17
3.317896321070234134e+00 0.000000000000000000e+00 0.000000000000000000e+00 0.000000000000000000e+00 0.000000000000000000e+00 0.000000000000000000e+00 0.000000000000000000e+00 0.000000000000000000e+00 0.000000000000000000e+00 3.385559995545541389e-28 2.210337949050174395e-17
3.331270903010033368e+00 0.000000000000000000e+00 0.000000000000000000e+00 0.000000000000000000e+00 0.000000000000000000e+00 0.000000000000000000e+00 0.000000000000000000e+00 0.000000000000000000e+00 0.000000000000000000e+00 2.358562375846959454e-28 1.705156022292285093e-17
3.344645484949833047e+00 0.000000000000000000e+00 0.000000000000000000e+00 0.000000000000000000e+00 0.000000000000000000e+00 0.000000000000000000e+00 0.000000000000000000e+00 0.000000000000000000e+00 0.000000000000000000e+00 1.646706373646168660e-28 1.315030191702997102e-17
3.358020066889632282e+00 0.000000000000000000e+00 0.000000000000000000e+00 0.000000000000000000e+00 0.000000000000000000e+00 0.000000000000000000e+00 0.000000000000000000e+00 0.000000000000000000e+00 0.000000000000000000e+00 1.149269169522030794e-28 1.012537730408511332e-17
3.371394648829431517e+00 0.000000000000000000e+00 0.000000000000000000e+00 0.000000000000000000e+00 0.000000000000000000e+00 0.000000000000000000e+00 0.000000000000000000e+00 0.000000000000000000e+00 0.000000000000000000e+00 8.011970477131434783e-29 7.780919263472833857e-18
3.384769230769230752e+00 0.000000000000000000e+00 0.000000000000000000e+00 0.000000000000000000e+00 0.000000000000000000e+00 0.000000000000000000e+00 0.000000000000000000e+00 0.000000000000000000e+00 0.000000000000000000e+00 5.599382637600716960e-29 5.979035553233671177e-18
3.398143812709030431e+00 0.000000000000000000e+00 0.000000000000000000e+00 0.000000000000000000e+00 0.000000000000000000e+00 0.000000000000000000e+00 0.000000000000000000e+00 0.000000000000000000e+00 0.000000000000000000e+00 3.910835598784182280e-29 4.586728801064818993e-18
3.411518394648829666e+00 0.000000000000000000e+00 0.000000000000000000e+00 0.000000000000000000e+00 0.000000000000000000e+00 0.000000000000000000e+00 0.000000000000000000e+00 0.000000000000000000e+00 0.000000000000000000e+00 2.728484558352579046e-29 3.511912257428558661e-18
3.424892976588628901e+00 0.000000000000000000e+00 0.000000000000000000e+00 0.000000000000000000e+00 0.000000000000000000e+00 0.000000000000000000e+00 0.000000000000000000e+00 0.000000000000000000e+00 0.000000000000000000e+00 1.908913068042597583e-29 2.689556490862305177e-18
3.438267558528428136e+00 0.000000000000000000e+00 0.000000000000000000e+00 0.000000000000000000e+00 0.000000000000000000e+00 0.000000000000000000e+00 0.000000000000000000e+00 0.000000000000000000e+00 0.000000000000000000e+00 1.334353658459162987e-29 2.056136000792003572e-18
3.451642140468227371e+00 0.000000000000000000e+00 0.000000000000000000e+00 0.000000000000000000e+00 0.000000000000000000e+00 0.000000000000000000e+00 0.000000000000000000e+00 0.000000000000000000e+00 0.000000000000000000e+00 9.318704811464075053e-30 1.569107398984115251e-18
3.465016722408027050e+00 0.000000000000000000e+00 0.000000000000000000e+00 0.000000000000000000e+00 0.000000000000000000e+00 0.000000000000000000e+00 0.000000000000000000e+00 0.000000000000000000e+00 0.000000000000000000e+00 6.525981447673797964e-30 1.197819745740535413e-18
3.478391304347826285e+00 0.000000000000000000e+00 0.000000000000000000e+00 0.000000000000000000e+00 0.000000000000000000e+00 0.000000000000000000e+00 0.000000000000000000e+00 0.000000000000000000e+00 0.000000000000000000e+00 4.565780839424555820e-30 9.127664557211498097e-19
3.491765886287625520e+00 0.000000000000000000e+00 0.000000000000000000e+00 0.000000000000000000e+00 0.000000000000000000e+00 0.000000000000000000e+00 0.000000000000000000e+00 0.000000000000000000e+00 0.000000000000000000e+00 3.192352175930142921e-30 6.944618665554429297e-19
3.505140468227424755e+00 0.000000000000000000e+00 0.000000000000000000e+00 0.000000000000000000e+00 0.000000000000000000e+00 0.000000000000000000e+00 0.000000000000000000e+00 0.000000000000000000e+00 0.000000000000000000e+00 2.237707436632906690e-30 5.285128960307686439e-19
3.518515050167224434e+00 0.000000000000000000e+00 0.000000000000000000e+00 0.000000000000000000e+00 0.000000000000000000e+00 0.000000000000000000e+00 0.000000000000000000e+00 0.000000000000000000e+00 0.000000000000000000e+00 1.567052828867255804e-30 4.015261357068174258e-19
3.531889632107023669e+00 0.000000000000000000e+00 0.000000000000000000e+00 0.000000000000000000e+00 0.000000000000000000e+00 0.000000000000000000e+00 0.000000000000000000e+00 0.000000000000000000e+00 0.000000000000000000e+00 1.097023402631935550e-30 3.046390149776322050e-19
3.545264214046822904e+00 0.000000000000000000e+00 0.000000000000000000e+00 0.000000000000000000e+00 0.000000000000000000e+00 0.000000000000000000e+00 0.000000000000000000e+00 0.000000000000000000e+00 0.000000000000000000e+00 7.697250322654049580e-31 2.311801958637651615e-19
3.558638795986622139e+00 0.000000000000000000e+00 0.000000000000000000e+00 0.000000000000000000e+00 0.000000000000000000e+00 0.000000000000000000e+00 0.000000000000000000e+00 0.000000000000000000e+00 0.000000000000000000e+00 5.395746262869866396e-31 1.751407770688543948e-19
3.572013377926421374e+00 0.000000000000000000e+00 0.000000000000000000e+00 0.000000000000000000e+00 0.000000000000000000e+00 0.000000000000000000e+00 0.000000000000000000e+00 0.000000000000000000e+00 0.000000000000000000e+00 3.782190422591366274e-31 1.325355036191162822e-19
3.585387959866221053e+00 0.000000000000000000e+00 0.000000000000000000e+00 0.000000000000000000e+00 0.000000000000000000e+00 0.000000000000000000e+00 0.000000000000000000e+00 0.000000000000000000e+00 0.000000000000000000e+00 0.000000000000000000e+00 1.003090983011111473e-19
3.598762541806020288e+00 0.000000000000000000e+00 0.000000000000000000e+00 0.000000000000000000e+00 0.000000000000000000e+00 0.000000000000000000e+00 0.000000000000000000e+00 0.000000000000000000e+00 0.000000000000000000e+00 0.000000000000000000e+00 7.579479311673174909e-20
3.612137123745819522e+00 0.000000000000000000e+00 0.000000000000000000e+00 0.000000000000000000e+00 0.000000000000000000e+00 0.000000000000000000e+00 0.000000000000000000e+00 0.000000000000000000e+00 0.000000000000000000e+00 0.000000000000000000e+00 5.721939941246658529e-20
3.625511705685618757e+00 0.000000000000000000e+00 0.000000000000000000e+00 0.000000000000000000e+00 0.000000000000000000e+00 0.000000000000000000e+00 0.000000000000000000e+00 0.000000000000000000e+00 0.000000000000000000e+00 0.000000000000000000e+00 4.319914834224581824e-20
3.638886287625418436e+00 0.000000000000000000e+00 0.000000000000000000e+00 0.000000000000000000e+00 0.000000000000000000e+00 0.000000000000000000e+00 0.000000000000000000e+00 0.000000000000000000e+00 0.000000000000000000e+00 0.000000000000000000e+00 3.256240042756576989e-20
3.652260869565217671e+00 0.000000000000000000e+00 0.000000000000000000e+00 0.000000000000000000e+00 0.000000000000000000e+00 0.000000000000000000e+00 0.000000000000000000e+00 0.000000000000000000e+00 0.000000000000000000e+00 0.000000000000000000e+00 2.452791468840617853e-20
3.665635451505016906e+00 0.000000000000000000e+00 0.000000000000000000e+00 0.000000000000000000e+00 0.000000000000000000e+00 0.000000000000000000e+00 0.000000000000000000e+00 0.000000000000000000e+00 0.000000000000000000e+00 0.000000000000000000e+00 1.847536608678077676e-20
3.679010033444816141e+00 0.000000000000000000e+00 0.000000000000000000e+00 0.000000000000000000e+00 0.000000000000000000e+00 0.000000000000000000e+00 0.000000000000000000e+00 0.000000000000000000e+00 0.000000000000000000e+00 0.000000000000000000e+00 1.389479784435822736e-20
3.692384615384615376e+00 0.000000000000000000e+00 0.000000000000000000e+00 0.000000000000000000e+00 0.000000000000000000e+00 0.000000000000000000e+00 0.000000000000000000e+00 0.000000000000000000e+00 0.000000000000000000e+00 0.000000000000000000e+00 1.044513091774729658e-20
3.705759197324415055e+00 0.000000000000000000e+00 0.000000000000000000e+00 0.000000000000000000e+00 0.000000000000000000e+00 0.000000000000000000e+00 0.000000000000000000e+00 0.000000000000000000e+00 0.000000000000000000e+00 0.000000000000000000e+00 7.850904783225916197e-21
3.719133779264214290e+00 0.000000000000000000e+00 0.000000000000000000e+00 0.000000000000000000e+00 0.000000000000000000e+00 0.000000000000000000e+00 0.000000000000000000e+00 0.000000000000000000e+00 0.000000000000000000e+00 0.000000000000000000e+00 5.892082062781693267e-21
3.732508361204013525e+00 0.000000000000000000e+00 0.000000000000000000e+00 0.000000000000000000e+00 0.000000000000000000e+00 0.000000000000000000e+00 0.000000000000000000e+00 0.000000000000000000e+00 0.000000000000000000e+00 0.000000000000000000e+00 4.421005406737898025e-21
3.745882943143812760e+00 0.000000000000000000e+00 0.000000000000000000e+00 0.000000000000000000e+00 0.000000000000000000e+00 0.000000000000000000e+00 0.000000000000000000e+00 0.000000000000000000e+00 0.000000000000000000e+00 0.000000000000000000e+00 3.316419270862762240e-21
3.759257525083611995e+00 0.000000000000000000e+00 0.000000000000000000e+00 0.000000000000000000e+00 0.000000000000000000e+00 0.000000000000000000e+00 0.000000000000000000e+00 0.000000000000000000e+00 0.000000000000000000e+00 0.000000000000000000e+00 2.484143627538239394e-21
3.772632107023411674e+00 0.000000000000000000e+00 0.000000000000000000e+00 0.000000000000000000e+00 0.000000000000000000e+00 0.000000000000000000e+00 0.000000000000000000e+00 0.000000000000000000e+00 0.000000000000000000e+00 0.000000000000000000e+00 1.860753858749929323e-21
3.786006688963210909e+00 0.000000000000000000e+00 0.000000000000000000e+00 0.000000000000000000e+00 0.000000000000000000e+00 0.000000000000000000e+00 0.000000000000000000e+00 0.000000000000000000e+00 0.000000000000000000e+00 0.000000000000000000e+00 1.393302825124516729e-21
3.799381270903010144e+00 0.000000000000000000e+00 0.000000000000000000e+00 0.000000000000000000e+00 0.000000000000000000e+00 0.000000000000000000e+00 0.000000000000000000e+00 0.000000000000000000e+00 0.000000000000000000e+00 0.000000000000000000e+00 1.041779508922122670e-21
3.812755852842809379e+00 0.000000000000000000e+00 0.000000000000000000e+00 0.000000000000000000e+00 0.000000000000000000e+00 0.000000000000000000e+00 0.000000000000000000e+00 0.000000000000000000e+00 0.000000000000000000e+00 0.000000000000000000e+00 7.791368520152702379e-22
3.826130434782609058e+00 0.000000000000000000e+00 0.000000000000000000e+00 0.000000000000000000e+00 0.000000000000000000e+00 0.000000000000000000e+00 0.000000000000000000e+00 0.000000000000000000e+00 0.000000000000000000e+00 0.000000000000000000e+00 5.824261052385893589e-22
3.839505016722408293e+00 0.000000000000000000e+00 0.000000000000000000e+00 0.000000000000000000e+00 0.000000000000000000e+00 0.000000000000000000e+00 0.000000000000000000e+00 0.000000000000000000e+00 0.000000000000000000e+00 0.000000000000000000e+00 4.347660918355872000e-22
3.852879598662207528e+00 0.000000000000000000e+00 0.000000000000000000e+00 0.000000000000000000e+00 0.000000000000000000e+00 0.000000000000000000e+00 0.000000000000000000e+00 0.000000000000000000e+00 0.000000000000000000e+00 0.000000000000000000e+00 3.246994881839821940e-22
3.866254180602006763e+00 0.000000000000000000e+00 0.000000000000000000e+00 0.000000000000000000e+00 0.000000000000000000e+00 0.000000000000000000e+00 0.000000000000000000e+00 0.000000000000000000e+00 0.000000000000000000e+00 0.000000000000000000e+00 2.423473566238522914e-22
3.879628762541805997e+00 0.000000000000000000e+00 0.000000000000000000e+00 0.000000000000000000e+00 0.000000000000000000e+00 0.000000000000000000e+00 0.000000000000000000e+00 0.000000000000000000e+00 0.000000000000000000e+00 0.000000000000000000e+00 1.806325569929126757e-22
3.893003344481605676e+00 0.000000000000000000e+00 0.000000000000000000e+00 0.000000000000000000e+00 0.000000000000000000e+00 0.000000000000000000e+00 0.000000000000000000e+00 0.000000000000000000e+00 0.000000000000000000e+00 0.000000000000000000e+00 1.347314497896538831e-22
3.906377926421404911e+00 0.000000000000000000e+00 0.000000000000000000e+00 0.000000000000000000e+00 0.000000000000000000e+00 0.000000000000000000e+00 0.000000000000000000e+00 0.000000000000000000e+00 0.000000000000000000e+00 0.000000000000000000e+00 1.004179441655005091e-22
3.919752508361204146e+00 0.000000000000000000e+00 0.000000000000000000e+00 0.000000000000000000e+00 0.000000000000000000e+00 0.000000000000000000e+00 0.000000000000000000e+00 0.000000000000000000e+00 0.000000000000000000e+00 0.000000000000000000e+00 7.474245385218501565e-23
3.933127090301003381e+00 0.000000000000000000e+00 0.000000000000000000e+00 0.000000000000000000e+00 0.000000000000000000e+00 0.000000000000000000e+00 0.000000000000000000e+00 0.000000000000000000e+00 0.000000000000000000e+00 0.000000000000000000e+00 5.568563893657812771e-23
3.946501672240803060e+00 0.000000000000000000e+00 0.000000000000000000e+00 0.000000000000000000e+00 0.000000000000000000e+00 0.000000000000000000e+00 0.000000000000000000e+00 0.000000000000000000e+00 0.000000000000000000e+00 0.000000000000000000e+00 4.144998549958640538e-23
3.959876254180602295e+00 0.000000000000000000e+00 0.000000000000000000e+00 0.000000000000000000e+00 0.000000000000000000e+00 0.000000000000000000e+00 0.000000000000000000e+00 0.000000000000000000e+00 0.000000000000000000e+00 0.000000000000000000e+00 3.081280349857359370e-23
3.973250836120401530e+00 0.000000000000000000e+00 0.000000000000000000e+00 0.000000000000000000e+00 0.000000000000000000e+00 0.000000000000000000e+00 0.000000000000000000e+00 0.000000000000000000e+00 0.000000000000000000e+00 0.000000000000000000e+00 2.293310640458897369e-23
3.986625418060200765e+00 0.000000000000000000e+00 0.000000000000000000e+00 0.000000000000000000e+00 0.000000000000000000e+00 0.000000000000000000e+00 0.000000000000000000e+00 0.000000000000000000e+00 0.000000000000000000e+00 0.000000000000000000e+00 1.705035080023326608e-23
4.000000000000000000e+00 0.000000000000000000e+00 0.000000000000000000e+00 0.000000000000000000e+00 0.000000000000000000e+00 0.000000000000000000e+00 0.000000000000000000e+00 0.000000000000000000e+00 0.000000000000000000e+00 0.000000000000000000e+00 1.266020576013094390e-23
