1.072694872962075108e+00
1.207643373178876045e+00
1.342591873395676982e+00
1.477540373612477920e+00
1.612488873829278857e+00
1.747437374046079794e+00
1.882385874262880732e+00
2.017334374479681447e+00
2.152282874696482384e+00
2.287231374913283322e+00
2.422179875130084259e+00
2.557128375346885196e+00
2.692076875563686134e+00
2.827025375780487071e+00
2.961973875997288008e+00
3.096922376214088946e+00
3.231870876430889883e+00
3.366819376647691264e+00
3.501767876864491758e+00
3.636716377081292695e+00
