1.000000000000000021e-03 5.164814638227270950e-09 3.310851611724124165e-25 3.336706258955466498e-37 3.783494538880556546e-50 3.330514259756516286e-64 2.311529375274692757e-80 2.399308039633798520e-100 7.486888157604066926e-125 2.721638750572568472e-161 1.169287882949451347e-226
1.437458193979933296e-02 1.327748657193159736e-06 1.924456746737174952e-21 9.578100451003662208e-33 5.289782028378972708e-45 2.367712407687458958e-58 9.869917376013449242e-74 8.734650755925084185e-93 3.449691927776436920e-116 4.832330988278693245e-151 1.126689936176699012e-213
2.774916387959866504e-02 5.656180036904176490e-06 1.152312781488298437e-19 2.088920171808371132e-30 3.991464026437013234e-42 6.191346229669067858e-55 9.883742139385607184e-70 4.245348696076126507e-88 1.065129997488419348e-110 2.086510299218755920e-144 4.493583135811591233e-205
4.112374581939799711e-02 1.384127728993080030e-05 3.390773951456882670e-18 2.130520068557323676e-28 1.363933434624445782e-39 7.242745104443194719e-52 4.492571094815280843e-66 9.961936835276117466e-84 1.834719331168825456e-105 7.156221299882291188e-138 3.644697599978661539e-196
5.449832775919732919e-02 2.651279375901189784e-05 7.835070509888506036e-17 1.850362147610546365e-26 4.389590065712388872e-37 8.894277954526469403e-49 2.384129346350020027e-62 2.960062896416303273e-79 3.976374813666168654e-100 2.392918552194220232e-131 1.013597192074028153e-187
6.787290969899666127e-02 4.374320323996189940e-05 1.204833410059477424e-15 9.034201759094902638e-25 6.518556575906107320e-35 4.021888609132889638e-46 3.581838582875192495e-59 1.818747002212975856e-75 1.263484455397422336e-95 7.872220028862174728e-126 1.822769397171226170e-180
8.124749163879599334e-02 6.551422363561642376e-05 1.436797384758644845e-14 3.254348033625977322e-23 6.917372573025911177e-33 1.285551316383743984e-43 3.869600520249380222e-56 8.568591511542026877e-72 3.544699966450196023e-91 3.164049294986846664e-120 9.164133825560394816e-173
9.462207357859532542e-02 9.174203100862924807e-05 1.502069000028212704e-13 1.057724223773194543e-21 6.907996251105107261e-31 4.044435410267159837e-41 4.269833477321836579e-53 4.153052208803795363e-68 9.545168951292950851e-87 9.226845288055022100e-115 1.319239374158351007e-165
1.079966555183946575e-01 1.220841901903234837e-04 1.231073341381642396e-12 2.394542218259376492e-20 4.183373468769793718e-29 6.580380695766674578e-39 2.020851594110774482e-50 6.885244003703421743e-65 6.829365899757512145e-83 5.274473913163490486e-110 2.634169129040077615e-159
1.213712374581939896e-01 1.563093490539203270e-04 8.518253305726737650e-12 4.404206217387662282e-19 2.010603674624189263e-27 8.449046093638731506e-37 7.686647785916418029e-48 9.725281516933060867e-62 4.707724922961613170e-79 3.832562747167738419e-105 1.353414828956772504e-152
1.347458193979933216e-01 1.942069940721847740e-04 5.263951675808271053e-11 7.256540949289218281e-18 8.761817269232578162e-26 9.963482791305508109e-35 2.697416149738483289e-45 1.239983579552695209e-58 2.697498839293424031e-75 1.800710604348828804e-100 2.054774988022505696e-146
1.481204013377926398e-01 2.354416274490828413e-04 2.734892609738413538e-10 9.211851135000451606e-17 2.656915060498433532e-24 7.269562058883688203e-33 5.094479296053056221e-43 7.166842778477948156e-56 5.753476280015275165e-72 2.456052405810929823e-96 6.672291649165224469e-141
1.614949832775919858e-01 2.797875059017636604e-04 1.250881771132969797e-09 9.988489929861935475e-16 6.761897458057420892e-23 4.438439647753937075e-31 8.187350439742318989e-41 3.705005432696605925e-53 1.216756516506337654e-68 4.184208448929675685e-92 4.899396998941769497e-135
1.748695652173913317e-01 3.270343840797476881e-04 5.174406618320414688e-09 9.690877594621479141e-15 1.533034447972324852e-21 2.402927650413991548e-29 1.152443385688551702e-38 1.620616127784576360e-50 2.005770710132931842e-65 4.475386735966818890e-88 1.178745415678968156e-129
1.882441471571906499e-01 3.769118778067912954e-04 1.877676259142595242e-08 7.716913158092774719e-14 2.641067804522603633e-20 9.042923899203008835e-28 1.013558901650165058e-36 3.876113865699826686e-48 1.544908094703534226e-62 1.818095775651882618e-84 8.195247996729765665e-125
2.016187290969899681e-01 4.292275090730478921e-04 6.161020970721182658e-08 5.421007892009072321e-13 3.959028361699356684e-19 2.956240282494372926e-26 7.856590241405803066e-35 8.518243532796694594e-46 1.190624773882625789e-59 8.944511824568995513e-81 1.134148664286921565e-119
2.149933110367893141e-01 4.837684372475670722e-04 1.851409625372267006e-07 3.425685235558526519e-12 5.267425584379097006e-18 8.456932743258165496e-25 5.217448624051069759e-33 1.540931148666487093e-43 6.989168863821589076e-57 2.784887940867576914e-77 5.793477524387733408e-115
2.283678929765886600e-01 5.402399252040956034e-04 5.025664986394343652e-07 1.856280670078541108e-11 5.661712746348621271e-17 1.824311334453527406e-23 2.404617014688562715e-31 1.741335636783013491e-41 2.257705552738633456e-54 4.011661278187773312e-74 1.072854402273244386e-110
2.417424749163879782e-01 5.982838858360386546e-04 1.257457577460164397e-06 9.077783022308084976e-11 5.430095774155120103e-16 3.507436355884744706e-22 9.998262348920931309e-30 1.837560931159841720e-39 7.306169623452393460e-52 6.777885794185867759e-71 3.530231812853465950e-106
2.551170568561872964e-01 6.573325240257771448e-04 2.917714771308030666e-06 4.029769912840945760e-10 4.643059184933920578e-15 5.898039066774276386e-21 3.544376520864741544e-28 1.585790766914150813e-37 1.799119741566613597e-49 7.429207994564022999e-68 4.810102810141867076e-102
2.684916387959866424e-01 7.165369642382144865e-04 6.248957629046277800e-06 1.583646613163921590e-09 3.353357080357542465e-14 7.935443791388505182e-20 9.415242217438894689e-27 9.428995213627494586e-36 2.753641811055674647e-47 4.376832855814735854e-65 2.838121019299787155e-98
2.818662207357859883e-01 7.746240565769385708e-04 1.251999979358142033e-05 5.712633105886427452e-09 2.201147202201942689e-13 9.692197409503084510e-19 2.293215046407451059e-25 5.288749921536374897e-34 4.213264817248782732e-45 2.937170814794116435e-62 2.700299055267328602e-94
2.952408026755852788e-01 8.298223114016905913e-04 2.354248460598753313e-05 1.890679326776463301e-08 1.299414303835980693e-12 1.042205386257440322e-17 4.785554245454644060e-24 2.438939557686923469e-32 4.959929001902978695e-43 1.320445627201193825e-59 1.180791126439888800e-90
3.086153846153846247e-01 8.799798389978190534e-04 4.154522282461008451e-05 5.674212125698149957e-08 6.698951370656128698e-12 9.372901682273864400e-17 7.925887912449484274e-23 8.342609059914442447e-31 3.981310097816789960e-41 3.583613704602051086e-57 2.577851734802953321e-87
3.219899665551839707e-01 9.223492535245994680e-04 6.941016728297013782e-05 1.583863664491405211e-07 3.182835516357005014e-11 7.757100604203706898e-16 1.217654416176523931e-21 2.709628953239625534e-29 3.183686183608935400e-39 1.079903270644690190e-54 8.364391086217136412e-84
3.353645484949833167e-01 9.541150424301015958e-04 1.100436661353872782e-04 4.101268979155311788e-07 1.374603065440799011e-10 5.709963325601834202e-15 1.619208331667292998e-20 7.321785588041615861e-28 1.993193087327374847e-37 2.257154031377125676e-52 1.368118930290523174e-80
3.487391304347826626e-01 9.728108554555408823e-04 1.658815813696321430e-04 9.810160097967102509e-07 5.318493213687552491e-10 3.636208944088665291e-14 1.785514805899436663e-19 1.552849005101012481e-26 9.139591227076318290e-36 3.119893246374268872e-50 1.253696443006561674e-77
3.621137123745819530e-01 9.760443294413834832e-04 2.390910801703420227e-04 2.205884657384503892e-06 1.917358455460364400e-09 2.153279109361448839e-13 1.842083968194959588e-18 3.140623444101545093e-25 4.158672154932251539e-34 4.684640078474195500e-48 1.595191087848580037e-74
3.754882943143812990e-01 9.626852400647239755e-04 3.301898546854203031e-04 4.650314292506036052e-06 6.353705837754619934e-09 1.147528470660976424e-12 1.666076746369302779e-17 5.364864641308429719e-24 1.512134901729458240e-32 5.052440942777636222e-46 1.109775221929765289e-71
3.888628762541806450e-01 9.328207209704230144e-04 4.380129614384178048e-04 9.189159940898649433e-06 1.924165347211246086e-08 5.431454864657943193e-12 1.292840692055927708e-16 7.516180554195625375e-23 4.258781531943776894e-31 3.873621763851973892e-44 4.751907476413729664e-69
4.022374581939799354e-01 8.872343530247125271e-04 5.600322817635702876e-04 1.722141488043736098e-05 5.478028861640218507e-08 2.410430735057305804e-11 9.447781691349618293e-16 1.007105076041839978e-21 1.185595100877244105e-29 3.166664872688875037e-42 2.669590603912676603e-66
4.156120401337792813e-01 8.283217639631299803e-04 6.915027340502660812e-04 3.055563643817442058e-05 1.449251713454886396e-07 9.743726806952258021e-11 6.135952801138540198e-15 1.158575316050525587e-20 2.694853687357186416e-28 1.923351093220920054e-40 8.806973941747710154e-64
4.289866220735786273e-01 7.591835473074078078e-04 8.264397409871610542e-04 5.141110046182351812e-05 3.559546036857956491e-07 3.571346182386148805e-10 3.511752431632385489e-14 1.131616506572176372e-19 4.959196192319990460e-27 8.798336897070895298e-39 1.931481238944655890e-61
4.423612040133779733e-01 6.831773303923915951e-04 9.577851550911281511e-04 8.265790147389107773e-05 8.280355625668198270e-07 1.235691971265842750e-09 1.902692286004344918e-13 1.059289967901560889e-18 8.988058742569579815e-26 4.224228690350599521e-37 5.301057959647640762e-59
4.557357859531773192e-01 6.040018960710585600e-04 1.078319864816294424e-03 1.269103506030200214e-04 1.808204725620200905e-06 3.940084203269223335e-09 9.286858202546766365e-13 8.654717202550745631e-18 1.358693193122581037e-24 1.555746115038818585e-35 9.097633256384028967e-57
4.691103678929766096e-01 5.249308195137201809e-04 1.181420006991834928e-03 1.865029104523468258e-04 3.712402283654258988e-06 1.158101153366524339e-08 4.080480887389924903e-12 6.171357826941314712e-17 1.722669974183251861e-23 4.520961162653240674e-34 1.105919430587410514e-54
4.824849498327759556e-01 4.488669197370786200e-04 1.260709468082943331e-03 2.635734857805766451e-04 7.265164018544978501e-06 3.231918222905213980e-08 1.704678590152421070e-11 4.224218563365702663e-16 2.144169762261475500e-22 1.360547627259966743e-32 1.617092391546337903e-52
4.958595317725753016e-01 3.778831391993277646e-04 1.312503633942085912e-03 3.583542233381140801e-04 1.346974826717535937e-05 8.402482782159586702e-08 6.498740494886900133e-11 2.563941503681925576e-15 2.271773459957758377e-21 3.235471127651064411e-31 1.562855286859908557e-50
5.092341137123745920e-01 3.133660486788245156e-04 1.334788259994855670e-03 4.697799610924300630e-04 2.371941773338898815e-05 2.040715851151833842e-07 2.268830495656117743e-10 1.388604820032216727e-14 2.077123372530514974e-20 6.304665948821033915e-30 1.127428192678279227e-48
5.226086956521739380e-01 2.563406937715630141e-04 1.326610067040433737e-03 5.954184765627202865e-04 4.003633000434150152e-05 4.729544930937587149e-07 7.559672876293292648e-10 7.229134668260287907e-14 1.859261812760564414e-19 1.257955872425907151e-28 9.463024002692656118e-47
5.359832775919732839e-01 2.068534683221408667e-04 1.290515882689495389e-03 7.304577750434631134e-04 6.454011538550638171e-05 1.031261506286244933e-06 2.326144889668739870e-09 3.386965779882109682e-13 1.443875069849816688e-18 2.038240182196965102e-27 5.513632694328665573e-45
5.493578595317726299e-01 1.647035170412732518e-04 1.229965009822567420e-03 8.690439283060903165e-04 9.963606787126089094e-05 2.123490381987624135e-06 6.646676336454825777e-09 1.441611068398993061e-12 9.902747122415058427e-18 2.790873668739689380e-26 2.504389995796946895e-43
5.627324414715719758e-01 1.296348178999850705e-04 1.149048059717924569e-03 1.004070927090598871e-03 1.481606812676725018e-04 4.191337912947217773e-06 1.818797476929430033e-08 5.906007487852148677e-12 6.634188051735524891e-17 3.875877422459456515e-25 1.286939807411832482e-41
5.761070234113713218e-01 1.007679855308130784e-04 1.053610686253315422e-03 1.128425268966590711e-03 2.118775786471092774e-04 7.851850266525623709e-06 4.646104242765060495e-08 2.207171072887540163e-11 3.923881319105205263e-16 4.480912358569617908e-24 4.794507023228479371e-40
5.894816053511705567e-01 7.736388771332823155e-05 9.489833487396089453e-04 1.235397844504064176e-03 2.921240562817674922e-04 1.401769165257092165e-05 1.115434949650791781e-07 7.614213677155113979e-11 2.093872172801480003e-15 4.511793845555735052e-23 1.460153933372324319e-38
6.028561872909699026e-01 5.878827312574393875e-05 8.402733248784059663e-04 1.318460947092499509e-03 3.895840225416922565e-04 2.407543435523186185e-05 2.569680319537324255e-07 2.525297777030637900e-10 1.084288644715274581e-14 4.527451365699359619e-22 4.803284353236094374e-37
6.162307692307692486e-01 4.413805594187203510e-05 7.320759707848272001e-04 1.374154576125025552e-03 5.026075074097060159e-04 3.955604558531342259e-05 5.583232842919985023e-07 7.743735325185980744e-10 5.048447605804932546e-14 3.886367355161108065e-21 1.204032083459334325e-35
6.296053511705685946e-01 3.274718727973161599e-05 6.280087016802862439e-04 1.400166006562142754e-03 6.285262697806175700e-04 6.240050449691846935e-05 1.151714911614116788e-06 2.222489807636343420e-09 2.161538762971206373e-13 2.988548059337933814e-20 2.587490854705447792e-34
6.429799331103679405e-01 2.406388292414008358e-05 5.310485814744436836e-04 1.395519361646737743e-03 7.631782317138751824e-04 9.501587537388868896e-05 2.283440529288037343e-06 6.120422368908625195e-09 8.907960005360776747e-13 2.242624477302123847e-19 5.685803825021105961e-33
6.563545150501672865e-01 1.747470144933597924e-05 4.427914404329390849e-04 1.362719996009370332e-03 9.007957756565576710e-04 1.393439353554663091e-04 4.309263131384808508e-06 1.578138102560888296e-08 3.359618165625799946e-12 1.479495498234619607e-18 1.002413254175945811e-31
6.697290969899666324e-01 1.254537090678501776e-05 3.642849639255432096e-04 1.304838620555033362e-03 1.035038750917994512e-03 1.973708248777220249e-04 7.782381186935253504e-06 3.849160302846180324e-08 1.182038011446865616e-11 8.927645582121291048e-18 1.567772444110403790e-30
6.831036789297659784e-01 8.925742354829052186e-06 2.960819241551690168e-04 1.225931701850014287e-03 1.158893929013831824e-03 2.707995236577137696e-04 1.354536800598248519e-05 9.012874063841478972e-08 3.988691588162329483e-11 5.193378745033060812e-17 2.421834141943647899e-29
6.964782608695653243e-01 6.277134362693808427e-06 2.376777717818808031e-04 1.131578527124631976e-03 1.266302493930944939e-03 3.598160523955272602e-04 2.260949050133789019e-05 1.996169031268203128e-07 1.249199126434310418e-10 2.713274684613920088e-16 3.121287092119185641e-28
7.098528428093645593e-01 4.367115633708106348e-06 1.885610534621331438e-04 1.026901516105323178e-03 1.351731709727933004e-03 4.639490435843804752e-04 3.634342389322749292e-05 4.216845112724030496e-07 3.690049204109331069e-10 1.316938553036727669e-15 3.658461698485784904e-27
7.232274247491639052e-01 3.013128685350973373e-06 1.480310356193721905e-04 9.169468627151149218e-04 1.410653832919503978e-03 5.814835371407155217e-04 5.648518569363119934e-05 8.568751641599403752e-07 1.044754394739243483e-09 6.123028382739466141e-15 4.145620182386555081e-26
7.366020066889632512e-01 2.055803965884668483e-06 1.149047646710347809e-04 8.062924495768594756e-04 1.441365301700609598e-03 7.089458831777621477e-04 8.470889637655261710e-05 1.660700311669053330e-06 2.776691187191049716e-09 2.600517218422085953e-14 4.040092789533423741e-25
7.499765886287625971e-01 1.388923237025547852e-06 8.825326787844633698e-05 6.986867409286174084e-04 1.443072893144473632e-03 8.420117821809877711e-04 1.229609729642219145e-04 3.090197979387190246e-06 7.020201496269627068e-09 1.038253112196446776e-13 3.646693537087541607e-24
7.633511705685619431e-01 9.313525162323496142e-07 6.714847574414305642e-05 5.971658640489237516e-04 1.416676695254419751e-03 9.752457466877633959e-04 1.731567424136621703e-04 5.546735248064836710e-06 1.703245065885771020e-08 3.960720748234633135e-13 3.142407764418663475e-23
7.767257525083612890e-01 6.179462378257209162e-07 5.055036052408869374e-05 5.036094993016215554e-04 1.365454233297763807e-03 1.102840125715050463e-03 2.364747690663038314e-04 9.561109814993680664e-06 3.915332436556274141e-08 1.399170523168161565e-12 2.385369887703010037e-22
7.901003344481606350e-01 4.064867698464492503e-07 3.768944555114190438e-05 4.193826329128633309e-04 1.292967229499926126e-03 1.218804239832030518e-03 3.138886562403894634e-04 1.590822496575127612e-05 8.620031051320235083e-08 4.688671407261030245e-12 1.699930255484396234e-21
8.034749163879598699e-01 2.656096012906731095e-07 2.785797802369854165e-05 3.451498233890181529e-04 1.203726472541105869e-03 1.317472541757071366e-03 4.055210474721138007e-04 2.561352619407286898e-05 1.825411941440356850e-07 1.501177232707400967e-11 1.148836853224502632e-20
8.168494983277592159e-01 1.718491166544779695e-07 2.038279573628911235e-05 2.807134575516528506e-04 1.102859748120693087e-03 1.394694699101210441e-03 5.101792110439776857e-04 3.982975247157627408e-05 3.690760389704703650e-07 4.500713528947998051e-11 6.972299398476423100e-20
8.302240802675585618e-01 1.103853222538149799e-07 1.478256263710514604e-05 2.258198401473639108e-04 9.950334794480127434e-04 1.446886660949193038e-03 6.259852537538604985e-04 6.004785173454895472e-05 7.186193760536955080e-07 1.289077655056762846e-10 4.012954609904471106e-19
8.435986622073579078e-01 7.048821893199912556e-08 1.063450744133333265e-05 1.798020789287540599e-04 8.847226816778850419e-04 1.472141374173507227e-03 7.498300444785452453e-04 8.788868617406768913e-05 1.349801028772789557e-06 3.532961853716880495e-10 2.184346905071518722e-18
8.569732441471572537e-01 4.460160255746531445e-08 7.576083845487243772e-06 1.416388175616471268e-04 7.757181416538875152e-04 1.470678128573030914e-03 8.776377179339848447e-04 1.248292720793021699e-04 2.436340420173956803e-06 9.150861728437964776e-10 1.084588331917965580e-17
8.703478260869565997e-01 2.806005269693636427e-08 5.354692986567693683e-06 1.105098813783232799e-04 6.711721978146235586e-04 1.443303388058716618e-03 1.004720259654200880e-03 1.725202117480788776e-04 4.254049675366985645e-06 2.277010827862185574e-09 5.146165192760933137e-17
8.837224080267559456e-01 1.756142771800085293e-08 3.756005945407612142e-06 8.543235464778825984e-05 5.734343920249010927e-04 1.392548789473421712e-03 1.125946532815183532e-03 2.322042750725444014e-04 7.188810605778889074e-06 5.435077758281386861e-09 2.309041678585512384e-16
8.970969899665552916e-01 1.089881112105966257e-08 2.610146619446133127e-06 6.539613344650140297e-05 4.839352814286503024e-04 1.322144400501355961e-03 1.236442208158840782e-03 3.044819953261783028e-04 1.173732071210201666e-05 1.235495701782629639e-08 9.573064470205485033e-16
9.104715719063546375e-01 6.735409182310800670e-09 1.801396824912799064e-06 4.963655509724517129e-05 4.037552355738919358e-04 1.235857843697260854e-03 1.331291268850351775e-03 3.896968008882333674e-04 1.860971522058537731e-05 2.710347960059241873e-08 3.814690752562502169e-15
9.238461538461538725e-01 4.142990883689674869e-09 1.234423374910682254e-06 3.735786427059620659e-05 3.331746140953382659e-04 1.138160407099700995e-03 1.406609385256961820e-03 4.871463393122045689e-04 2.865041205827535058e-05 5.720797589840868556e-08 1.439796716526448264e-14
9.372207357859532184e-01 2.528806875340637023e-09 8.384457305363086142e-07 2.785662728827381369e-05 2.719323801553431971e-04 1.033432845598113159e-03 1.459786649949842453e-03 5.952213745063583781e-04 4.281395560404377621e-05 1.157410284502012006e-07 5.075157217872964605e-14
9.505953177257525644e-01 1.539378873139829793e-09 5.662247071213368598e-07 2.061735650250987501e-05 2.197653681310427875e-04 9.256444401364431231e-04 1.488621389210021068e-03 7.117078465112680998e-04 6.233424523679627328e-05 2.268279243924709032e-07 1.727120500605667210e-13
9.639698996655519103e-01 9.330564832499855094e-10 3.798446716170954200e-07 1.513924540395796154e-05 1.758823217499829469e-04 8.183887037778690698e-04 1.492861042197950270e-03 8.333522139095520583e-04 8.840540965434292328e-05 4.291171801174035921e-07 5.582140714438495028e-13
9.773444816053512563e-01 5.615701536481898274e-10 2.527002235382209817e-07 1.101916029555747469e-05 1.393702189076938811e-04 7.145389308701094238e-04 1.473492711102660337e-03 9.563755146417781718e-04 1.221808070231321310e-04 7.824147878406839888e-07 1.700065971354257535e-12
9.907190635451506022e-01 3.375834032824338074e-10 1.673583872713245680e-07 7.968558268830002559e-06 1.094992377040685899e-04 6.165319937345960450e-04 1.431852357104679112e-03 1.076472350069567928e-03 1.649882159592473653e-04 1.386312454196244020e-06 5.016145247008260059e-12
1.004093645484949837e+00 2.021135043375349204e-10 1.101440416678644222e-07 5.719496060277251397e-06 8.527387154919608921e-05 5.259184457420502598e-04 1.370936720458701711e-03 1.189289160442120801e-03 2.176782879562173139e-04 2.379078581780485731e-06 1.410345892309520091e-11
1.017468227424749072e+00 1.202267496649859639e-10 7.192680108319455589e-08 4.070957885668904542e-06 6.580327929883501598e-05 4.436341282509644155e-04 1.294153737734028307e-03 1.290735617011626356e-03 2.808020604620465287e-04 3.953493670659940778e-06 3.764799670846798772e-11
1.030842809364548529e+00 7.153586418218391546e-11 4.681974591573586883e-08 2.881825928969865976e-06 5.040620785556640214e-05 3.704205954264592712e-04 1.204895362709556715e-03 1.376608249011321197e-03 3.548034354950553256e-04 6.402117303128476112e-06 9.763526634970809669e-11
1.044217391304347764e+00 4.239653534656660789e-11 3.029519953614496384e-08 2.025490571584731534e-06 3.829743131914525861e-05 3.061604331840219470e-04 1.107149344187376714e-03 1.444032516412989235e-03 4.392039236882874136e-04 1.007444517886809425e-05 2.421642758246800840e-10
1.057591973244147221e+00 2.497825392944714912e-11 1.946108836553005021e-08 1.412337864205840375e-06 2.885002078552614577e-05 2.505145075616013305e-04 1.004538607839552044e-03 1.490891648236473228e-03 5.330762937666251242e-04 1.541384790561266163e-05 5.739263416614490606e-10
1.070966555183946456e+00 1.474094688527034913e-11 1.247810499627869609e-08 9.805068112446305358e-07 2.159715332811341324e-05 2.031910750397690761e-04 9.004070490664646369e-04 1.515297132079021850e-03 6.351050109754014265e-04 2.303837277396020392e-05 1.324466101487855222e-09
1.084341137123745691e+00 8.664979996252167127e-12 7.954859364432079644e-09 6.760382088507139094e-07 1.604344691430300161e-05 1.633009565669232041e-04 7.976788389645844517e-04 1.517451594997753931e-03 7.430676885408159758e-04 3.356782871664403331e-05 2.934273603422463870e-09
1.097715719063545148e+00 5.065770044277097780e-12 5.037198131522899561e-09 4.626209087172448491e-07 1.182237864798397089e-05 1.300449731352803964e-04 6.986921225403614280e-04 1.498129426157966074e-03 8.544226539446774611e-04 4.772333268218722211e-05 6.245729369713333513e-09
1.111090301003344383e+00 2.970609342968693001e-12 3.187981054567307852e-09 3.155582063199988353e-07 8.666390602223278039e-06 1.027886007551991331e-04 6.055096728029003665e-04 1.458350249734318696e-03 9.661601367865147111e-04 6.643213034580178265e-05 1.296996786574267495e-08
1.124464882943143840e+00 1.734901886241683288e-12 2.006318665154108612e-09 2.138125923416803185e-07 6.306160923591357418e-06 8.056178180785687358e-05 5.192753202251896042e-04 1.400914453707621018e-03 1.075076608559831764e-03 9.041812844522613554e-05 2.595334527408461016e-08
1.137839464882943075e+00 1.008159433082293402e-12 1.254782464562603646e-09 1.438498557632691819e-07 4.553923765808731232e-06 6.261030094109304824e-05 4.407845968076746232e-04 1.328606720398309987e-03 1.177954097901610367e-03 1.204556615184804809e-04 5.013257697286902232e-08
1.151214046822742532e+00 5.883970990518358815e-13 7.853861274881176333e-10 9.658316894747903683e-08 3.274809688039074437e-06 4.835233309172882804e-05 3.707227445303927201e-04 1.244251698960849523e-03 1.271259574127960295e-03 1.574559859278643905e-04 9.463384281481285436e-08
1.164588628762541767e+00 3.419430798519128154e-13 4.888444258601694063e-10 6.442525438058043086e-08 2.338190796611636963e-06 3.704693122693940245e-05 3.088457476307938368e-04 1.151433243761508258e-03 1.352384880611106049e-03 2.018038215194151771e-04 1.727593069185293476e-07
1.177963210702341001e+00 1.979112260377285849e-13 3.026375613132366337e-10 4.270264268315083274e-08 1.657812091716679826e-06 2.816626148378577313e-05 2.549296871923304223e-04 1.053274663819528303e-03 1.418866357127485968e-03 2.538727294784616701e-04 3.058447754374098797e-07
1.191337792642140458e+00 1.150628385156991976e-13 1.875939939520694463e-10 2.826359066217131772e-08 1.171243442528106980e-06 2.129710835227209027e-05 2.087431448823169220e-04 9.527641663877257959e-04 1.468292008999441765e-03 3.139649573356592237e-04 5.293970529517767924e-07
1.204712374581939693e+00 6.662876550387672812e-14 1.156774933592910449e-10 1.859219436167855964e-08 8.218887952346521934e-07 1.598426175065423719e-05 1.694481363974739035e-04 8.525991978347068415e-04 1.499878936547957521e-03 3.816906165246588124e-04 8.896869178621126826e-07
1.218086956521739150e+00 3.846451713100111519e-14 7.101583923342045509e-11 1.216289982470172301e-08 5.731103878445228204e-07 1.191253678050836703e-05 1.364075874000571806e-04 7.550233219338868410e-04 1.512967886150425219e-03 4.565768082810745454e-04 1.455548702740249976e-06
1.231461538461538385e+00 2.230210151509532415e-14 4.366101489622413575e-11 7.948652492400988483e-09 3.984143294232047248e-07 8.835104151831892907e-06 1.090393620685402808e-04 6.620193197220022559e-04 1.507239813008717268e-03 5.378986672017368716e-04 2.330257031222374987e-06
1.244836120401337842e+00 1.288355188972466756e-14 2.671410231805600573e-11 5.164897194130728959e-09 2.752040249478686874e-07 6.507179196797017830e-06 8.647004273829729363e-05 5.748161462115022359e-04 1.483939160275942783e-03 6.243646244158715213e-04 3.634732393311447439e-06
1.258210702341137077e+00 7.427203751738931637e-15 1.628823837483788345e-11 3.340439770140082732e-09 1.890379411295057784e-07 4.762169176348434528e-06 6.805796897495012523e-05 4.944065061826705089e-04 1.444273333906277886e-03 7.145817198516940354e-04 5.536834452069705847e-06
1.271585284280936534e+00 4.299360056659109874e-15 9.946758908708234461e-12 2.158887129576538960e-09 1.295079461551139011e-07 3.470123346954807952e-06 5.323410286950708059e-05 4.215251231531978856e-04 1.389808546881219319e-03 8.068829673909492248e-04 8.263509023475810561e-06
1.284959866220735769e+00 2.480355944521094257e-15 6.047224441891137852e-12 1.387839515334020130e-09 8.819245986549723046e-08 2.512066951337404694e-06 4.133260010553807377e-05 3.561933848665095755e-04 1.323041579798176328e-03 8.994154981910891652e-04 1.205259474212849342e-05
1.298334448160535004e+00 1.429356149508014197e-15 3.667107523507505558e-12 8.887908725990326454e-10 5.976831187140384484e-08 1.808183650875134630e-06 3.187523318332658622e-05 2.984353524502469370e-04 1.246250215183095696e-03 9.902502037119826402e-04 1.721431839263972194e-05
1.311709030100334461e+00 8.268495975269515206e-16 2.227230592355995217e-12 5.689027417390897227e-10 4.041218461367256838e-08 1.296505033331457057e-06 2.444561234500422880e-05 2.480976298105119771e-04 1.161863815386681743e-03 1.077337496500068532e-03 2.412338550604976390e-05
1.325083612040133696e+00 4.768243929331907619e-16 1.347156544302137719e-12 3.623428259275785043e-10 2.717065498381882003e-08 9.238711471369714797e-07 1.861893354128679536e-05 2.045698406162787196e-04 1.072491144111691183e-03 1.158886432121917056e-03 3.312550379719371983e-05
1.338458193979933153e+00 2.749225087408585618e-16 8.135122340584560049e-13 2.301082779326001559e-10 1.819425578306174929e-08 6.550515999735282746e-07 1.409536911476481501e-05 1.673930033971191488e-04 9.804455612028961480e-04 1.233049024052065845e-03 4.464691721306574489e-05
1.351832775919732388e+00 1.590623195561238854e-16 4.919800842989418313e-13 1.460757402762397292e-10 1.215865463661040077e-08 4.628259937289774051e-07 1.061742575921923344e-05 1.360195097558198306e-04 8.879245961293744929e-04 1.298104115581866138e-03 5.913447472570558430e-05
1.365207357859531845e+00 9.176406612035297195e-17 2.963965637069871380e-13 9.230299244536915301e-11 8.082304374463847837e-09 3.250990739513889863e-07 7.946081937429492342e-06 1.096956716597804457e-04 7.968012638240119837e-04 1.352895165329770716e-03 7.693053346321157668e-05
1.378581939799331080e+00 5.297708221803228970e-17 1.784366838403301718e-13 5.820547396908398553e-11 5.355270360938061492e-09 2.273798893606701060e-07 5.915016995901101642e-06 8.786258964741517057e-05 7.087135271223383211e-04 1.396198250365536650e-03 9.843559705454519660e-05
1.391956521739130537e+00 3.067847643683519437e-17 1.075633333733636862e-13 3.669142462210224639e-11 3.541823973034385706e-09 1.585232111798495467e-07 4.382968725515539144e-06 6.993384204161649667e-05 6.250001232608394823e-04 1.427147124684346752e-03 1.239745770778884345e-04
1.405331103678929772e+00 1.771821320962882474e-17 6.461080088429942729e-14 2.303001713464072179e-11 2.330854314324012660e-09 1.099087968144382819e-07 3.228009500023836775e-06 5.527557884295907414e-05 5.465237123144852131e-04 1.445515609564268934e-03 1.536910519315479184e-04
1.418705685618729007e+00 1.024925348323953940e-17 3.881631676219006661e-14 1.443812317373776004e-11 1.530222993016158177e-09 7.593306297036270029e-08 2.366299026759439332e-06 4.342454612261594383e-05 4.740510328388880946e-04 1.450983069607814395e-03 1.877416621334748975e-04
1.432080267558528464e+00 5.944345529520434784e-18 2.334518304901209122e-14 9.048297652722842684e-12 1.002869078101423944e-09 5.230348796925914141e-08 1.727282875646663273e-06 3.391975657812602737e-05 4.079973361873596928e-04 1.443713989717555855e-03 2.261055433604029405e-04
1.445454849498327698e+00 3.439054805861749223e-18 1.399421003217364771e-14 5.647781946597666703e-12 6.542020363664584719e-10 3.583979934376920914e-08 1.253599415826737453e-06 2.632313958326941718e-05 3.483993041316590347e-04 1.424383847153082479e-03 2.685573872226680982e-04
1.458829431438127155e+00 1.994444860709676663e-18 8.397317361765138820e-15 3.524091603644794762e-12 4.260766304864350074e-10 2.448992274460619738e-08 9.061992815490025393e-07 2.031862957639927808e-05 2.953340697017562094e-04 1.393551573259322642e-03 3.148422769641049898e-04
1.472204013377926390e+00 1.159154462697520360e-18 5.042992457017318376e-15 2.197931287825708467e-12 2.770345640782934689e-10 1.668702905986816475e-08 6.524751169510600760e-07 1.560146013026211058e-05 2.485733977666980312e-04 1.352240539033641503e-03 3.644931953350175513e-04
1.485578595317725847e+00 6.721381190971975169e-19 3.019266880425350666e-15 1.365687530070351386e-12 1.793432191350251907e-10 1.131450526814843133e-08 4.672416674153945980e-07 1.190643404854622772e-05 2.076942205028731701e-04 1.301744316278888140e-03 4.168977678368728629e-04
1.498953177257525082e+00 3.909945382420608834e-19 1.810995905781367506e-15 8.490077305682039907e-13 1.160112633204926477e-10 7.656185601757951174e-09 3.334987120974418248e-07 9.044332615461859326e-06 1.723972453463044668e-04 1.243234642702126507e-03 4.713937257474374253e-04
1.512327759197324317e+00 2.278279421664768232e-19 1.086805623503239184e-15 5.274753298486926517e-13 7.491665815367521165e-11 5.166549214716112470e-09 2.371422094595221343e-07 6.836633485381750262e-06 1.421643761266610563e-04 1.178186663231108608e-03 5.271828012737072786e-04
1.525702341137123774e+00 1.324672987129674970e-19 6.503391854563819494e-16 3.265641579110793413e-13 4.818136233659182387e-11 3.470375781620114689e-09 1.677597899145633540e-07 5.138194354618926815e-06 1.164382525211890980e-04 1.108102390415847786e-03 5.834335276572298222e-04
1.539076923076923009e+00 7.732815308844268603e-20 3.901941988478473181e-16 2.024486785974595297e-13 3.098825697434403340e-11 2.328140892472967925e-09 1.183728150514437928e-07 3.846438660565960503e-06 9.480876405796735793e-05 1.034377086833793364e-03 6.392652327560626596e-04
1.552451505016722466e+00 4.519311356434531295e-20 2.341464370096369310e-16 1.254013146121806033e-13 1.989507116698055448e-11 1.557647287045422539e-09 8.322201817165308110e-08 2.866147915608451115e-06 7.673035629180948369e-05 9.584673576968806433e-04 6.938259666769903185e-04
1.565826086956521701e+00 2.635926595363015790e-20 1.401289861252777198e-16 7.742149070663789179e-14 1.272404553842613567e-11 1.037606270090553558e-09 5.822483486427448846e-08 2.124129756643620596e-06 6.170538104401149498e-05 8.816968988222498738e-04 7.463294640125365132e-04
1.579200668896321158e+00 1.544682413129238566e-20 8.415098769123636706e-17 4.790150920398205880e-14 8.144623130166651967e-12 6.908603405031269161e-10 4.066097405957996094e-08 1.569074335979437441e-06 4.936642167903257443e-05 8.053178336931876742e-04 7.959453205301532516e-04
1.592575250836120393e+00 9.057918850833032386e-21 5.052326194422215365e-17 2.960528541416057345e-14 5.203451357271200291e-12 4.587403837505475297e-10 2.829468639432173816e-08 1.153948424429492907e-06 3.927179195428292515e-05 7.304051406440171005e-04 8.420542167930872377e-04
1.605949832775919628e+00 5.301507485535339349e-21 3.025728447695876796e-17 1.824104408306842708e-14 3.312408735428203469e-12 3.033582979266103255e-10 1.959875414795276360e-08 8.443045471317624204e-07 3.105551363540311042e-05 6.578596670140175913e-04 8.841355054167344832e-04
1.619324414715719085e+00 3.119737952675428087e-21 1.819637639380677397e-17 1.127189467019236075e-14 2.112054608736618523e-12 2.006667125591116990e-10 1.356029562185513443e-08 6.161581450562940486e-07 2.444830852946049127e-05 5.885601884479752313e-04 9.216203158285464232e-04
1.632698996655518320e+00 1.836098643257140044e-21 1.093619539001120890e-17 6.955884515056658073e-15 1.343895221506103223e-12 1.323681978841680484e-10 9.349319714117217758e-09 4.477408290265077379e-07 1.914429289947327923e-05 5.230426955332671953e-04 9.542794905854492605e-04
1.646073578595317777e+00 1.078712823267109592e-21 6.557226183555433045e-18 4.280048168983052718e-15 8.522170529442050894e-13 8.697723738992820482e-11 6.417911424371338865e-09 3.237784299751357985e-07 1.490706883338884306e-05 4.617259173209831862e-04 9.819439043913860948e-04
1.659448160535117012e+00 6.376053488995869674e-22 3.950967737445259393e-18 2.643261384713740944e-15 5.417258033171305249e-13 5.721260396280998498e-11 4.403966401294466659e-09 2.336959297107494861e-07 1.156358462400395971e-05 4.050581884866030855e-04 1.004382942449837200e-03
1.672822742474916469e+00 3.767323448598832570e-22 2.378107301453117824e-18 1.629680536944398943e-15 3.435695278917493545e-13 3.752462795529367910e-11 3.011312204217095694e-09 1.679701229726659663e-07 8.924444545769705367e-06 3.530792860843740303e-04 1.021746548095527106e-03
1.686197324414715704e+00 2.222242574998486456e-22 1.428210509480708039e-18 1.002026571508434836e-15 2.171998511050342736e-13 2.452161960686005201e-11 2.050551428349336766e-09 1.201733111251158620e-07 6.851252524140959934e-06 3.058135782367094307e-04 1.034168558715133426e-03
1.699571906354515161e+00 1.319655568683941819e-22 8.625470462564161059e-19 6.188265092567805917e-16 1.377452578068004182e-13 1.605371265484252672e-11 1.396824785849072212e-09 8.587551864885315750e-08 5.243225457075051736e-06 2.633553037382221841e-04 1.041708450786322463e-03
1.712946488294314396e+00 7.829635897372120503e-23 5.201530607884269532e-19 3.814007459146061312e-16 8.713473024144886349e-14 1.047784681186978168e-11 9.480832069592597980e-10 6.111140152300201119e-08 3.992957143862858700e-06 2.254100916181084704e-04 1.044767789104771374e-03
1.726321070234113630e+00 4.638894761354769663e-23 3.130659164760235379e-19 2.344977443408501879e-16 5.496047605140435657e-14 6.815747829627022033e-12 6.410456648612605089e-10 4.330148768751023785e-08 3.025765002516264249e-06 1.917651093793456326e-04 1.043659660177608710e-03
1.739695652173913087e+00 2.767660879369789742e-23 1.895487817701790192e-19 1.448737916195996091e-16 3.479270502949222897e-14 4.444003149528635740e-12 4.338356904253605739e-10 3.066271245538214645e-08 2.287000044924499224e-06 1.622872031733903295e-04 1.038628519664824834e-03
1.753070234113712322e+00 1.649207693668207011e-23 1.145624648216059691e-19 8.930389386097990359e-17 2.196639333379999441e-14 2.888485591521081085e-12 2.925427096336201798e-10 2.162394233386214259e-08 1.720432968715930697e-06 1.365412308123044424e-04 1.030162099077699001e-03
1.766444816053511779e+00 9.820147438700033921e-24 6.915250002391401114e-20 5.495123475884671643e-17 1.383713058899788788e-14 1.872271638981871241e-12 1.966203196249865468e-10 1.519145781548656528e-08 1.288385185980933360e-06 1.142259161556277323e-04 1.018627490279520788e-03
1.779819397993311014e+00 5.884809946332307653e-24 4.197143307380865385e-20 3.396513906660671157e-17 8.746242977269279248e-15 1.216329906123499805e-12 1.322757187853084757e-10 1.066746005808136341e-08 9.626675559625181093e-07 9.509738684274468741e-05 1.004347699129139616e-03
1.793193979933110471e+00 3.522444936883420436e-24 2.543206933903512399e-20 2.094962705313415049e-17 5.514400543921180382e-15 7.878566039222334789e-13 8.868410223011235403e-11 7.461601561374587526e-09 7.160707892080098339e-07 7.873440200693960036e-05 9.877645247906190803e-04
1.806568561872909706e+00 2.108209380730866736e-24 1.540046130636723271e-20 1.290691021494508930e-17 3.471052412863405173e-15 5.092179578973349930e-13 5.929620191613140448e-11 5.201890965264483320e-09 5.304775514390356323e-07 6.484048583846640428e-05 9.692182511771228184e-04
1.819943143812709163e+00 1.269120832362255728e-24 9.372618606871150712e-21 7.984748922069557000e-18 2.191827404812814385e-15 3.298293605695615451e-13 3.968423287585885952e-11 3.625223371473709878e-09 3.922000223030924282e-07 5.316205094220202557e-05 9.490174839652856234e-04
1.833317725752508398e+00 7.631671829132103402e-25 5.695238421843410665e-21 4.929918824740590209e-18 1.380751633633561473e-15 2.130396652249136826e-13 2.647302075308678667e-11 2.517126172862142187e-09 2.887334304338519897e-07 4.335822886983902911e-05 9.275040641060109748e-04
1.846692307692307633e+00 4.591569083117281777e-25 3.460657901004368843e-21 3.042229865228614673e-18 8.689137303381564402e-16 1.373881598910860883e-13 1.762166057709022017e-11 1.742832770741203876e-09 2.117954686099035080e-07 3.518829167829087742e-05 9.049484266845244469e-04
1.860066889632107090e+00 2.776980310764249390e-25 2.112380221100607902e-21 1.884398226717195099e-18 5.484043068214424687e-16 8.877594605936199688e-14 1.174026609847887441e-11 1.206360637399197243e-09 1.550777095546220172e-07 2.844150187822168776e-05 8.815975079014183200e-04
1.873441471571906325e+00 1.677796759044419257e-25 1.287500341141003840e-21 1.165040301908744652e-18 3.453398315221570494e-16 5.721285029543004470e-14 7.797913927658842917e-12 8.321031440938976722e-10 1.130898043834663927e-07 2.287375432238763655e-05 8.576844694765746371e-04
1.886816053511705782e+00 1.014815384722547650e-25 7.852023229804269645e-22 7.203560737276771993e-19 2.173731517535480543e-16 3.683533252525470197e-14 5.171065557837106107e-12 5.726425019449684585e-10 8.221105739427601194e-08 1.831283768680172001e-05 8.334019341329447148e-04
1.900190635451505017e+00 6.166787878992806868e-26 4.808084017534307413e-22 4.469001373092797768e-19 1.371822062558801837e-16 2.375777990709942954e-14 3.431858443037288977e-12 3.939740307669867804e-10 5.966396922489952035e-08 1.460619667670761326e-05 8.089234915414088333e-04
1.913565217391304474e+00 3.743783873277263532e-26 2.940079940369941172e-22 2.767612974805318636e-19 8.639013449535208090e-17 1.528484144354508867e-14 2.271003674581331517e-12 2.701512352106951686e-10 4.313417816530149537e-08 1.159467842522629175e-05 7.843901749684267267e-04
1.926939799331103709e+00 2.276615351992759036e-26 1.799947008228882386e-22 1.715124806619741977e-19 5.441274531596628993e-17 9.829720126302295647e-15 1.501241811250921337e-12 1.849188600638860352e-10 3.110068535933558006e-08 9.166307756309453734e-06 7.599279013798389097e-04
1.940314381270902944e+00 1.390116137231869708e-26 1.105873581893530630e-22 1.066022765030537993e-19 3.435025601239409991e-17 6.331281872364968965e-15 9.930590382205834274e-13 1.265382881154870317e-10 2.238904468951569636e-08 7.221209816910297443e-06 7.356449039313874569e-04
1.953688963210702401e+00 8.480373827211303103e-27 6.785465811185019038e-23 6.614684825968405282e-20 2.164125138165538316e-17 4.068297893312270595e-15 6.550937461281709474e-13 8.631573367424769125e-11 1.605865209447340616e-08 5.663280283080667395e-06 7.116147105033146644e-04
1.967063545150501636e+00 5.184916490211610879e-27 4.170740291324597892e-23 4.109583112705485701e-20 1.364445799985474538e-17 2.614616755034639737e-15 4.319350895070189223e-13 5.880618434701124563e-11 1.149294826609443494e-08 4.425120230603433156e-06 6.879135383411073270e-04
1.980438127090301093e+00 3.181369701799978550e-27 2.571468199411801808e-23 2.559684196633256768e-20 8.619371840034742829e-18 1.682528457546278160e-15 2.849408282395409061e-13 4.004929782817769607e-11 8.212862311118263259e-09 3.446348480059079739e-06 6.645989575942795559e-04
1.993812709030100327e+00 1.950337168301277946e-27 1.583458548154647302e-23 1.591783216714231246e-20 5.434538173575703294e-18 1.080288562008772282e-15 1.874800329453314977e-13 2.719326553663615561e-11 5.848451249146756982e-09 2.672584758722766883e-06 6.416995539229216608e-04
2.007187290969899784e+00 1.198929831986453787e-27 9.773015908153294509e-24 9.916777210626001117e-21 3.430969925961226020e-18 6.941230968391571787e-16 1.233623440430519877e-13 1.845116361169041230e-11 4.157658426150598933e-09 2.065812695406961403e-06 6.192572622525742681e-04
2.020561872909699019e+00 7.392507967761484497e-28 6.047497628368969982e-24 6.191192765066652487e-21 2.169516856119483538e-18 4.464486883719769928e-16 8.119854605529236560e-14 1.251360195586010191e-11 2.951235788846046544e-09 1.591864003816718198e-06 5.972931095228837519e-04
2.033936454849498254e+00 4.554407729869617152e-28 3.737722203067890851e-24 3.859410564464570570e-21 1.369360911587239212e-18 2.865351640963973046e-16 5.331309163503404566e-14 8.462493553862260419e-12 2.087915273669222841e-09 1.221654028907304620e-06 5.758075401462943487e-04
2.047311036789297489e+00 2.814986648081447800e-28 2.316664028356237947e-24 2.411528963042517878e-21 8.659239814928682436e-19 1.841384275360796949e-16 3.502555012658770458e-14 5.721912205030802887e-12 1.475362005796652787e-09 9.349083934547108897e-07 5.548195458242520224e-04
2.060685618729097168e+00 1.744250093013421844e-28 1.438921285904258897e-24 1.509373945577452973e-21 5.482455922541006822e-19 1.184187607969540618e-16 2.301335233657098286e-14 3.866552266372198057e-12 1.040931427195159793e-09 7.133551461564302013e-07 5.343248024732128549e-04
2.074060200668896403e+00 1.079942176778968222e-28 8.927291510934334232e-25 9.433553897255967971e-22 3.465110950455389569e-19 7.599981655084345687e-17 1.508504361142664511e-14 2.605689929587266538e-12 7.320921711566684168e-10 5.421915307516173901e-07 5.143070290486105025e-04
2.087434782608695638e+00 6.711240354070556632e-29 5.557082293782123053e-25 5.912986601295261962e-22 2.195328547075132417e-19 4.886531148458489800e-17 9.899516889576235901e-15 1.756622836438248518e-12 5.145209851605826830e-10 4.111237263177069787e-07 4.947701800856791786e-04
2.100809364548494873e+00 4.179006316634756343e-29 3.464873432052150123e-25 3.710962918513728660e-22 1.392046039944010423e-19 3.143134779831250064e-17 6.495631668135787473e-15 1.183329253067508363e-12 3.610391518352838894e-10 3.108503614159929087e-07 4.756934270081422385e-04
2.114183946488294552e+00 2.600269619305933037e-29 2.158038130327093353e-25 2.325783067138058737e-22 8.812297826988506933e-20 2.017820440362108949e-17 4.252541614409555734e-15 7.950667891648280359e-13 2.525735096627231122e-10 2.341626887526285414e-07 4.570519022370043310e-04
2.127558528428093787e+00 1.624692468826406551e-29 1.349231452512918804e-25 1.462599874189885465e-22 5.594897135616056620e-20 1.298461129294203678e-17 2.788741734218298909e-15 5.346717602695566429e-13 1.766578861610655279e-10 1.760572395574011147e-07 4.388408816870493449e-04
2.140933110367893022e+00 1.016665315421897403e-29 8.445512266745220921e-26 9.205464464093143460e-23 3.553877322310651815e-20 8.356200877165884282e-18 1.828082692638916655e-15 3.592218004834525724e-13 1.233544629370582669e-10 1.320006195371925167e-07 4.210309889061359333e-04
2.154307692307692257e+00 6.357325083780798673e-30 5.281015232600890269e-26 5.786224034642546620e-23 2.253857404943468970e-20 5.367648708716621142e-18 1.195770185128675509e-15 2.407465881605670887e-13 8.588500261173235899e-11 9.861833099077448739e-08 4.035956572802012142e-04
2.167682274247491492e+00 3.993614166778763737e-30 3.316402330549824821e-26 3.651166322782719504e-23 1.434294098181801983e-20 3.457893660389465531e-18 7.838988663893376699e-16 1.615734032348046495e-13 5.981499228057849824e-11 7.357132527563518028e-08 3.865278615114989204e-04
2.181056856187291171e+00 2.511332658915592694e-30 2.084163008889414516e-26 2.304881642905746228e-23 9.128334562289969908e-21 2.227038526756612548e-18 5.135479654944378050e-16 1.083134242948533831e-13 4.158435095239675538e-11 5.473398282664116491e-08 3.697974747101660299e-04
2.194431438127090406e+00 1.578138809246913334e-30 1.308480003845783048e-26 1.453180129725143101e-23 5.800805388718886240e-21 1.431773714670658543e-18 3.357435407412755456e-16 7.243764623051521559e-14 2.883003402228034808e-11 4.058191107141991273e-08 3.533826911737933960e-04
2.207806020066889641e+00 9.966909396297455584e-31 8.253827376598752895e-27 9.202009210482363864e-24 3.700722593266572824e-21 9.236196197359091191e-19 2.200991518376958740e-16 4.853809799909497060e-14 2.000363928750337149e-11 3.005928450823751227e-08 3.372808487403057076e-04
2.221180602006688876e+00 6.298266821025159734e-31 5.207927360802151129e-27 5.827000123216248913e-24 2.360259866100316422e-21 5.954596513091201664e-19 1.441493604239247315e-16 3.247927272744848385e-14 1.385286292554542552e-11 2.220341635609033885e-08 3.214679990210098830e-04
2.234555183946488555e+00 3.977375184697371847e-31 3.282940050509601273e-27 3.685392768821501453e-24 1.503155857981911604e-21 3.832434465778303861e-19 9.422173813020029512e-17 2.168422175035201581e-14 9.567902068936517754e-12 1.634748580170544136e-08 3.059325055956415500e-04
2.247929765886287790e+00 2.525323615489167465e-31 2.080177132434995228e-27 2.342140838234307858e-24 9.615163688313890726e-22 2.476185721843802457e-19 6.178635719609829233e-17 1.451238735485029591e-14 6.616985791147800314e-12 1.202973320273328781e-08 2.906818750250732774e-04
2.261304347826087024e+00 1.603570101246686605e-31 1.317861785502340057e-27 1.487860218814729467e-24 6.146359215235301933e-22 1.598386170445782978e-19 4.046577902008665610e-17 9.696926896016285701e-15 4.566672727789129762e-12 8.827553791441019673e-09 2.757026458683303457e-04
2.274678929765886259e+00 1.017618434055334918e-31 8.341499270418043519e-28 9.440794067047025934e-25 3.923517075154050073e-22 1.030086464866714806e-19 2.645226637555967358e-17 6.465241206325800555e-15 3.143651053908915937e-12 6.457639449064700135e-09 2.609962768957856984e-04
2.288053511705685494e+00 6.495153452035489693e-32 5.309287841145290727e-28 6.021935404085662345e-25 2.516760412907412230e-22 6.667449995808784231e-20 1.735622061922430508e-17 4.323251652063671064e-15 2.167961104430244270e-12 4.723735334345153439e-09 2.465836007363646047e-04
2.301428093645485173e+00 4.144345049543571691e-32 3.377350559878397730e-28 3.838017761243528214e-25 1.612690382651138722e-22 4.310066782126234235e-20 1.137018732105887419e-17 2.885528651348061542e-15 1.491713671658406019e-12 3.445473016149422452e-09 2.324617478916066323e-04
2.314802675585284408e+00 2.643586949133855376e-32 2.147199634383893389e-28 2.444162752957817493e-25 1.032315845512103062e-22 2.782641486303536158e-20 7.437257596521802944e-18 1.922400916625331215e-15 1.024126050671543370e-12 2.506016122772089938e-09 2.186453405325829310e-04
2.328177257525083643e+00 1.695600771457668341e-32 1.372410531771319609e-28 1.564395471560635214e-25 6.639132679331695230e-23 1.804146020743990689e-20 4.882525681257675573e-18 1.284493883072036553e-15 7.044180388738007055e-13 1.822921605649269741e-09 2.051655746328694097e-04
2.341551839464882878e+00 1.087097513472780914e-32 8.765978789098016392e-29 1.000387870677821054e-25 4.265017924817287022e-23 1.168151349622596433e-20 3.200219623930166692e-18 8.566483364039101452e-16 4.834273186575038582e-13 1.322305992063989420e-09 1.920280936081153304e-04
2.354926421404682113e+00 6.970706191929212994e-33 5.598521954008972472e-29 6.395085380433284107e-26 2.738340240363476686e-23 7.557506286854802028e-21 2.095300965711164497e-18 5.705162104757279346e-16 3.311642066348659034e-13 9.567968406747777859e-10 1.792562365592899039e-04
2.368301003344481792e+00 4.492197777491111114e-33 3.592960677519547117e-29 4.106975020634070634e-26 1.765682394581829634e-23 4.908415086906133125e-21 1.376473357711333310e-18 3.809801200867497106e-16 2.272514136561920784e-13 6.924082783904105255e-10 1.668856542383319926e-04
2.381675585284281027e+00 2.893762772289368605e-33 2.304346772004608172e-29 2.635232337831638981e-26 1.137282394492815120e-23 3.183766283169556483e-21 9.028628475480582787e-19 2.539530947702564391e-16 1.556089158983409453e-13 4.997300847137651673e-10 1.549247803718804470e-04
2.395050167224080262e+00 1.865154801643602492e-33 1.478403661762624120e-29 1.691100930248143590e-26 7.324542355331094993e-24 2.064390945098574138e-21 5.918382575067657174e-19 1.691178853233012423e-16 1.064025773182188432e-13 3.599048673868378031e-10 1.433991537514448444e-04
2.408424749163879497e+00 1.207615538890268786e-33 9.526639598984721036e-30 1.089745426808764342e-26 4.735581693458187227e-24 1.343280165759287650e-21 3.891375932854238135e-19 1.128982512803701487e-16 7.287074767949410734e-14 2.592315450299903115e-10 1.323415694112512896e-04
2.421799331103679176e+00 7.815753858446567200e-34 6.134982353616132236e-30 7.016429880178453754e-27 3.058546012048942275e-24 8.729728539764483747e-22 2.554835081662264352e-19 7.523740188607209691e-17 4.980321254115615976e-14 1.862372306738774316e-10 1.217565841231566681e-04
2.435173913043478411e+00 5.063351257674249730e-34 3.953876680188235813e-30 4.520148612612551879e-27 1.976092828739585588e-24 5.673883466304786416e-22 1.677037245526414034e-19 5.011336199677236048e-17 3.400398906592807981e-14 1.335617164089177801e-10 1.116655751121947064e-04
2.448548494983277646e+00 3.293530002242124198e-34 2.558200734168516290e-30 2.922834585824394133e-27 1.281160148930755469e-24 3.699333755393680011e-22 1.103830226511366648e-19 3.345198835074122497e-17 2.324928992247058967e-14 9.579149673892382467e-11 1.020916435490384634e-04
2.461923076923076881e+00 2.141506311172246697e-34 1.654179787261659439e-30 1.888446660452615540e-27 8.297844156306768928e-25 2.409055546331196506e-22 7.255150369045136245e-20 2.229302778275648137e-17 1.586457599791475452e-14 6.853231132300811393e-11 9.303076833324381146e-05
2.475297658862876116e+00 1.394350678535792313e-34 1.070894590418522206e-30 1.221338879053528986e-27 5.378568207906061929e-25 1.569661254617721613e-22 4.769801553182187869e-20 1.485510502279130655e-17 1.081917249438240848e-14 4.896217411961854906e-11 8.449559364145460734e-05
2.488672240802675795e+00 9.111334902323748564e-35 6.956928150624034486e-31 7.924939917207113927e-28 3.497006556024692830e-25 1.025575520850986723e-22 3.143346314707110862e-20 9.917750637044734422e-18 7.387258158921797924e-15 3.498052889255720652e-11 7.649535264951793691e-05
2.502046822742475030e+00 5.951568243149132511e-35 4.516830830542401847e-31 5.138271711818159222e-28 2.271473419096511666e-25 6.693122368046499861e-23 2.068673624814245081e-20 6.610847616643612184e-18 5.034368909256878036e-15 2.493203489773235538e-11 6.901580488047633056e-05
2.515421404682274265e+00 3.894383504623883469e-35 2.937238562982207585e-31 3.336174350903705110e-28 1.477209337062347334e-25 4.372315705577829714e-23 1.362346571878084881e-20 4.408032208933521379e-18 3.430294710687500871e-15 1.775202166512554586e-11 6.205907517750163091e-05
2.528795986622073499e+00 2.556293172929253729e-35 1.915849750146028832e-31 2.172328813898651229e-28 9.632328424082370148e-26 2.863097492633915665e-23 8.990372287922177029e-21 2.944023268795041421e-18 2.339651296903185140e-15 1.263860991813936800e-11 5.561990909535872914e-05
2.542170568561873178e+00 1.677361814438117026e-35 1.248927948865900215e-31 1.413432500070157521e-28 6.275039883136042072e-26 1.872742263184226295e-23 5.925120793016772597e-21 1.963225159345978393e-18 1.592849617380037043e-15 8.977515620916208304e-12 4.967514040206100461e-05
2.555545150501672413e+00 1.102952990391701852e-35 8.157727549236309304e-32 9.213165785853134298e-29 4.094521867190820389e-26 1.226655891568947943e-23 3.909264832502802487e-21 1.310159579725862712e-18 1.084675753741622378e-15 6.372868612759409265e-12 4.421726997228193667e-05
2.568919732441471648e+00 7.272193611646009071e-36 5.342356950536102407e-32 6.020164078748546250e-29 2.677771158852080215e-26 8.050989477717280892e-24 2.583702907627766730e-21 8.755115724005218698e-19 7.392003560511267814e-16 4.523006008232157440e-12 3.922902988252185166e-05
2.582294314381270883e+00 4.793164033992351270e-36 3.496695841171110465e-32 3.930890939512563808e-29 1.749657996399917173e-26 5.278488705961695270e-24 1.705452584780643441e-21 5.841926906845534232e-19 5.028723183150510888e-16 3.203037676543377581e-12 3.468154420258272557e-05
2.595668896321070118e+00 3.166963874282788536e-36 2.294030879017454626e-32 2.572325261995167664e-29 1.145532507024792470e-26 3.466964592398641825e-24 1.127440823037734435e-21 3.902602797964936330e-19 3.423185172045489898e-16 2.267686472900286822e-12 3.056037880680387585e-05
2.609043478260869797e+00 2.097305812366645045e-36 1.508317080301865633e-32 1.686749887619636697e-29 7.514090609232688370e-27 2.280929669238980665e-24 7.463660579196946263e-22 2.609806220053645675e-19 2.331518128543898167e-16 1.604948648330849660e-12 2.684052091816886427e-05
2.622418060200669032e+00 1.388457855972331407e-36 9.911838548861440447e-33 1.105270233138044800e-29 4.924559429507124527e-27 1.499075908743987298e-24 4.934899956245753907e-22 1.742774620656520537e-19 1.585287472942891244e-16 1.133488284446213030e-12 2.349121402625905605e-05
2.635792642140468267e+00 9.217458065447814614e-37 6.531106577065232377e-33 7.261071387910140622e-30 3.235196762729687941e-27 9.873855806412258827e-25 3.269163417027133477e-22 1.165612029368183610e-19 1.079017152822735247e-16 8.006149854022568498e-13 2.049442552260184896e-05
2.649167224080267502e+00 6.130743051357326872e-37 4.311182679933604529e-33 4.778054211159811367e-30 2.128544300551071528e-27 6.512007369907524832e-25 2.167969157678014426e-22 7.801758253808138994e-20 7.346469355627947191e-17 5.652282233448805506e-13 1.782200548597321046e-05
2.662541806020067181e+00 4.076344027763376384e-37 2.844334295293958662e-33 3.141980223396253714e-30 1.399259447384935614e-27 4.290486843207616477e-25 1.436003152524668008e-22 5.214720489578244186e-20 4.993620812287378200e-17 3.982306723683571893e-13 1.544467215135435031e-05
2.675916387959866416e+00 2.718777337391814579e-37 1.882281186096071176e-33 2.072177350909217602e-30 9.223989513381909620e-28 2.834111795952202769e-25 9.533673586552822123e-23 3.492384882279333330e-20 3.399191778528641731e-17 2.807121840574034598e-13 1.334382318131749268e-05
2.689290969899665651e+00 1.816065133196403766e-37 1.247370818649763241e-33 1.368361206641167499e-30 6.087302224642821399e-28 1.873856216709318202e-25 6.333994839585152423e-23 2.339953926543368522e-20 2.313962348336232243e-17 1.977473935745712192e-13 1.149202014110600823e-05
2.702665551839464886e+00 1.212685271070226002e-37 8.262035993616511549e-34 9.029941997124090092e-31 4.013980759994169183e-28 1.237748762112245226e-25 4.203366506863177000e-23 1.565713252897183839e-20 1.572706121666411646e-17 1.390279201414855836e-13 9.863734700992337411e-06
2.716040133779264121e+00 8.125342598204392017e-38 5.490870774501090133e-34 5.978489507359982831e-31 2.655144940383182286e-28 8.199928705616581023e-26 2.796959244856925823e-23 1.050120371082563042e-20 1.070858557295416035e-17 9.783037908965689373e-14 8.441972491985036715e-06
2.729414715719063800e+00 5.450388063259845117e-38 3.652898789226813405e-34 3.961727705390662618e-31 1.757626517432796628e-28 5.435536318965739893e-26 1.861840453640719112e-23 7.044132393636720443e-21 7.289949621647566733e-18 6.878469350287652968e-14 7.202560046989290004e-06
2.742789297658863035e+00 3.654894831839079993e-38 2.428957302875113673e-34 2.623589655383006627e-31 1.162570672976389347e-28 3.599681976853057906e-26 1.237987135780405469e-23 4.719043767910429574e-21 4.955074485990459766e-18 4.827038785769860423e-14 6.124805992604142785e-06
2.756163879598662270e+00 2.459945563583441257e-38 1.621071760578845531e-34 1.743714518145277683e-31 7.716620654002392880e-29 2.391801837300617303e-26 8.256990136124879863e-24 3.170067162402068176e-21 3.375489932971124573e-18 3.391677387788723091e-14 5.194518501261097136e-06
2.769538461538461505e+00 1.656956177959240590e-38 1.082597022522422976e-34 1.159529704881495823e-31 5.123933161821584052e-29 1.589604295145333806e-26 5.507450893445425076e-24 2.129174822181234143e-21 2.298349681520733091e-18 2.380743487908501237e-14 4.392014567842647489e-06
2.782913043478261184e+00 1.115734310431829049e-38 7.226403580597399225e-35 7.705728604862920669e-32 3.399722883957085171e-29 1.055489423253354302e-26 3.669535241402909939e-24 1.428267046405533330e-21 1.562607099851296590e-18 1.668049782536506823e-14 3.701538187424095611e-06
2.796287625418060419e+00 7.542835495347029058e-39 4.842948725884020603e-35 5.141080755984415346e-32 2.264363554094881643e-29 7.034147422168896017e-27 2.453363952880476389e-24 9.610766436819216912e-22 1.065147352729865771e-18 1.170614097034551986e-14 3.112060359616064123e-06
2.809662207357859653e+00 5.101425478400175648e-39 3.246568187274132707e-35 3.430572911342447585e-32 1.508216570549680321e-29 4.687293866123234354e-27 1.639808351806030454e-24 6.464004570561483292e-22 7.255125733758785852e-19 8.205327754498349117e-15 2.608564549626973726e-06
2.823036789297658888e+00 3.449172811886975339e-39 2.175377135065574114e-35 2.287762302422472058e-32 1.003815116780853340e-29 3.120647911781266207e-27 1.094886398012416225e-24 4.342267653243793360e-22 4.934628118703098533e-19 5.741194269744596554e-15 2.179691109276880146e-06
2.836411371237458123e+00 2.341953470935470770e-39 1.463874599822462225e-35 1.532144364424477589e-32 6.708864803927171879e-30 2.085974174226906560e-27 7.338206262077485894e-25 2.927123448771063231e-22 3.366299322937852741e-19 4.025125841424198386e-15 1.817371080784723378e-06
2.849785953177257802e+00 1.590296212483489660e-39 9.850305444825408006e-36 1.025908389929135002e-32 4.482383693106489144e-30 1.393731402250079458e-27 4.915292384377830929e-25 1.971638473828459901e-22 2.294074178063714678e-19 2.818012869611990567e-15 1.510768894018733437e-06
2.863160535117057037e+00 1.079608529646780736e-39 6.625460332476461480e-36 6.865579004426057904e-33 2.992756071590963399e-30 9.304498275809314859e-28 3.289179179802040506e-25 1.326541211671573880e-22 1.561258072827977413e-19 1.969572243689043894e-15 1.252096204308947687e-06
2.876535117056856272e+00 7.361484231454435634e-40 4.476327404845268714e-36 4.615068106125015237e-33 2.006935683091087755e-30 6.238057009064984815e-28 2.209927307858163823e-25 8.958543250359261179e-23 1.065985360720915339e-19 1.379745584654845934e-15 1.035710489044366873e-06
2.889909698996655507e+00 5.018563274175356312e-40 3.023286056218274431e-36 3.100796832317126771e-33 1.345039887046724894e-30 4.179159327792946578e-28 1.483503296216225333e-25 6.043714431660427910e-23 7.269152175441627134e-20 9.650160862075710817e-16 8.542046730796509780e-07
2.903284280936454742e+00 3.421534477977830390e-40 2.041761312538886201e-36 2.082963855792734348e-33 9.011486380694295876e-31 2.798541375453614076e-28 9.952634211856822399e-26 4.074148759087144415e-23 4.952035512454051137e-20 6.740290949412568756e-16 7.025011584102736586e-07
2.916658862876254421e+00 2.342098061327579138e-40 1.384520998279425929e-36 1.404924496424427463e-33 6.061659321228332529e-31 1.881295137060421261e-28 6.701758825784733388e-26 2.755843898709240650e-23 3.383568800690933342e-20 4.717807249330182288e-16 5.766912722946694410e-07
2.930033444816053656e+00 1.602893820993036487e-40 9.385304142944213534e-37 9.471591917598526162e-34 4.075045976303464239e-31 1.263786181068296461e-28 4.508894906985217635e-26 1.862238454632383387e-23 2.309079077633940128e-20 3.297101670006981387e-16 4.720676839320810147e-07
2.943408026755852891e+00 1.097402079960468770e-40 6.363678949635323532e-37 6.386382835384826040e-34 2.739591898609069465e-31 8.488852256313473913e-29 3.032824392608446052e-26 1.257878964544463580e-23 1.574792678695215887e-20 2.301846000278787735e-16 3.853969890860961144e-07
2.956782608695652126e+00 7.540612704622917271e-41 4.330831090520402409e-37 4.321995918807564899e-34 1.848461478810867499e-31 5.722016317414167548e-29 2.046802427981095776e-26 8.522927875327616590e-24 1.076909950638567228e-20 1.610098324862285671e-16 3.140994359868201730e-07
2.970157190635451805e+00 5.180401771941542044e-41 2.946393908166183232e-37 2.923591033574986389e-34 1.246483926837425247e-31 3.854325242453573651e-29 1.380209263802794014e-26 5.769177730776149227e-24 7.355690352454499641e-21 1.124553075937573403e-16 2.552886230507443537e-07
2.983531772575251040e+00 3.561315892595402654e-41 2.005669556617853438e-37 1.978586108704826468e-34 8.408601565276399621e-32 2.596915602245260853e-29 9.308145380556033680e-27 3.904951065311332842e-24 5.022729451164587403e-21 7.848783964625275723e-17 2.069785217397643503e-07
2.996906354515050275e+00 2.456290781758341727e-41 1.369840417776175795e-37 1.343474531981062866e-34 5.690793017776684422e-32 1.755241914275093343e-29 6.296289860143299903e-27 2.650486447556528931e-24 3.438003337310934840e-21 5.487413852337775766e-17 1.675368433257902454e-07
3.010280936454849510e+00 1.693812324982136642e-41 9.352748407199322067e-38 9.118230587324315602e-35 3.849275301015912834e-32 1.185556962018915598e-29 4.255550627513601815e-27 1.797306474894114735e-24 2.350581914057929878e-21 3.830928718011745059e-17 1.352510472040370911e-07
3.023655518394648745e+00 1.169136422702706161e-41 6.391322508868008222e-38 6.193516653668158286e-35 2.605494241306965537e-32 8.012455595375330129e-30 2.877570083931650270e-27 1.219118939758068566e-24 1.607186759282113677e-21 2.673486367053272366e-17 1.089409287717851337e-07
3.037030100334448424e+00 8.093469914647020592e-42 4.380541493882415297e-38 4.219325106421600593e-35 1.768713046364447207e-32 5.430328703196931703e-30 1.950980585155368787e-27 8.289738454998145583e-25 1.101248075064396237e-21 1.868538132123366006e-17 8.761163596824307422e-08
3.050404682274247659e+00 5.601710983936806007e-42 3.001410700724192068e-38 2.873153267164021110e-35 1.200015428785839391e-32 3.677896938180679374e-30 1.321715586456467217e-27 5.631613202916034782e-25 7.537376423639067732e-22 1.304113529434232832e-17 7.027748576464987462e-08
3.063779264214046893e+00 3.881866523468120417e-42 2.058893537562647801e-38 1.958643143845192533e-35 8.150067029269809184e-33 2.493299278353854040e-30 8.961249927750287612e-28 3.828248212587220978e-25 5.160889878796180948e-22 9.101405485195599517e-18 5.625812068221163677e-08
3.077153846153846128e+00 2.697009593775789946e-42 1.416041645209780458e-38 1.338682568187886344e-35 5.549313965722108743e-33 1.694403743160851743e-30 6.089918664333774172e-28 2.607963314893971367e-25 3.540249222525167939e-22 6.359979075311722763e-18 4.496722394979698606e-08
3.090528428093645807e+00 1.873444295994719787e-42 9.735996259407100992e-39 9.145621215457191435e-36 3.776454488290953033e-33 1.150743539270558146e-30 4.135427336784037209e-28 1.775048029891617122e-25 2.425895578500187851e-22 4.438228871309698252e-18 3.585317319099852706e-08
3.103903010033445042e+00 1.303311425145570712e-42 6.703781099593010650e-39 6.256916160025217405e-36 2.573415608056118630e-33 7.824947059858346791e-31 2.811368363902683378e-28 1.209313622002869530e-25 1.663508471559428925e-22 3.098022758668898479e-18 2.853458920544413733e-08
3.117277591973244277e+00 9.087296088636248208e-43 4.626423943173578211e-39 4.290264225524477948e-36 1.757480351614368820e-33 5.332183534269050229e-31 1.915071016420649523e-28 8.254033573815264304e-26 1.142508351317172499e-22 2.164786506405057391e-18 2.267627024177596354e-08
3.130652173913043512e+00 6.334866562229161315e-43 3.191793246834519198e-39 2.940518910280185574e-36 1.199615810651647171e-33 3.631229509671635379e-31 1.303543317272527125e-28 5.628726271304494207e-26 7.838532918746325920e-23 1.510666665018681551e-18 1.797743256314678598e-08
3.144026755852842747e+00 4.423849287614438764e-43 2.205865781549422256e-39 2.018840715110630598e-36 8.201747365501420141e-34 2.476734956336935513e-31 8.885748093424803473e-29 3.843405100850568496e-26 5.383539010703426975e-23 1.054832278600231866e-18 1.422975092686061653e-08
3.157401337792642426e+00 3.095308103517567714e-43 1.527447902900308199e-39 1.388709624434712360e-36 5.617977853432405860e-34 1.692319035281294025e-31 6.067249690905933327e-29 2.628368060296556081e-26 3.702191393799207175e-23 7.371448748305934311e-19 1.124681862389752894e-08
3.170775919732441661e+00 2.165327443008531155e-43 1.057349985895455153e-39 9.548600991777735593e-37 3.846172962052397802e-34 1.155620553731871616e-31 4.139712361244023475e-29 1.795897709518399813e-26 2.543326934025374389e-23 5.144708382660714161e-19 8.868535312031294668e-09
3.184150501672240896e+00 1.517784813916192934e-43 7.334017861442022955e-40 6.578528198408678989e-37 2.638262192814072754e-34 7.906017563212353293e-32 2.829518055928491051e-29 1.229074091125865275e-26 1.749620526549162881e-23 3.593924990611395744e-19 6.983797592926896741e-09
3.197525083612040131e+00 1.065623096321829257e-43 5.095293082062199666e-40 4.539496016881141316e-37 1.812485379921084369e-34 5.416716623903330641e-32 1.936626642195158432e-29 8.421809598491773994e-27 1.204814153098428571e-23 2.512054878278431273e-19 5.491535521982248320e-09
3.210899665551839366e+00 7.480194807744891928e-44 3.538853329486160825e-40 3.131179031194192502e-37 1.244543064326123942e-34 3.708939855322010685e-32 1.324543687262925696e-29 5.765890758933541398e-27 8.288180139122776694e-24 1.753647032548172030e-19 4.308418933980853317e-09
3.224274247491639045e+00 5.262499686430955241e-44 2.463421101951702003e-40 2.164648892838157089e-37 8.564651856784040345e-35 2.545080805815721255e-32 9.077857118582020498e-30 3.955162668567907430e-27 5.711299257648851652e-24 1.225726093035450261e-19 3.376495264177690627e-09
3.237648829431438280e+00 3.707220639244055078e-44 1.717053653969429658e-40 1.498370832703145583e-37 5.901172409908867043e-35 1.748441306777138608e-32 6.228100439339209634e-30 2.715573642879632967e-27 3.938420788268316586e-24 8.570223581136338824e-20 2.642223279026426341e-09
3.251023411371237515e+00 2.611080704060901734e-44 1.196454722536575293e-40 1.036751715455044470e-37 4.063957773520748189e-35 1.200440276557621679e-32 4.269931769247058258e-30 1.862945669359162458e-27 2.713202510554729124e-24 5.984907731910731931e-20 2.063124486840692993e-09
3.264397993311036750e+00 1.843576912105261668e-44 8.357942756182372104e-41 7.191579782718118966e-38 2.805722471893643863e-35 8.262152146377421912e-33 2.934352231201249018e-30 1.280880522569053172e-27 1.872900555633538810e-24 4.185982254710930674e-20 1.609586628306405084e-09
3.277772575250836429e+00 1.303028535956662110e-44 5.844410595871569580e-41 4.993352417812222655e-38 1.938803499120158678e-35 5.691258588275850097e-33 2.018018743916834954e-30 8.812241343497311628e-28 1.293409894082426033e-24 2.928054157135163720e-20 1.253846985499270375e-09
3.291147157190635664e+00 9.207922970781344880e-45 4.085546065546027784e-41 3.465658694641763166e-38 1.339085658025394602e-35 3.918030730446646224e-33 1.386873769239275119e-30 6.057769929230290786e-28 8.923596328524521702e-25 2.045692111745745613e-20 9.746670914947488353e-10
3.304521739130434899e+00 6.524303358842783658e-45 2.863878224132229614e-41 2.412040137846862588e-38 9.274365190805368108e-36 2.704655720320184992e-33 9.556539408505706013e-31 4.174830683728341042e-28 6.170912142828272037e-25 1.431894265778990204e-20 7.572026182428760790e-10
3.317896321070234134e+00 4.626332513996260747e-45 2.008954697706497482e-41 1.679853364375541405e-38 6.427197855128599290e-36 1.868040877690796813e-33 6.588019161342242708e-31 2.878101136972791618e-28 4.268015372938073010e-25 1.002113133365202781e-20 5.873391578573697152e-10
3.331270903010033368e+00 3.279851162597817893e-45 1.408816899260754518e-41 1.169461004876120387e-38 4.451922324317711915e-36 1.289464022178166464e-33 4.538509027565164881e-31 1.982570723202190954e-28 2.949128478958197470e-25 7.005096539024746116e-21 4.546476160667157825e-10
3.344645484949833047e+00 2.331998705660792429e-45 9.909112520436712788e-42 8.166063991890490052e-39 3.093056444407236572e-36 8.927601205691017443e-34 3.135785003176805167e-31 1.369550048879659867e-28 2.043138872648174710e-25 4.907431811239906873e-21 3.518178479703606499e-10
3.358020066889632282e+00 1.658880486094860037e-45 6.972729920240902304e-42 5.704284756850672064e-39 2.149617132556275438e-36 6.182458587253145110e-34 2.166911142627231460e-31 9.461103662562030742e-29 1.415299455479819755e-25 3.436545778123701548e-21 2.718038656286090655e-10
3.371394648829431517e+00 1.179820494796179718e-45 4.905015388793295207e-42 3.983078370154989043e-39 1.493226034641528417e-36 4.278976770628111927e-34 1.496391071815554913e-31 6.530817684766202673e-29 9.794859562913325460e-26 2.403770481963459093e-21 2.095697537106689269e-10
3.384769230769230752e+00 8.417100164292958521e-46 3.461553288320002022e-42 2.790314728961580250e-39 1.040672301166671084e-36 2.971228471190951155e-34 1.036676795577950887e-31 4.522138064011673140e-29 6.798494950009300853e-26 1.685536584244171054e-21 1.615746446050346252e-10
3.398143812709030431e+00 6.006310864467049823e-46 2.443261259533875927e-42 1.954905054725442133e-39 7.252872203547884914e-37 2.063035008996600474e-34 7.180871046656662770e-32 3.130474867872781212e-29 4.716867975282668592e-26 1.181144854923696634e-21 1.243599966617562985e-10
3.411518394648829666e+00 4.285155218177938800e-46 1.724005996304789227e-42 1.369080352155670598e-39 5.052423664357587991e-37 1.431637234522474400e-34 4.970782696569436343e-32 2.165431860768157950e-29 3.269654904828510002e-26 8.267647303126149288e-22 9.553183821910007852e-11
3.424892976588628901e+00 3.067303125236955818e-46 1.220660133091752767e-42 9.621650099536162683e-40 3.531992735766824954e-37 9.969840453119385610e-35 3.452892713971122651e-32 1.502969968351206064e-29 2.273738220061414016e-26 5.803163251229731699e-22 7.340123110358797636e-11
3.438267558528428136e+00 2.195509470268600254e-46 8.641773730371926549e-43 6.760650101335499418e-40 2.468454833894821973e-37 6.940556417088255545e-35 2.397469436447877456e-32 1.042614243987975685e-29 1.580107532933162244e-26 4.069670282821517066e-22 5.629685682711003382e-11
3.451642140468227371e+00 1.571399443167139430e-46 6.117095171883368713e-43 4.749262144347260595e-40 1.724627153105409914e-37 4.829805198702554714e-35 1.663843572528615722e-32 7.228397475922312003e-30 1.097281960921231597e-26 2.851313631514727405e-22 4.310088049888231693e-11
3.465016722408027050e+00 1.128319610011560754e-46 4.344481139743105138e-43 3.347691603155679422e-40 1.209097789150742831e-37 3.372576758232502267e-35 1.158653796957385055e-32 5.028136503526088975e-30 7.644018504514590656e-27 2.003217185947299317e-22 3.300788573250140146e-11
3.478391304347826285e+00 8.100638036816134881e-47 3.084848753372500633e-43 2.359027723225129535e-40 8.473492247849448404e-38 2.353934017338490355e-35 8.064108338809282509e-33 3.495348937363633782e-30 5.320912829859263814e-27 1.405988334073187395e-22 2.523308576686396606e-11
3.491765886287625520e+00 5.816750417108054366e-47 2.190652080137628912e-43 1.662396519076146464e-40 5.938104130947498218e-38 1.642779846413035994e-35 5.611446915057544914e-33 2.429112125636050629e-30 3.702247154045151652e-27 9.861742791450177429e-23 1.925907014871063013e-11
3.505140468227424755e+00 4.189009086620467725e-47 1.560389442456083384e-43 1.175125591029040593e-40 4.174401280794980741e-38 1.150074294032856703e-35 3.916885739491755409e-33 1.693246164537730175e-30 2.583403016788614248e-27 6.934485492720179292e-23 1.470315596607171481e-11
3.518515050167224434e+00 3.016354732707202727e-47 1.111208478713780088e-43 8.304295943174423841e-41 2.933437435613927077e-38 8.047759930721546618e-36 2.732573482261354772e-33 1.179548303857360149e-30 1.801300504111088686e-27 4.871408637251567760e-23 1.120543652361428585e-11
3.531889632107023669e+00 2.172830282424923230e-47 7.916034131316650649e-44 5.870122511120982452e-41 2.061865137534343721e-38 5.632445541007461208e-36 1.906523213695498177e-33 8.216952165217341915e-31 1.255805160306838672e-27 3.420887562013368818e-23 8.528103580752385258e-12
3.545264214046822904e+00 1.569343320015872216e-47 5.654746878639433810e-44 4.161112950152678076e-41 1.453358424682195899e-38 3.953191650513363135e-36 1.333914828898961706e-33 5.739737897808881387e-31 8.777735877722801925e-28 2.407701122850043682e-23 6.491747639146077635e-12
3.558638795986622139e+00 1.133310812608471992e-47 4.038510681782071870e-44 2.948771925504109457e-41 1.024053778920682564e-38 2.773342526130244606e-36 9.327863977574017311e-34 4.006828979839037456e-31 6.130783188348077756e-28 1.692991153575313181e-23 4.933265385168862260e-12
3.572013377926421374e+00 8.189311455870096189e-48 2.885902279658098986e-44 2.090774835212416959e-41 7.219162489266185815e-39 1.946476515968699195e-36 6.525235005309211942e-34 2.797899739046629622e-31 4.282688701188967608e-28 1.190350853902752673e-23 3.744620982570970899e-12
3.585387959866221053e+00 5.931672601489369756e-48 2.067341607036784691e-44 1.486156672574554378e-41 5.102125058320802525e-39 1.369600766989986941e-36 4.576110951140423890e-34 1.958495049603469909e-31 2.998603492645576193e-28 8.386205798962362385e-24 2.842736996735662521e-12
3.598762541806020288e+00 4.295804655615068946e-48 1.480624651478459249e-44 1.056067413750018096e-41 3.604575381176017868e-39 9.632646042301738141e-37 3.207509960280364345e-34 1.370074954935165248e-31 2.097975324767598187e-28 5.902724149012391938e-24 2.154511489509008375e-12
3.612137123745819522e+00 3.113659622792194258e-48 1.061279177448054129e-44 7.510321546857497145e-42 2.548480210136792881e-39 6.779557571936783838e-37 2.249660666176406220e-34 9.589795401529173872e-32 1.468492034981189472e-28 4.155568629781698742e-24 1.631391749696886348e-12
3.625511705685618757e+00 2.261597289350603291e-48 7.623682235342120282e-45 5.352950151601194838e-42 1.805855129136027805e-39 4.782218064029402565e-37 1.581341235714840801e-34 6.726792821042504672e-32 1.029968383746143232e-28 2.930686064471943145e-24 1.235344773575394243e-12
3.638886287625418436e+00 1.642463129338155895e-48 5.475219532118076722e-45 3.814150907674189737e-42 1.279158417554133129e-39 3.371832899717226518e-37 1.110984578511434357e-34 4.715655823497396279e-32 7.218720950394192276e-29 2.064962800289739247e-24 9.339422359750457251e-13
3.652260869565217671e+00 1.194054891955119243e-48 3.936287581728437064e-45 2.720475243401278816e-42 9.069785094675704008e-40 2.379677079827027418e-37 7.812371230278033208e-35 3.308546787455212555e-32 5.062989749647505724e-29 1.455685196151387587e-24 7.055819793215998976e-13
3.665635451505016906e+00 8.696808568831503722e-49 2.835346302114661914e-45 1.944192116991486407e-42 6.443493943903419376e-40 1.682744473988315965e-37 5.504183362987820785e-35 2.325642130418083570e-32 3.557257937453552112e-29 1.027718830605134338e-24 5.330351721668907108e-13
3.679010033444816141e+00 6.333304655171825074e-49 2.041862369414917843e-45 1.389004952003381781e-42 4.576005933138357582e-40 1.189402021082527263e-37 3.875960582258636260e-35 1.633756800586489871e-32 2.497541312256347465e-29 7.249239970444220779e-25 4.020534423387456697e-13
3.692384615384615376e+00 4.617802985675753148e-49 1.472275315729288322e-45 9.935965658243306010e-43 3.253772100692369301e-40 8.417105828259885339e-38 2.732563944942593864e-35 1.148969396508142449e-32 1.755249061798846462e-29 5.117321155119343940e-25 3.031147156249252324e-13
3.705759197324415055e+00 3.372407221524046377e-49 1.063340437712920883e-45 7.119453884561178637e-43 2.317499649747819004e-40 5.966555669420025016e-38 1.929632206844301006e-35 8.093170897205773114e-33 1.235401656440724932e-29 3.616891527752183954e-25 2.284900707996018019e-13
3.719133779264214290e+00 2.462510560443879314e-49 7.678141486446804803e-46 5.099805770919637359e-43 1.650037396872123851e-40 4.227625707171051736e-38 1.361938783341549753e-35 5.697328110743328919e-33 8.689029783485621897e-30 2.554150167325937669e-25 1.719744262980636806e-13
3.732508361204013525e+00 1.800670656055215550e-49 5.552300547795951243e-46 3.658464488245341806e-43 1.176534329908149460e-40 2.999842663166501392e-38 9.626193225351222512e-36 4.016179799380091549e-33 6.118982587253449053e-30 1.805541727033066061e-25 1.294066586691541626e-13
3.745882943143812760e+00 1.318517185557104819e-49 4.020688052287342662e-46 2.628210837482384125e-43 8.400991263958166815e-41 2.131613928502501775e-38 6.813107720550005248e-36 2.834817395514226271e-33 4.314334612381582923e-30 1.277622718034399868e-25 9.735059275132399139e-14
3.759257525083611995e+00 9.653157862475535137e-50 2.910902461898155838e-46 1.887521847581698325e-43 5.996512831094306015e-41 1.514021304201207803e-38 4.819666833316075689e-36 1.999781032776142638e-33 3.039810424205178392e-30 9.032797937148050544e-26 7.312613564113594221e-14
3.772632107023411674e+00 7.078676503553660714e-50 2.110941290546609810e-46 1.357862652475959215e-43 4.287481399727364052e-41 1.077177577547713801e-38 3.415147712718686269e-36 1.412991555910000476e-33 2.145052162167746375e-30 6.394529579888428382e-26 5.492939567296191624e-14
3.786006688963210909e+00 5.196713390492245730e-50 1.532597229065086685e-46 9.779679587285233561e-44 3.069069933067959762e-41 7.672461727777657920e-39 2.422582262819198914e-36 9.994236133285200418e-34 1.515098005281090931e-30 4.530235506707198610e-26 4.124531848917791515e-14
3.799381270903010144e+00 3.814487486457364481e-50 1.112446477400102897e-46 7.041478330350905294e-44 2.196110946436971033e-41 5.462567835479578213e-39 1.717634441335034417e-36 7.064932351903531099e-34 1.069413832433966016e-30 3.206739042299822453e-26 3.092513079652327535e-14
3.812755852842809379e+00 2.804924154394080160e-50 8.089784982637348833e-47 5.079562217295631580e-44 1.574464497837974784e-41 3.896645934547253364e-39 1.220134889042113473e-36 5.003502140386352363e-34 7.561730608505292338e-31 2.273463014383451094e-26 2.319260166548894656e-14
3.826130434782609058e+00 2.064437304321958998e-50 5.888354386241755387e-47 3.667628008606366414e-44 1.129799087508714597e-41 2.782042388729689544e-39 8.674546282951968279e-37 3.546321041915532947e-34 5.350501772004034115e-31 1.612614374659590292e-26 1.738481204517894028e-14
3.839505016722408293e+00 1.519188366677462885e-50 4.284986185918748657e-47 2.647370160272973955e-44 8.104254892787966663e-42 1.985420199587635518e-39 6.164115911406666639e-37 2.512078076328360047e-34 3.783327360573420648e-31 1.142903533372050760e-26 1.301283102485468422e-14
3.852879598662207528e+00 1.120147236950177445e-50 3.124601903937436370e-47 1.914942932684406346e-44 5.825716147114001113e-42 1.419942118372386872e-39 4.389563992044421667e-37 1.783205524439439245e-34 2.680606856630784170e-31 8.114899655048293084e-27 9.744919521982120980e-15
3.866254180602006763e+00 8.264919605414575734e-51 2.280014495680928563e-47 1.386078958529348396e-44 4.190508131722646855e-42 1.016147332776194798e-39 3.127673349171657370e-37 1.266469008872339076e-34 1.900107728668451876e-31 5.763260887301571347e-27 7.293048362378049549e-15
3.879628762541805997e+00 6.097195644378914739e-51 1.663329688526649309e-47 1.002975673992093533e-44 3.013200781287962544e-42 7.268749856564301476e-40 2.227451739777778117e-37 8.989622391673887733e-35 1.345962916934916511e-31 4.089735881758744603e-27 5.450479003156236773e-15
3.893003344481605676e+00 4.507637085768294427e-51 1.216156422814043662e-47 7.274291019449761291e-45 2.171723546494255168e-42 5.211794510048482883e-40 1.590087305236969915e-37 6.395943960397083687e-35 9.555976016637283075e-32 2.908225973699288934e-27 4.076328682677591084e-15
3.906377926421404911e+00 3.334071147554604033e-51 8.896095728129543126e-48 5.278117042489340064e-45 1.565871640262940482e-42 3.738301472797135452e-40 1.135462958803220683e-37 4.551785886013006685e-35 6.785666596193349540e-32 2.068076296011149594e-27 3.046259508993463590e-15
3.919752508361204146e+00 2.465627044084500319e-51 6.505887370988278379e-48 3.828578092941719852e-45 1.128631618042846467e-42 2.680275089604634535e-40 8.104263588613976686e-38 3.237540028916468719e-35 4.815298510328325052e-32 1.469440379108615334e-27 2.273380482600079417e-15
3.933127090301003381e+00 1.827589978699807501e-51 4.769383526274300797e-48 2.784053000217825975e-45 8.155519600315591739e-43 1.926644105829039858e-40 5.799314793901390626e-38 2.308689872052161927e-35 3.425674910568604841e-32 1.046533000182660594e-27 1.698208777671228828e-15
3.946501672240803060e+00 1.355023785431584418e-51 3.497202360627358914e-48 2.024907939781159687e-45 5.894171599608988530e-43 1.385087454753607157e-40 4.150222136526086916e-38 1.646346113238349045e-35 2.436889541053553633e-32 7.451680789748724958e-28 1.267387163073537761e-15
3.959876254180602295e+00 1.004477702810758371e-51 2.563749612233967903e-48 1.472322763596265147e-45 4.258324014067308727e-43 9.953408345607196831e-41 2.968630503364257179e-38 1.173370359852172177e-35 1.732375513190705436e-32 5.301605819768006537e-28 9.445983475562214340e-16
3.973250836120401530e+00 7.464521378701872268e-52 1.884321736588464807e-48 1.073404935439700630e-45 3.084920074985269177e-43 7.172552127877146931e-41 2.129403312269977763e-38 8.386190987655675524e-36 1.234933276576320232e-32 3.781673829647014846e-28 7.048617593566590412e-16
3.986625418060200765e+00 5.547439259808574861e-52 1.384980833215377287e-48 7.825538070664937994e-46 2.234703468654585324e-43 5.168037579648874192e-41 1.527164022988993813e-38 5.992287264858020077e-36 8.800444913754625577e-33 2.696229310370265876e-28 5.254042470229920241e-16
4.000000000000000000e+00 4.121990734738813056e-52 1.017719334106842222e-48 5.703409543692928706e-46 1.618232685600589210e-43 3.722180027490281067e-41 1.094724996067125665e-38 4.279382078844290140e-36 6.267370053654229988e-33 1.920817355738464945e-28 3.911239149376906562e-16
