1.000000000000000021e-03 2.580901704124877443e-10 1.654460646768980571e-26 1.667380433396951915e-38 1.890644328388829959e-51 1.664286238850989340e-65 1.155090844814680813e-81 1.198954588298024897e-101 3.741261547226589857e-126 1.360025979901575217e-162 5.843030778646918739e-228
1.437458193979933296e-02 3.231790902098183371e-10 4.684201164047474223e-25 2.331346202403496061e-36 1.287553132950418444e-48 5.763102358638737180e-62 2.402375555603414001e-77 2.126047327788563765e-96 8.396681801808466938e-120 1.176207804032766226e-154 2.742406302197989246e-217
2.774916387959866504e-02 3.718472505536793559e-10 7.575507441039850467e-24 1.373292959992499594e-34 2.624058842240962451e-46 4.070300198556666035e-59 6.497746386664993805e-74 2.790967101431922225e-92 7.002352443949018319e-115 1.371708667252900885e-148 2.954160799839881045e-209
4.112374581939799711e-02 4.170392468336014270e-10 1.021644018306956898e-22 6.419281011019043546e-33 4.109546831496140080e-44 2.182247273929041387e-56 1.353616741058396919e-70 3.001542811233018535e-88 5.528030050942801228e-110 2.156177553966486430e-142 1.098151500177723096e-200
5.449832775919732919e-02 4.578689256741212424e-10 1.353095924009986174e-21 3.195526417680984714e-31 7.580705774752089931e-42 1.536018244136120560e-53 4.117328231810271435e-67 5.111950217804853735e-84 6.867093979457020831e-105 4.132506957500183841e-136 1.750455503179448811e-192
6.787290969899666127e-02 4.902933520780182185e-10 1.350431078568093362e-20 1.012593668442015665e-29 7.306289246306227779e-40 4.507912319632585756e-51 4.014684603152044209e-64 2.038532842245558739e-80 1.416169788794395185e-100 8.823535681814212149e-131 2.043041322103889476e-185
8.124749163879599334e-02 5.158935954165027600e-10 1.131410139011702641e-19 2.562645506022922140e-28 5.447104475178087190e-38 1.012310997364973321e-48 3.047127805894877863e-61 6.747361469367353097e-77 2.791283951612902421e-96 2.491539510480313017e-125 7.216322938422406731e-178
9.462207357859532542e-02 5.362325281718712046e-10 8.779599149030848384e-19 6.182402203077242761e-27 4.037726496357460030e-36 2.363974070806656955e-46 2.495719328692231357e-58 2.427460631809166808e-73 5.579154965620969313e-92 5.393094660613169335e-120 7.710959274514753129e-171
1.079966555183946575e-01 5.515086843702627733e-10 5.561306814668186190e-18 1.081721414052474326e-25 1.889816195196058815e-34 2.972651163529118523e-44 9.129087085216372111e-56 3.110371503575481009e-70 3.085128874252003310e-88 2.382714882294916675e-115 1.189971566753122308e-164
1.213712374581939896e-01 5.628966809317150315e-10 3.067568601718856568e-17 1.586029931614100764e-24 7.240527466624241853e-33 3.042645901818521244e-42 2.768093240981320429e-53 3.502240090015189041e-67 1.695332204960099566e-84 1.380171347971683358e-110 4.873878112567221231e-158
1.347458193979933216e-01 5.713321187733475699e-10 1.548587206360966100e-16 2.134781466203004292e-23 2.577614492542379658e-31 2.931129108255768864e-40 7.935453053100209420e-51 3.647872977667736339e-64 7.935696315186883731e-81 5.297460113603609864e-106 6.044885011056962287e-152
1.481204013377926398e-01 5.771698866126149581e-10 6.704411936677460513e-16 2.258225587669420863e-22 6.513255029800821184e-30 1.782086012022939250e-38 1.248878573220511085e-48 1.756905046334307162e-61 1.410427411729871630e-77 6.020853253246812920e-102 1.635669043031834429e-146
1.614949832775919858e-01 5.809949214134943717e-10 2.597528270515925427e-15 2.074167644883042726e-21 1.404147075684487943e-28 9.216676370283485236e-37 1.700150623235117876e-46 7.693657846758643421e-59 2.526665207613549209e-74 8.688750597094665147e-98 1.017388094296508083e-140
1.748695652173913317e-01 5.832496440294365180e-10 9.228298200787984500e-15 1.728320073530104473e-20 2.734091091310706612e-27 4.285502580030520180e-35 2.055325761412961740e-44 2.890288684165467182e-56 3.577192826318928246e-71 7.981630824513523279e-94 2.102234130611905301e-135
1.882441471571906499e-01 5.841558691297681353e-10 2.910111545134253700e-14 1.196003728801407624e-19 4.093251896859568119e-26 1.401515150053492069e-33 1.570861561999299674e-42 6.007384742659945209e-54 2.394371692498825221e-68 2.817770891612769216e-90 1.270138326263542641e-130
2.016187290969899681e-01 5.840020592225133222e-10 8.382614948386093776e-14 7.375761583482316936e-19 5.386608888945366696e-25 4.022226851819609558e-32 1.068958718269765074e-40 1.158982511362176914e-51 1.619950504128706307e-65 1.216980089549534308e-86 1.543109752770538906e-125
2.149933110367893141e-01 5.829705951549682216e-10 2.231061987672771013e-13 4.128160514045989799e-18 6.347570431281648430e-24 1.019112189826424102e-30 6.287345133260486944e-39 1.856916408069051981e-49 8.422376530727534377e-63 3.355960528480364782e-83 6.981495236905793150e-121
2.283678929765886600e-01 5.811111556741890587e-10 5.405875893329448367e-13 1.996715450153888988e-17 6.090043115349135226e-23 1.962327511194787838e-29 2.586535550536344873e-37 1.873074382507624979e-47 2.428509670825111484e-60 4.315158900298578386e-80 1.154019968701157951e-116
2.417424749163879782e-01 5.784158860005170601e-10 1.215699529928527163e-12 8.776325142756327288e-17 5.249771442342268051e-22 3.390960303977643698e-28 9.666236901793475442e-36 1.776538628633629369e-45 7.063544039990120508e-58 6.552803626619392447e-77 3.412998762227149179e-112
2.551170568561872964e-01 5.747158912183346264e-10 2.551002702320928524e-12 3.523289541006180932e-16 4.059497742643463348e-21 5.156745870327277989e-27 3.098902665772002785e-34 1.386481150074863636e-43 1.572997939232364400e-55 6.495470310053917456e-74 4.205546542033103220e-108
2.684916387959866424e-01 5.696969087403230356e-10 4.968357561150729331e-12 1.259109613438770444e-15 2.666152980137184822e-20 6.309231795519302772e-26 7.485774850455729771e-33 7.496709442536254619e-42 2.189337474312058740e-53 3.479887671505771985e-71 2.256504342445187944e-104
2.818662207357859883e-01 5.628625507931037123e-10 9.097366599851305899e-12 4.150951954595017523e-15 1.599412409649883467e-19 7.042609780040273474e-25 1.666311366886680145e-31 3.842947099393523307e-40 3.061470867149533618e-51 2.134226845775568304e-68 1.962109492013968481e-100
2.952408026755852788e-01 5.535678005011207016e-10 1.570500243558703257e-11 1.261256996824650634e-14 8.668288478519610642e-19 6.952468443110804322e-24 3.192404809362577186e-30 1.626996994360611992e-38 3.308728809167997074e-49 8.808586747883366554e-66 7.876962787496800370e-97
3.086153846153846247e-01 5.411615409405720358e-10 2.554908170179241778e-11 3.489472419122206544e-14 4.119656707770565181e-18 5.764056962078167277e-23 4.874186346028373600e-29 5.130457510787659560e-37 2.448387806191697495e-47 2.203816301890302928e-63 1.585302475464725369e-93
3.219899665551839707e-01 5.248803003429460250e-10 3.949916944272545350e-11 9.013275966166926928e-14 1.811252793216582449e-17 4.414324920160299552e-22 6.929292924934348054e-28 1.541965641929611666e-35 1.811736881517168042e-45 6.145393958647546003e-61 4.759915063347985365e-90
3.353645484949833167e-01 5.041792914602757551e-10 5.814994539916321149e-11 2.167217574446761363e-13 7.263761378375267720e-17 3.017293655106581860e-21 8.556319448725160350e-27 3.869022608217938403e-34 1.053255251015347405e-43 1.192739103408271460e-58 7.229497515838603943e-87
3.487391304347826626e-01 4.788758374590848773e-10 8.165686140521313443e-11 4.829149064462094365e-13 2.618081282134175518e-16 1.789960086805645946e-20 8.789374554936439755e-26 7.644053965835283040e-33 4.499054855684535123e-42 1.535798539625467257e-56 6.171445668984733389e-84
3.621137123745819530e-01 4.489113586520197147e-10 1.099649866336249989e-10 1.014550926332277857e-12 8.818492801000808634e-16 9.903560948852479302e-20 8.472283399123675040e-25 1.444464656756842011e-31 1.912695059995300563e-40 2.154603104581481646e-54 7.336750769973146510e-81
3.754882943143812990e-01 4.148250089181928826e-10 1.422801594063780863e-10 2.003839456114980901e-12 2.737837842650346166e-15 4.944747132965447758e-19 7.179192870190605614e-24 2.311742125106272237e-30 6.515851162870847295e-39 2.177117475079875664e-52 4.782066839450586744e-78
3.888628762541806450e-01 3.775529805393788791e-10 1.772828319400059220e-10 3.719251348458576698e-12 7.787931223637870812e-15 2.198345219736746847e-18 5.232686685395633355e-23 3.042124072411825804e-29 1.723713490389347047e-37 1.567822636811784711e-50 1.923302935531861431e-75
4.022374581939799354e-01 3.381050360713096249e-10 2.134156935890147250e-10 6.562693474952813714e-12 2.087553462679045253e-14 9.185608828665854878e-18 3.600336888058535006e-22 3.837850697528626936e-28 4.518035995579889023e-36 1.206744686289665690e-48 1.017320873965735778e-72
4.156120401337792813e-01 2.978603363319386678e-10 2.486609019581858273e-10 1.098765303807251892e-11 5.211436202448079806e-14 3.503795107301456062e-17 2.206457737292266628e-21 4.166178510794899459e-27 9.690558193727548585e-35 6.916273704679399376e-47 3.166943492833731461e-70
4.289866220735786273e-01 2.581464254272555685e-10 2.810156591558433453e-10 1.748140072130323677e-11 1.210358270826122227e-13 1.214370693643276165e-16 1.194106932936858371e-20 3.847854147553065224e-26 1.686283606356244426e-33 2.991712910190224763e-45 6.567647301917558412e-68
4.423612040133779733e-01 2.200939996677023110e-10 3.085622959492519000e-10 2.662926202349023294e-11 2.667618650749904581e-13 3.980934030070323150e-16 6.129757776404165957e-20 3.412633228175438420e-25 2.895613934912306430e-32 1.360887351804139357e-43 1.707801176802853991e-65
4.557357859531773192e-01 1.847002266510936161e-10 3.297438712187669983e-10 3.880843863773216330e-11 5.529383679523063084e-13 1.204854570990624713e-15 2.839866606453763430e-19 2.646561607356578374e-24 4.154803856601062322e-31 4.757380099770794718e-42 2.782002731072506138e-63
4.691103678929766096e-01 1.526293762605742188e-10 3.435107866898906153e-10 5.422776075425193896e-11 1.079421561697180980e-12 3.367305749902996397e-15 1.186444440931211821e-18 1.794389776312698015e-23 5.008851335990893938e-30 1.314518897925003860e-40 3.215581684485073834e-61
4.824849498327759556e-01 1.242998643926747332e-10 3.491146463033200514e-10 7.298855651742060641e-11 2.011863344317381664e-12 8.949801804745197210e-15 4.720582165269743565e-18 1.169767188232389577e-22 5.937617564691283179e-29 3.767617485985555949e-39 4.478039172442760823e-59
4.958595317725753016e-01 9.981564061602835115e-11 3.466902262704277617e-10 9.465719070118486805e-11 3.557955920111976491e-12 2.219467117383096532e-14 1.716604628269201710e-17 6.772502849274776796e-22 6.000757898874210481e-28 8.546309422151883516e-38 4.128191640902565021e-57
5.092341137123745920e-01 7.907080297837886517e-11 3.368034921743529638e-10 1.185383001870812802e-10 5.985056180355134326e-12 5.149282817382164348e-14 5.724878297113533357e-17 3.503828784340611312e-21 5.241148926107149771e-27 1.590839215624985072e-36 2.844808902284825015e-55
5.226086956521739380e-01 6.187380410220332229e-11 3.202082751684288534e-10 1.437181340021831537e-10 9.663701861817296069e-12 1.141585958295725873e-13 1.824703334232764671e-16 1.744920229836734077e-20 4.487761950116732886e-26 3.036369843371757468e-35 2.284121513218775868e-53
5.359832775919732839e-01 4.782427419049952183e-11 2.983657268188569017e-10 1.688809629426050484e-10 1.492159739703313888e-11 2.384264254246587251e-13 5.378019131741079058e-16 7.830624327684207306e-20 3.338221872585985371e-25 4.712386895426676094e-34 1.274745276925350849e-51
5.493578595317726299e-01 3.651973490088782241e-11 2.727203213567806669e-10 1.926932372124846662e-10 2.209231988843014365e-11 4.708418326934686280e-13 1.473768515328711984e-15 3.196486328517438322e-19 2.195737566493509744e-24 6.188208263864877099e-33 5.552987597224234104e-50
5.627324414715719758e-01 2.759955175576694659e-11 2.446349823896508783e-10 2.137690164387624232e-10 3.154375079981724682e-11 8.923455097035954406e-13 3.872261782054612691e-15 1.257402617379240827e-18 1.412433939102917424e-23 8.251832436152222364e-32 2.739924535445635769e-48
5.761070234113713218e-01 2.062293570796051208e-11 2.156294514509081808e-10 2.309408256059663934e-10 4.336236017203651794e-11 1.606940958302433578e-12 9.508606189386157748e-15 4.517143703216261435e-18 8.030521970177663088e-23 9.170528417036748201e-31 9.812323782256345774e-47
5.894816053511705567e-01 1.523641516743143296e-11 1.868973330548516136e-10 2.433051778054710625e-10 5.753231298814772135e-11 2.760711438119896622e-12 2.196791098208280170e-14 1.499579767611436694e-17 4.123772301949456037e-22 8.885743234036837219e-30 2.875697201213164127e-45
6.028561872909699026e-01 1.115320111442108094e-11 1.594150820420709440e-10 2.501359424689964907e-10 7.391115138011913298e-11 4.567546332014249013e-12 4.875149392850433370e-14 4.790947664133614608e-17 2.057092116777411648e-21 8.589395968376021339e-29 9.112701148204754445e-44
6.162307692307692486e-01 8.074471766530416767e-12 1.339235865948001719e-10 2.513833491529961046e-10 9.194537551836212922e-11 7.236253760130081642e-12 1.021378377323492060e-13 1.416613643633133898e-16 9.235465130490543743e-21 7.109593482082781347e-28 2.202616960903886384e-42
6.296053511705685946e-01 5.781973682197249588e-12 1.108837151199765007e-10 2.472188811666356061e-10 1.109750990030959260e-10 1.101768135611220429e-11 2.033513672934151091e-13 3.924116433858890715e-16 3.816498844248568718e-20 5.276699363358335305e-27 4.568576805401767737e-41
6.429799331103679405e-01 4.104503147048579922e-12 9.057933753953504024e-11 2.380294830100012305e-10 1.301729842895048311e-10 1.620656818856419355e-11 3.894794895780911879e-13 1.043941784193569814e-15 1.519403580504776483e-19 3.825176200263481553e-26 9.698102241799340781e-40
6.563545150501672865e-01 2.881858081038311540e-12 7.302339868443067492e-11 2.247343477700059833e-10 1.485556473149169938e-10 2.298004617200999030e-11 7.106664920431969534e-13 2.602602429028841311e-15 5.540548310872414816e-19 2.439924979438923676e-25 1.653139966632524178e-38
6.697290969899666324e-01 2.002045664053066594e-12 5.813420248200234302e-11 2.082319065718760109e-10 1.651760524897315457e-10 3.149730742064475204e-11 1.241946740919812351e-12 6.142659911625712483e-15 1.886348433335849678e-18 1.424713088253272997e-24 2.501920467138644242e-37
6.831036789297659784e-01 1.379455315013738652e-12 4.575885878381540279e-11 1.894652494697992808e-10 1.791046981151521411e-10 4.185151524239535730e-11 2.093409057405785910e-12 1.392921343308673065e-14 6.164441670517494568e-18 8.026261153325035615e-24 3.742895376515588416e-36
6.964782608695653243e-01 9.402189486417351091e-13 3.560050363560631105e-11 1.694931973101978526e-10 1.896727918685522753e-10 5.389495443945849714e-11 3.386556692944593030e-12 2.989956625820486488e-14 1.871109683872053304e-17 4.064071475840055901e-23 4.675211806206912297e-35
7.098528428093645593e-01 6.344320150212233883e-13 2.739317644331046617e-11 1.491829511136308601e-10 1.963726047809284663e-10 6.740012202023628921e-11 5.279785008525819644e-12 6.126014894701363993e-14 5.360712993309808363e-17 1.913180345886096231e-22 5.314824295773250564e-34
7.232274247491639052e-01 4.248515762695191333e-13 2.087239722799092819e-11 1.292896389967923796e-10 1.989023925198470752e-10 8.198926203519661897e-11 7.964419274386353246e-12 1.208195208951552494e-13 1.473105193208078706e-16 8.633478790989156423e-22 5.845330395825771569e-33
7.366020066889632512e-01 2.815303333782410047e-13 1.573553570350469656e-11 1.104170367878677423e-10 1.973865507808668364e-10 9.708599367949850472e-11 1.160038808794263262e-11 2.274231980014413527e-13 3.802516234965640075e-16 3.561256285169061922e-21 5.532670861576602850e-32
7.499765886287625971e-01 1.848542926481358187e-13 1.174578621241439005e-11 9.298947546848135989e-11 1.920611678102508510e-10 1.120648630876061119e-10 1.636509713042528717e-11 4.112800091426581186e-13 9.343312482980918704e-16 1.381829747883104055e-20 4.853450041965468273e-31
7.633511705685619431e-01 1.205443052118916343e-13 8.690980282481930175e-12 7.729076039783626188e-11 1.833594744878739888e-10 1.262253753507876642e-10 2.241155614358384926e-11 7.179100662948967983e-13 2.204498184031978290e-15 5.126333181185686144e-20 4.067196405789279433e-30
7.767257525083612890e-01 7.782664334571625949e-14 6.366516435714875355e-12 6.342661301016930412e-11 1.719708173864381301e-10 1.388961367146907172e-10 2.978258687542058987e-11 1.204164760641525409e-12 4.931127701204949279e-15 1.762171830183691670e-19 3.004231114847095902e-29
7.901003344481606350e-01 4.984520627441855225e-14 4.621646575544863066e-12 5.142655406311751733e-11 1.585493625901592374e-10 1.494551686528750161e-10 3.849041587113032260e-11 1.950736933399491700e-12 1.057026348009450166e-14 5.749456336209361029e-19 2.084529694994817917e-28
8.034749163879598699e-01 3.172967691004885008e-14 3.327909223777879076e-12 4.123153804861544537e-11 1.437969556680451671e-10 1.573850413715470799e-10 4.844347400843216129e-11 3.059787397427728348e-12 2.180633939744609138e-14 1.793303718957076939e-18 1.372398512630525845e-27
8.168494983277592159e-01 2.001018881012016291e-14 2.373381947498241155e-12 3.268640186521351997e-11 1.284174875064833977e-10 1.623988810928911385e-10 5.940549790845910484e-11 4.637794378769205449e-12 4.297538078091678146e-14 5.240651173993969464e-18 8.118576930756949282e-27
8.302240802675585618e-01 1.253505691787984754e-14 1.678667600590647734e-12 2.564348675746069047e-11 1.129932951719566042e-10 1.643045133031029953e-10 7.108518257088217102e-11 6.818870696941479898e-12 8.160446150994549964e-14 1.463841518761807496e-17 4.557002092031522382e-26
8.435986622073579078e-01 7.810234670831346442e-15 1.178324548186451514e-12 1.992242749233956085e-11 9.802903048490362006e-11 1.631161884233061867e-10 8.308265834134691892e-11 9.738241004397173477e-12 1.495606351440843603e-13 3.914591910350825032e-17 2.420299759250687310e-25
8.569732441471572537e-01 4.824416256508918440e-15 8.194813632032954088e-13 1.532062918852986435e-11 8.390701227029141576e-11 1.590786667909149212e-10 9.493133499566179031e-11 1.350239307503897396e-11 2.635313454114814782e-13 9.898201757854124955e-17 1.173165375253791088e-24
8.703478260869565997e-01 2.964400082520070786e-15 5.656957420106343241e-13 1.167479993766911709e-11 7.090588674496955547e-11 1.524775711889483953e-10 1.061435219953697907e-10 1.822587204186621484e-11 4.494184435398165848e-13 2.405544693346470214e-16 5.436658543320562590e-24
8.837224080267559456e-01 1.812853980156716229e-15 3.877298837522766736e-13 8.819122604630338131e-12 5.919523381777918236e-11 1.437518438760906701e-10 1.162306781791669969e-10 2.397028596047356152e-11 7.420959234379739303e-13 5.610593002334377641e-16 2.383607679619803472e-23
8.970969899665552916e-01 1.099844080176513539e-15 2.634006843410139635e-13 6.599394139291656828e-12 4.883590958277901754e-11 1.334230565038508811e-10 1.247744940267997428e-10 3.072653671671946019e-11 1.184461548966035614e-12 1.246789781560169588e-15 9.660575056997519674e-23
9.104715719063546375e-01 6.647422012551399497e-16 1.777864504314680534e-13 4.898813420975354913e-12 3.984808298930927391e-11 1.219713370370018659e-10 1.313900112990187972e-10 3.846060457987726988e-11 1.836660954905645226e-12 2.674941670758349867e-15 3.764858020245832191e-22
9.238461538461538725e-01 4.000580512046493158e-16 1.191991543289198840e-13 3.607373223074167680e-12 3.217221340036768364e-11 1.099037500215514765e-10 1.358258864839491529e-10 4.704012647576878946e-11 2.766558830570276256e-12 5.524151994005258307e-15 1.390305421168212348e-21
9.372207357859532184e-01 2.390129552042496697e-16 7.924661775797915913e-14 2.632899678943179304e-12 2.570198714280978503e-11 9.767603878341639227e-11 1.379733361905007318e-10 5.625800099991289175e-11 4.046607968640398669e-12 1.093939023893841845e-14 4.796840504503125326e-21
9.505953177257525644e-01 1.424687827893236097e-16 5.240382742442022576e-14 1.908126541489383738e-12 2.033918032993119720e-11 8.566795282370037316e-11 1.377712017849936725e-10 6.586822280291278346e-11 5.769004758954411552e-12 2.099281655393267991e-14 1.598441811468369240e-20
9.639698996655519103e-01 8.458963272727807647e-17 3.443620171159037537e-14 1.372503413757246888e-12 1.594525226193185236e-11 7.419400767635594804e-11 1.353407532548626538e-10 7.555057916915682452e-11 8.014714294377684824e-12 3.890318036981173079e-14 5.060692909196879959e-20
9.773444816053512563e-01 4.988959383272656227e-17 2.244975348468947374e-14 9.789363411707763076e-13 1.238157613703772481e-11 6.347925865930740424e-11 1.309043089181842194e-10 8.496389216392419883e-11 1.085447792575800362e-11 6.950931369929024523e-14 1.510329568776167424e-19
9.907190635451506022e-01 2.939956129899776511e-17 1.457495575209973677e-14 6.939681128017515307e-13 9.536101359760789490e-12 5.369271701852275388e-11 1.246975732056194785e-10 9.374813611932457348e-11 1.436854158570115661e-11 1.207315809379640222e-13 4.368475115783910330e-19
1.004093645484949837e+00 1.726082281990694667e-17 9.406480750155319240e-15 4.884542892825759921e-13 7.282527670788737007e-12 4.491429278527688915e-11 1.170802312626438116e-10 1.015672334578140993e-10 1.859008071958492139e-11 2.031771900118513031e-13 1.204458387960238112e-18
1.017468227424749072e+00 1.007214465148325669e-17 6.025756720922017589e-15 3.410495318954394069e-13 5.512751109771069916e-12 3.716599778775953892e-11 1.084193300079795527e-10 1.081329727168758733e-10 2.352453991552903988e-11 3.312088220015098993e-13 3.154007487875134826e-18
1.030842809364548529e+00 5.880896219034204192e-18 3.849007345892487533e-15 2.369122034568845687e-13 4.143847014117427540e-12 3.045192930846562597e-11 9.905331631759639480e-11 1.131696714543670205e-10 2.916805725571814048e-11 5.263120516150628536e-13 8.026503562717799471e-18
1.044217391304347764e+00 3.421283597897842498e-18 2.444739137780720610e-15 1.634515087993094943e-13 3.090497196121043356e-12 2.470630347068251851e-11 8.934390182424135062e-11 1.165294456929013787e-10 3.544254661292273810e-11 8.129799703355638880e-13 1.954198988438998298e-17
1.057591973244147221e+00 1.979229547043539889e-18 1.542059794070436575e-15 1.119109782108951476e-13 2.286021021838392685e-12 1.985029524999940105e-11 7.959773727170329924e-11 1.181354313221758087e-10 4.223995618074489123e-11 1.221364123152662462e-12 4.547683662963256623e-17
1.070966555183946456e+00 1.147275019714167241e-18 9.711600121092586409e-16 7.631198863653784766e-14 1.680887578194864688e-12 1.581418388088293819e-11 7.007789411416483582e-11 1.179342521623160738e-10 4.942966823355505968e-11 1.793056428745335471e-12 1.030820397442438306e-16
1.084341137123745691e+00 6.625931391311408302e-19 6.082916798314109219e-16 5.169524674825948473e-14 1.226809278039847438e-12 1.248728715837728273e-11 6.099685471364432444e-11 1.160363920336807836e-10 5.682085273712520532e-11 2.566862590888587899e-12 2.243778472428401728e-16
1.097715719063545148e+00 3.807043117193965079e-19 3.785570665257695198e-16 3.476702911913042107e-14 8.884790440007252089e-13 9.773179903016972563e-12 5.250832574131400848e-11 1.125878843822317622e-10 6.421183463606813430e-11 3.586518606831189046e-12 4.693809786270414026e-16
1.111090301003344383e+00 2.194690467987049442e-19 2.355285002096591394e-16 2.331348580535623072e-14 6.402741879059802356e-13 7.594036652080220610e-12 4.473514197751878101e-11 1.077431268320148653e-10 7.138005028407313808e-11 4.908015373448616782e-12 9.582230969689566400e-16
1.124464882943143840e+00 1.260396990910117926e-19 1.457579836889271964e-16 1.553337108820250944e-14 4.581392363062006300e-13 5.852770590557483956e-12 3.772507576688067321e-11 1.017756897942298170e-10 7.810374368558978336e-11 6.568828930318645905e-12 1.885496727331971215e-15
1.137839464882943075e+00 7.204147598471240293e-20 8.966476711967265822e-17 1.027928280915860051e-14 3.254161780817668942e-13 4.474032919429309496e-12 3.149776900689791004e-11 9.494013149097757810e-11 8.417473374783707706e-11 8.607570748978858332e-12 3.582394531587824942e-15
1.151214046822742532e+00 4.136739289920956916e-20 5.521675168987780776e-17 6.790301828033182391e-15 2.302362456469483874e-13 3.399421859526855125e-12 2.606374751740747968e-11 8.747740085626768495e-11 8.937619570962614991e-11 1.106997917682894195e-11 6.653254007524477028e-15
1.164588628762541767e+00 2.365844248928432850e-20 3.382228919628577548e-17 4.457470454674998920e-15 1.617753238771996027e-13 2.563212252216352526e-12 2.136849607118107981e-11 7.966564841604399820e-11 9.356914003105983156e-11 1.396245277899041877e-11 1.195291371005583688e-14
1.177963210702341001e+00 1.347892262067298521e-20 2.061140417710642452e-17 2.908302009683429308e-15 1.129067883173304247e-13 1.918288652212260143e-12 1.736221636423362337e-11 7.173422132826535405e-11 9.663317346713679271e-11 1.729023130545861360e-11 2.082983438883893035e-14
1.191337792642140458e+00 7.715735353177913508e-21 1.257943598342864588e-17 1.895263392534074192e-15 7.853973144821130688e-14 1.428114011038117559e-12 1.399762845657836336e-11 6.388923006480367500e-11 9.845883092028787976e-11 2.105345698249238601e-11 3.549962446625118148e-14
1.204712374581939693e+00 4.400114782125876054e-21 7.639256778063358259e-18 1.227814872815245223e-15 5.427693294070116803e-14 1.055588916867005660e-12 1.119023058776055382e-11 5.630502539331722219e-11 9.905090436832292625e-11 2.520656823322310413e-11 5.875427120920194559e-14
1.218086956521739150e+00 2.502203122961848281e-21 4.619739644837608705e-18 7.912239174091163716e-16 3.728211633029064389e-14 7.749372397700528470e-13 8.873619549821989410e-12 4.911596075982846663e-11 9.842195488307298497e-11 2.970134557160690223e-11 9.468670819955066898e-14
1.231461538461538385e+00 1.429439410604457151e-21 2.798425760792448625e-18 5.094639680546156358e-16 2.553612016524988714e-14 5.662805392072754334e-13 6.988810509289532993e-12 4.243171907148131619e-11 9.660560411710350548e-11 3.447628257316213762e-11 1.493563839718342593e-13
1.244836120401337842e+00 8.137829712804944375e-22 1.687382621310911795e-18 3.262380918689199536e-16 1.738312159933513901e-14 4.110226486259191254e-13 5.461836061097801461e-12 3.630796812927620485e-11 9.373225872687862408e-11 3.943767243447927465e-11 2.295860141796397662e-13
1.258210702341137077e+00 4.624283477823185817e-22 1.014129060105203207e-18 2.079805664965852981e-16 1.176977308104974804e-14 2.964994764770118627e-13 4.237386666433913144e-12 3.078245749395961319e-11 8.992252722136132836e-11 4.449088177890635616e-11 3.447312465361340814e-13
1.271585284280936534e+00 2.639125176131361316e-22 6.105732367360594319e-19 1.325214287941914908e-16 7.949733837193847425e-15 2.130105357201951744e-13 3.267729598363858582e-12 2.587495697557210496e-11 8.531220176350980470e-11 4.952981665573204334e-11 5.072483909149564551e-13
1.284959866220735769e+00 1.501398869437166286e-22 3.660481053271238753e-19 8.400813132830588292e-17 5.338429745433421776e-15 1.520594045793967432e-13 2.501927967493199490e-12 2.156095162554709623e-11 8.008580931761711095e-11 5.444304939866595558e-11 7.295627129480390911e-13
1.298334448160535004e+00 8.533658254690083703e-23 2.189366338094764495e-19 5.306331504054169490e-17 3.568336332032110216e-15 1.079536499255095521e-13 1.903041078101445198e-12 1.781742996526783551e-11 7.440464323651680714e-11 5.912072248770156788e-11 1.027743227611794375e-12
1.311709030100334461e+00 4.869886921166069539e-23 1.311769536391638147e-19 3.350660180154959538e-17 2.380151963482788429e-15 7.636011342245394828e-14 1.439770524106126874e-12 1.461217863805190361e-11 6.843016451420937750e-11 6.345182726797503323e-11 1.420792365643373567e-12
1.325083612040133696e+00 2.770966863674532680e-23 7.828723110158811067e-20 2.105680789019927901e-17 1.578966716894540279e-15 5.368887105950172476e-14 1.082001018498497730e-12 1.188815543114030011e-11 6.232561643158798134e-11 6.734630085549698433e-11 1.925020504926425293e-12
1.338458193979933153e+00 1.576684418997743403e-23 4.665503999576253174e-20 1.319674180773300190e-17 1.043443104742397948e-15 3.756730054763646503e-14 8.083713830874412832e-13 9.600012073011096716e-12 5.622868957162118666e-11 7.071553336928838897e-11 2.560506924243015239e-12
1.351832775919732388e+00 9.004149753920700260e-24 2.784985386442299814e-20 8.269009558847777503e-18 6.882732972821621134e-16 2.619950827557533117e-14 6.010278977694220684e-13 7.699749624637780486e-12 5.026335624960800026e-11 7.348266946877872135e-11 3.347465745096336451e-12
1.365207357859531845e+00 5.128218767636618695e-24 1.656407006498207141e-20 5.158336570946430868e-18 4.516781647896490664e-16 1.816810482430249495e-14 4.440653977479559147e-13 6.130323403459342849e-12 4.452909911227850144e-11 7.560630942824102536e-11 4.299249392381011781e-12
1.378581939799331080e+00 2.923319742390809514e-24 9.846285578552177695e-21 3.211826775750986213e-18 2.955083012601607787e-16 1.254701262812155244e-14 3.263955891253144124e-13 4.848331244004310694e-12 3.910740567042705194e-11 7.704338817277881478e-11 5.431758643091739620e-12
1.391956521739130537e+00 1.671824641938040901e-24 5.861667598547046145e-21 1.999500462721503338e-18 1.930118207700873195e-16 8.638727914513095563e-15 2.388500333531087824e-13 3.811047157811147681e-12 3.405940348547425411e-11 7.777243226634130209e-11 6.755998895818775741e-12
1.405331103678929772e+00 9.537140573836462522e-25 3.477790245163380895e-21 1.239631266608582446e-18 1.254623419971081432e-16 5.916034721553539229e-15 1.737533012565651040e-13 2.975305463865816532e-12 2.941760215666460774e-11 7.780742565281579319e-11 8.272691776930471304e-12
1.418705685618729007e+00 5.450081020672175043e-25 2.064072974914313597e-21 7.677529023161949644e-19 8.137021203809190419e-17 4.037770614347941009e-15 1.258288853531250873e-13 2.309117391244068118e-12 2.520785090475338328e-11 7.715659781386033101e-11 9.983237035324922608e-12
1.432080267558528464e+00 3.123179014586980367e-25 1.226563722251328046e-21 4.754005837376091013e-19 5.269107664670439620e-17 2.748042744218999186e-15 9.075201975868866772e-14 1.782155350805263248e-12 2.143631644660723517e-11 7.585321568807389746e-11 1.187966084067740467e-11
1.445454849498327698e+00 1.785591992107323382e-25 7.265935200196909884e-22 2.932385433295275344e-19 3.396683051881586247e-17 1.860838582679459091e-15 6.508814789445450896e-14 1.366723995409879606e-12 1.808924377863673786e-11 7.395544807336256284e-11 1.394377080669702844e-11
1.458829431438127155e+00 1.023486812147328881e-25 4.309241005602055940e-22 1.808453746796570432e-19 2.186492195687307593e-17 1.256746348489800962e-15 4.650331689354225511e-14 1.042688610852425937e-12 1.515562207169726127e-11 7.151271440868863755e-11 1.615672234049818154e-11
1.472204013377926390e+00 5.880090723234130725e-26 2.558179614375103753e-22 1.114953683202313924e-19 1.405324676455191988e-17 8.464898159036268637e-16 3.309837477049158004e-14 7.914217124038307151e-13 1.260948542482694154e-11 6.859566438323513538e-11 1.848979687818086372e-11
1.485578595317725847e+00 3.370915163282460172e-26 1.514226350216949155e-22 6.849212494603644573e-20 8.994442654527108235e-18 5.674464264081619113e-16 2.343316019218617171e-14 5.971329096581570548e-13 1.041630547839858654e-11 6.528523721218534483e-11 2.090830689721232422e-11
1.498953177257525082e+00 1.938962263649219717e-26 8.980822946328226468e-23 4.210273520749461408e-20 5.753058923739980265e-18 3.796742284955584789e-16 1.653837469545996085e-14 4.485131613377076220e-13 8.549269117325010625e-12 6.165265294750675800e-11 2.337666018698791137e-11
1.512327759197324317e+00 1.117317377486346326e-26 5.329929233187486305e-23 2.586852809321499860e-20 3.674074532839377080e-18 2.533787192364043089e-16 1.162996553649328603e-14 3.352832547265158455e-13 6.972047695087156893e-12 5.778081565556409226e-11 2.585418186082864590e-11
1.525702341137123774e+00 6.425537346161759647e-27 3.154573818914397211e-23 1.584051470032803558e-20 2.337113733658523614e-18 1.683361056401798296e-16 8.137455853281888023e-15 2.492363023796563910e-13 5.648022926155385192e-12 5.375027166830225829e-11 2.830037267603347941e-11
1.539076923076923009e+00 3.710468345109685587e-27 1.872284757162727770e-23 9.714177611173646550e-21 1.486922187859841725e-18 1.117121350951733861e-16 5.679931119880196262e-15 1.845652368693281654e-13 4.549247639132323483e-12 4.963293812557364620e-11 3.067412469502076252e-11
1.552451505016722466e+00 2.145416588973060931e-27 1.111544681457240129e-23 5.953076462964863143e-21 9.444628252857142759e-19 7.394494571917736681e-17 3.950732407473340609e-15 1.360623510889984693e-13 3.642558927299397683e-12 4.550055543892360604e-11 3.293744602592416724e-11
1.565826086956521701e+00 1.238162911178339813e-27 6.582220980908936591e-24 3.636687701764160556e-21 5.976813350393693937e-19 4.873905071151224557e-17 2.734971116617904949e-15 9.977586962523899645e-14 2.898461374577850855e-12 4.141558421782704872e-11 3.505702561996684267e-11
1.579200668896321158e+00 7.180331901436170551e-28 3.911690949032595030e-24 2.226663110428729934e-21 3.785962524700383308e-19 3.211408701353952113e-17 1.890092660484270495e-15 7.293715792059905158e-14 2.294758388059996515e-12 3.743455148394225369e-11 3.699887775134090650e-11
1.592575250836120393e+00 4.167247017123423137e-28 2.324407141415735480e-24 1.362040655971454257e-21 2.393934799420400363e-19 2.110511837542805138e-17 1.301744356722030238e-15 5.308932668540993768e-14 1.806764451897537595e-12 3.360350974396802845e-11 3.874011217118020055e-11
1.605949832775919628e+00 2.414289363616645462e-28 1.377906949748805426e-24 8.306912483132602122e-22 1.508460225646108955e-19 1.381483878024004045e-17 8.925209255789996339e-16 3.844935602477128515e-14 1.414258047473724331e-12 2.995871648126042174e-11 4.026324498357100806e-11
1.619324414715719085e+00 1.406467787092939218e-28 8.203450939768793908e-25 5.081694999265703047e-22 9.521750918924967846e-20 9.046633769807255176e-18 6.113372105256717619e-16 2.777818508870050584e-14 1.102200214159242328e-12 2.653398966113577876e-11 4.154930015938197254e-11
1.632698996655518320e+00 8.195605308234015103e-29 4.881477436923741575e-25 3.104826871062470725e-22 5.998607346905634408e-20 5.908383567543053839e-18 4.173160007431318468e-16 1.998534843734341930e-14 8.545241786736440673e-13 2.334652066591141214e-11 4.259519545587762624e-11
1.646073578595317777e+00 4.767765391982395801e-29 2.898205656874351790e-25 1.891723644694454879e-22 3.766684592826511960e-20 3.844276747002688147e-18 2.836630409681261472e-16 1.431057052265706580e-14 6.588723647918626682e-13 2.040766366823100657e-11 4.340059803911359991e-11
1.659448160535117012e+00 2.790838576743840991e-29 1.729363343040126946e-25 1.156972075847218466e-22 2.371167796073634726e-20 2.504231535870057487e-18 1.927643697567529428e-16 1.022901732224159047e-14 5.061453469580999042e-13 1.772965079739973689e-11 4.396247093049301555e-11
1.672822742474916469e+00 1.633195636203730644e-29 1.030947971457558986e-25 7.064928662638882242e-23 1.489429461901061431e-20 1.626753302787094110e-18 1.305452536336787252e-16 7.281776454676116998e-15 3.868891027425381376e-13 1.530655801485266143e-11 4.429436512217920589e-11
1.686197324414715704e+00 9.542610927070041831e-30 6.132929576302513765e-26 4.302837961106668747e-23 9.326856103970997541e-21 1.052991594358401956e-18 8.805345864053023016e-17 5.160404920626181121e-15 2.942020728813921730e-13 1.313204969682483955e-11 4.440860012248675761e-11
1.699571906354515161e+00 5.613760040172858538e-30 3.669239349986095971e-26 2.632462296908160434e-23 5.859626120248069594e-21 6.829182760775095571e-19 5.942034688447224617e-17 3.653108935847717923e-15 2.230446356688280890e-13 1.120302536189500334e-11 4.431384531924941046e-11
1.712946488294314396e+00 3.299882768057164358e-30 2.192240028203629553e-26 1.607453738161920575e-23 3.672385262762632769e-21 4.415999235984460849e-19 3.995796839517509392e-17 2.575604580607132445e-15 1.682873973366525287e-13 9.500146454146548202e-12 4.403284225573179912e-11
1.726321070234113630e+00 1.937227078950914430e-30 1.307379887007434933e-26 9.792750292040130557e-24 2.295178656903166444e-21 2.846292476572225803e-19 2.677040727801829365e-17 1.808293113392515134e-15 1.263575528000259151e-13 8.008212770473790321e-12 4.358378145906274259e-11
1.739695652173913087e+00 1.145334958088873875e-30 7.844055160182020874e-27 5.995279959681809771e-24 1.439818788992165809e-21 1.839051958624061244e-19 1.795332607454175132e-17 1.268908223068611205e-15 9.464241519355868741e-14 6.715895304603930782e-12 4.298133347576506267e-11
1.753070234113712322e+00 6.763825606147969500e-31 4.698501808103361040e-27 3.662582744093954682e-24 9.008983785141476522e-22 1.184642351714029356e-19 1.199793014493342273e-17 8.868535808144795088e-16 7.055938807549058162e-14 5.599907621150268671e-12 4.224960149638190118e-11
1.766444816053511779e+00 3.991861591878166874e-31 2.811029167850852141e-27 2.233751833456776581e-24 5.624753649048590479e-22 7.610730176780203219e-20 7.992559246113450644e-18 6.175283757888860451e-16 5.237248596893695066e-14 4.643250524954509440e-12 4.140691349351416175e-11
1.779819397993311014e+00 2.371224013927550445e-31 1.691195992924052971e-27 1.368590559858646004e-24 3.524209204457286600e-22 4.901077024680890240e-20 5.329914877518447591e-18 4.298343988678940020e-16 3.878970513822547066e-14 3.831851995217188402e-12 4.046916390209309231e-11
1.793193979933110471e+00 1.407046854379867773e-31 1.015888503725512592e-27 8.368365545445391719e-25 2.202737041499344029e-22 3.147107126199692825e-20 3.542502134519868776e-18 2.980549928725683263e-16 2.860357420831374779e-14 3.145059600941912847e-12 3.945642848584473775e-11
1.806568561872909706e+00 8.349166163940168171e-32 6.099062627432911142e-28 5.111538684562476286e-25 1.374644929655668289e-22 2.016661809309105422e-20 2.348314390464850533e-18 2.060110937398239843e-16 2.100856425213884958e-14 2.567885312360611986e-12 3.838406328215811870e-11
1.819943143812709163e+00 4.983534472719058816e-32 3.680403531005784496e-28 3.135420244822026874e-25 8.606782862277652717e-23 1.295161143524681077e-20 1.558305068494873872e-18 1.423538656237989642e-16 1.540075839516866093e-14 2.087546802125835288e-12 3.726565056655013515e-11
1.833317725752508398e+00 2.971657438649492448e-32 2.217639594583832037e-28 1.919635733228925355e-25 5.376437764726620204e-23 8.295441943354739490e-21 1.030819338223289301e-18 9.801308131531339500e-17 1.124284253235661371e-14 1.688303771866682394e-12 3.611560367358863905e-11
1.846692307692307633e+00 1.773060318882366853e-32 1.336352582401265253e-28 1.174774234539798255e-25 3.355359416151217942e-23 5.305321343913416499e-21 6.804703698553575932e-19 6.730047119646281376e-17 8.178601569822527326e-15 1.358815745437462613e-12 3.494509430096654898e-11
1.860066889632107090e+00 1.063546871054289648e-32 8.090137931191279718e-29 7.216996930359101017e-26 2.100316240384596917e-23 3.400001767759540488e-21 4.496367232414987159e-19 4.620202297782500355e-17 5.939271954063416620e-15 1.089272048974039197e-12 3.376402300813474362e-11
1.873441471571906325e+00 6.373560480152958076e-33 4.890914974203084468e-29 4.425717707465460552e-26 1.311865868465436181e-23 2.173383394825156293e-21 2.962246515797741628e-19 3.160966717821321700e-17 4.296019193273502265e-15 8.689208379740235402e-13 3.258144235664320332e-11
1.886816053511705782e+00 3.824067837898020632e-33 2.958830733900628796e-29 2.714474509203113106e-26 8.191141866365516853e-24 1.388043702615101757e-21 1.948581563216392325e-19 2.157854332194530755e-17 3.097909878327193536e-15 6.900716590721714755e-13 3.140458432477476003e-11
1.900190635451505017e+00 2.305311369498432002e-33 1.797391278672594320e-29 1.670633055304243912e-26 5.128240276463195508e-24 8.881297882881435867e-22 1.282921099685238201e-19 1.472781017015615485e-17 2.230399833795318821e-15 5.460189635944432912e-13 3.023973839699106068e-11
1.913565217391304474e+00 1.388510107786762064e-33 1.090429056026447604e-29 1.026463791723901591e-26 3.204073178905177296e-24 5.668905459999714814e-22 8.422792724454700562e-20 1.001948118315827015e-17 1.599778309883236598e-15 4.300282477543407358e-13 2.909178850217314718e-11
1.926939799331103709e+00 8.377813881499415275e-34 6.623701723834828467e-30 6.311560888327250944e-27 2.002357809981264722e-24 3.617280611470263351e-22 5.524483736251856647e-20 6.804907958817980051e-18 1.144487378157748539e-15 3.373148665438207388e-13 2.796491078541660617e-11
1.940314381270902944e+00 5.076091170471699833e-34 4.038162693288219481e-30 3.892645082063927559e-27 1.254319884345549691e-24 2.311904966017867270e-22 3.626213724636312741e-20 4.620620319599164296e-18 8.175491890199561795e-16 2.636867410570014836e-13 2.686250811305960357e-11
1.953688963210702401e+00 3.073014158126661423e-34 2.458834118886114659e-30 2.396948594002118853e-27 7.842092017454656913e-25 1.474220037978753866e-22 2.373848603575175643e-20 3.127803998438572713e-18 5.819137959272598756e-16 2.052190250800464108e-13 2.578662362136696207e-11
1.967063545150501636e+00 1.864644208679632950e-34 1.499917451863880964e-30 1.477923581924683607e-27 4.906937197162702217e-25 9.402909380307298919e-23 1.553362073806343698e-20 2.114838518309986800e-18 4.133192784393908116e-16 1.591399750850956523e-13 2.473933761057951615e-11
1.980438127090301093e+00 1.135548997314193411e-34 9.178525003916681464e-31 9.136463521618808867e-28 3.076573918740685618e-25 6.005568927868656524e-23 1.017059638237636837e-20 1.429508175871350099e-18 2.931475570787412624e-16 1.230129764142839155e-13 2.372200500574489270e-11
1.993812709030100327e+00 6.909892992629170671e-35 5.610070557975628351e-31 5.639564211627284327e-28 1.925414633638650692e-25 3.827378407162034987e-23 6.642271843873895688e-21 9.634362613412506603e-19 2.072060819074224386e-16 9.468760067055873091e-14 2.273491641902764509e-11
2.007187290969899784e+00 4.216548790709224510e-35 3.437098428089775571e-31 3.487658229832945416e-28 1.206647103634250176e-25 2.441180314723838649e-23 4.338563681678939888e-21 6.489139692616330529e-19 1.462218149991399998e-16 7.265312606508237879e-14 2.177882633850835206e-11
2.020561872909699019e+00 2.581001505832517826e-35 2.111408002995404411e-31 2.161577359026526241e-28 7.574596195219256169e-26 1.558719641548045509e-23 2.834945468494115867e-21 4.368967288545739113e-19 1.030386987514469006e-16 5.557793659268319582e-14 2.085374032500047917e-11
2.033936454849498254e+00 1.578673521543422947e-35 1.295589552549163321e-31 1.337769832710958378e-28 4.746553099279114461e-26 9.932037344470073977e-24 1.847967312277854277e-21 2.933315436845331439e-19 7.237245221042281420e-17 4.234563487309943694e-14 1.995895341500374267e-11
2.047311036789297489e+00 9.687932555116569777e-36 7.972927642437086491e-32 8.299410572547107611e-29 2.980125371563819601e-26 6.337226032637099082e-24 1.205423718664893557e-21 1.969227796032972903e-19 5.077540107083988776e-17 3.217539048426620860e-14 1.909442214892608749e-11
2.060685618729097168e+00 5.960570050750252485e-36 4.917179684554541551e-32 5.157935304935929934e-29 1.873502126062653757e-26 4.046686434935744841e-24 7.864279282780168283e-22 1.321304538317791339e-19 3.557141670610444430e-17 2.437725723369572118e-14 1.825931056418966099e-11
2.074060200668896403e+00 3.664656599265791696e-36 3.029371243439347728e-32 3.201165422320958736e-29 1.175844594721620354e-26 2.578964274705249797e-24 5.118931902975523095e-22 8.842101921218675696e-20 2.484268569176559460e-17 1.839863109302012671e-14 1.745240336545840435e-11
2.087434782608695638e+00 2.261613221724049351e-36 1.872674815200654913e-32 1.992610601296000174e-29 7.398012597003717190e-27 1.646706550603140237e-24 3.336026889957333028e-22 5.919623233373736582e-20 1.733878391328768578e-17 1.385441149698406955e-14 1.667320378889229910e-11
2.100809364548494873e+00 1.398620564326854738e-36 1.159616154579133345e-32 1.241976838041072397e-29 4.658868808610172633e-27 1.051937376123176874e-24 2.173943598310546257e-22 3.960340095974071172e-20 1.208317824919159706e-17 1.040347094413929836e-14 1.592040209846975575e-11
2.114183946488294552e+00 8.643402859138491983e-37 7.173407252582487943e-33 7.730998302246372354e-30 2.929243939468988653e-27 6.707317900406524508e-25 1.413562273530851998e-22 2.642834615168729997e-20 8.395647048878487679e-18 7.783663811017662964e-15 1.519259268054086562e-11
2.127558528428093787e+00 5.364197550162321508e-37 4.454716317728595449e-33 4.829021376374331277e-30 1.847250115584092794e-27 4.287089490709751888e-25 9.207503491128440909e-23 1.765309436468729056e-20 5.832659523845513638e-18 5.812828158207329929e-15 1.448907548735775049e-11
2.140933110367893022e+00 3.334311306045872675e-37 2.769836504619204896e-33 3.019074593618046614e-30 1.165549090377202232e-27 2.740545451652627572e-25 5.995480221456403231e-23 1.178123510816421795e-20 4.045600594248335450e-18 4.329164686269191475e-15 1.380836313790081680e-11
2.154307692307692257e+00 2.071209427396377724e-37 1.720548877371831747e-33 1.885145342048765085e-30 7.343042307268313905e-28 1.748773967341952709e-25 3.895805936928899414e-23 7.843497012349303323e-21 2.798123813665214763e-18 3.212974233192939217e-15 1.314910153560763357e-11
2.167682274247491492e+00 1.292598582111880397e-37 1.073407888483864180e-33 1.181759733111703844e-30 4.642327576518586864e-28 1.119203872946570547e-25 2.537216969137671692e-23 5.229587616791658583e-21 1.936010114699495539e-18 2.381256344853260662e-15 1.251060680555169893e-11
2.181056856187291171e+00 8.075620914336781839e-38 6.701983635549943662e-34 7.411742261400730690e-31 2.935372549812798117e-28 7.161424369591631801e-26 1.651401567983740531e-23 3.483003939894809334e-21 1.337216131316129935e-18 1.760065098785584053e-15 1.189147208449821084e-11
2.194431438127090406e+00 5.042161366688318486e-38 4.180600138478150377e-34 4.642917762370823703e-31 1.853360214912476091e-28 4.574524159504848149e-26 1.072702287226966395e-23 2.314386409973865974e-21 9.211210249421607756e-19 1.296594082800227136e-15 1.129059460836103307e-11
2.207806020066889641e+00 3.164151660846247377e-38 2.620306913967229477e-34 2.921322103849620848e-31 1.174852411537482431e-28 2.932175298857645283e-26 6.987392672565149405e-24 1.540918024751057273e-21 6.350468932529469555e-19 9.542791172148330527e-16 1.070750937205991447e-11
2.221180602006688876e+00 1.986863775408552506e-38 1.642903121156213979e-34 1.838197045808086518e-31 7.445722707159068283e-29 1.878448856682333668e-26 4.547364387906155789e-24 1.024597595934790204e-21 4.370051684788157315e-19 7.004333874989610759e-16 1.014109342074450503e-11
2.234555183946488555e+00 1.246862342110449594e-38 1.029164745668330208e-34 1.155329141944985215e-31 4.712224385698664162e-29 1.201425058508462138e-26 2.953745413174489147e-24 6.797759392302202078e-22 2.999429580758877556e-19 5.124752754719733692e-16 9.590639623898689190e-12
2.247929765886287790e+00 7.867526361763819933e-39 6.480693534163323929e-35 7.296829077568601290e-32 2.995558799929508287e-29 7.714439576670111768e-27 1.924924754420031067e-24 4.521265685954315383e-22 2.061490647296220201e-19 3.747806519409457926e-16 9.056056422312066545e-12
2.261304347826087024e+00 4.965149122679201203e-39 4.080507788847070157e-35 4.606875530027597939e-32 1.903102960168130691e-29 4.949098069190410829e-27 1.252945705609693148e-24 3.002468556442168446e-22 1.413983153609392780e-19 2.733283747863679796e-16 8.536606844872124531e-12
2.274678929765886259e+00 3.131670892344881517e-39 2.567055547488615567e-35 2.905358137290361526e-32 1.207443164223371936e-29 3.170040646537772216e-27 8.140555425550487039e-25 1.989646317348281097e-22 9.674432156248192049e-20 1.987306913781230171e-16 8.032032597008476215e-12
2.288053511705685494e+00 1.986784041498592116e-39 1.624042977953700713e-35 1.842032716874969329e-32 7.698446944425682288e-30 2.039487341905893239e-27 5.309045028981902315e-25 1.322427168677706782e-22 6.631514646542852336e-20 1.444929984771772724e-16 7.542675726694944655e-12
2.301428093645485173e+00 1.260115108457819145e-39 1.026905437695143786e-35 1.166974301043072043e-32 4.903490158637082365e-30 1.310503880756163075e-27 3.457179520040151831e-25 8.773637826927709386e-23 4.535652588475624371e-20 1.047618514272063732e-16 7.068150869556268680e-12
2.314802675585284408e+00 7.990309942958112717e-40 6.489966442660376592e-36 7.387545150941754129e-33 3.120201348917656212e-30 8.410605878873657982e-28 2.247930348623457919e-25 5.810506502725742390e-23 3.095447482143290653e-20 7.574498561342866906e-17 6.608611980821591712e-12
2.328177257525083643e+00 5.094853304595051734e-40 4.123748025335647107e-36 4.700614420647084072e-33 1.994892172752385266e-30 5.421004443078607009e-28 1.467076007552224090e-25 3.859580636588002150e-23 2.116598808861858494e-20 5.477420347347233640e-17 6.164708836554770887e-12
2.341551839464882878e+00 3.247406554697143667e-40 2.618596457562938405e-36 2.988385207598044664e-33 1.274057478128824176e-30 3.489532726024137016e-28 9.559781026471329192e-26 2.559002654528760763e-23 1.444106921294462170e-20 3.950027566732562987e-17 5.736314195742147797e-12
2.354926421404682113e+00 2.070268861736468175e-40 1.662736221267276072e-36 1.899312030477785299e-33 8.132749217042358216e-31 2.244545890654285122e-28 6.222951055232519614e-26 1.694407873668967955e-23 9.835430245383473648e-21 2.841644234769572906e-17 5.323830822914889738e-12
2.368301003344481792e+00 1.326514758159099210e-40 1.060976297191631368e-36 1.212761157480592541e-33 5.213937298955287569e-31 1.449420834625005959e-28 4.064630084556657765e-26 1.125007795499492176e-23 6.710576180281580091e-21 2.044633485548335249e-17 4.928017292146528650e-12
2.381675585284281027e+00 8.496509202267999649e-41 6.765897930901944710e-37 7.737426171526462752e-34 3.339226844341793873e-31 9.348001771900500772e-29 2.650936892974470096e-26 7.456432943716629741e-24 4.568904536840144799e-21 1.467280353482993620e-17 4.548817320804908761e-12
2.395050167224080262e+00 5.445499699286747790e-41 4.316342369254523007e-37 4.937332600497713972e-34 2.138470927894058082e-31 6.027188875067242679e-29 1.727928990365548989e-26 4.937560104182822199e-24 3.106526076436691640e-21 1.050777042956328482e-17 4.186676880349790513e-12
2.408424749163879497e+00 3.506044122849428787e-41 2.765848707711934914e-37 3.163834371140931349e-34 1.374871209414860467e-31 3.899916305174754172e-29 1.129774773494449903e-26 3.277750555820621232e-24 2.115640685313748259e-21 7.526213481359986812e-18 3.842244213496732446e-12
2.421799331103679176e+00 2.256553803772636234e-41 1.771283745223017367e-37 2.025774073976220987e-34 8.830592368314988357e-32 2.520435328323327480e-29 7.376285033984696732e-27 2.172244014932819968e-24 1.437911565989105870e-21 5.377015946159137597e-18 3.515339505485406588e-12
2.435173913043478411e+00 1.453848145986249001e-41 1.135282935829799880e-37 1.297877501599131238e-34 5.673986948871874826e-32 1.629151235661703622e-29 4.815303869078959033e-27 1.438912979179934766e-24 9.763619773506284272e-22 3.834978927869964116e-18 3.206271520295875455e-12
2.448548494983277646e+00 9.405211310171638903e-42 7.305358828464169484e-38 8.346630176631834807e-35 3.658561456753626980e-32 1.056405001704628471e-29 3.152166983093057591e-27 9.552760077179697839e-25 6.639213378454742473e-22 2.735482196712545233e-18 2.915393149380028899e-12
2.461923076923076881e+00 6.082354762390794103e-42 4.698238923888134553e-38 5.363609006801145095e-35 2.356772504399574272e-32 6.842254164112502950e-30 2.060624251668322976e-27 6.331716278171314172e-25 4.505892832106916462e-22 1.946470239095268605e-18 2.642280967693434973e-12
2.475297658862876116e+00 3.939028414775343048e-42 3.025267808036197946e-38 3.450271601483803984e-35 1.519440792613020527e-32 4.434279251761705947e-30 1.347464747573679534e-27 4.196554115833553694e-25 3.056406722911360646e-22 1.383177116597965451e-18 2.386993095786390308e-12
2.488672240802675795e+00 2.560252687341627343e-42 1.954872055985470383e-38 2.226879917988278194e-35 9.826463990946139727e-33 2.881830721270999349e-30 8.832691296883165689e-28 2.786852639386789789e-25 2.075793257104650281e-22 9.829404150094401842e-19 2.149492190657210682e-12
2.502046822742475030e+00 1.663545631047485469e-42 1.262516682553162713e-38 1.436218003073277780e-35 6.349082339311438025e-33 1.870820264263406109e-30 5.782228868137790000e-28 1.847823333429362289e-25 1.407175732835786333e-22 6.968848550966169018e-19 1.929087191670890020e-12
2.515421404682274265e+00 1.082836822872893238e-42 8.167018142365954282e-39 9.276262675192028551e-36 4.107393797666701762e-33 1.215726299580863856e-30 3.788016849888328588e-28 1.225657305341310090e-25 9.537965178900075602e-23 4.935965530002883988e-19 1.725558145874645017e-12
2.528795986622073499e+00 7.070892571192651199e-43 5.299379550548822668e-39 6.008819268089802216e-36 2.664371998423233740e-33 7.919535601648981744e-31 2.486802268852459231e-28 8.143382175874268655e-26 6.471645408142640050e-23 3.495931293278412329e-19 1.538487080424037108e-12
2.542170568561873178e+00 4.615807183520540177e-43 3.436831903798819895e-39 3.889519739323912380e-36 1.726781539924331915e-33 5.153460104362699973e-31 1.630489908868897311e-28 5.402453254495346128e-26 4.383244356038705449e-23 2.470455732120858260e-19 1.366973231038006521e-12
2.555545150501672413e+00 3.019625302191991872e-43 2.233393510934168162e-39 2.522347621576474086e-36 1.120983572124582242e-33 3.358294686656610079e-31 1.070264562862516450e-28 3.586908101536079815e-26 2.969586536511570329e-23 1.744741206404391545e-19 1.210564623925981592e-12
2.568919732441471648e+00 1.980862023520544989e-43 1.455196679920726985e-39 1.639823557483142945e-36 7.293941112560804713e-34 2.192997073487428293e-31 7.037709999336830377e-29 2.384792976556096915e-26 2.013496877654112642e-23 1.232014892936056854e-19 1.068553722076325132e-12
2.582294314381270883e+00 1.299036029404211418e-43 9.476691908175131174e-40 1.065344086259481312e-36 4.741896501642454274e-34 1.430567984158081158e-31 4.622091667130563289e-29 1.583270148761689476e-26 1.362876911886460878e-23 8.680824014911315377e-20 9.399339383134829233e-13
2.595668896321070118e+00 8.540224354840039210e-44 6.186220986867681306e-40 6.936686278442783277e-37 3.089111528930732464e-34 9.349224249069250692e-32 3.040324410940214111e-29 1.052399231108847281e-26 9.231166043550426377e-24 6.115179084381002426e-20 8.241094680567200626e-13
2.609043478260869797e+00 5.627715535070959091e-44 4.047277900331191769e-40 4.526067915496132471e-37 2.016261253087925137e-34 6.120434730257853476e-32 2.002729327424400167e-29 7.002911507476972927e-27 6.256179101272746474e-24 4.306570070966683179e-20 7.202135980833761492e-13
2.622418060200669032e+00 3.707353637334781689e-44 2.646583080554721434e-40 2.951207774464742853e-37 1.314918075094844914e-34 4.002717474655358944e-32 1.317679123206713445e-29 4.653423077376033164e-27 4.232912978781266395e-24 3.026553450032674460e-20 6.272443732523117207e-13
2.635792642140468267e+00 2.449175700302666374e-44 1.735383813092287933e-40 1.929343152435430579e-37 8.596258578791212860e-35 2.623587494258094247e-32 8.686511557145113488e-30 3.097153942050875247e-27 2.867062233577756824e-24 2.127318349183199727e-20 5.445584739872707017e-13
2.649167224080267502e+00 1.621121870284157888e-44 1.139984577837314860e-40 1.263437093061597698e-37 5.628403749082388404e-35 1.721937696356639107e-32 5.732652936474388788e-30 2.062980103059151908e-27 1.942590325840535842e-24 1.494604857666278781e-20 4.712584204493597185e-13
2.662541806020067181e+00 1.072712345166309308e-44 7.485022097155675865e-41 8.268293723370708007e-38 3.682228175731242429e-35 1.129065204540091548e-32 3.778921256202589256e-30 1.372282370590678914e-27 1.314098774768828363e-24 1.047965911522455951e-20 4.064350400987753487e-13
2.675916387959866416e+00 7.120523307163404059e-45 4.929725899911277609e-41 5.427067130800789305e-38 2.415778276939541400e-35 7.422586182634535476e-33 2.496885053524128820e-30 9.146614402675278472e-28 8.902540105675183648e-25 7.351899038201474044e-21 3.494769603324286949e-13
2.689290969899665651e+00 4.733814590141430527e-45 3.251437447206534352e-41 3.566814937513012198e-38 1.586736045909107024e-35 4.884454712741003712e-33 1.651039747276840702e-30 6.099400200604909719e-28 6.031649705378350514e-25 5.154548037702498455e-21 2.995547440438824516e-13
2.702665551839464886e+00 3.146190522684358856e-45 2.143502519681219219e-41 2.342728044076003176e-38 1.041387120516918575e-35 3.211215240855623144e-33 1.090521356426696133e-30 4.062086276647087810e-28 4.080228574548260065e-25 3.606940194397147337e-21 2.559047213226836690e-13
2.716040133779264121e+00 2.098220098503402474e-45 1.417916263603352903e-41 1.543834821907268865e-38 6.856422865889687661e-36 2.117480587245867720e-33 7.222632192211320589e-31 2.711742479560440502e-28 2.765295026536035693e-25 2.526289386191388003e-21 2.179983937860079402e-13
2.729414715719063800e+00 1.400955692888159258e-45 9.389330254864076471e-42 1.018313727045014754e-38 4.517764326116523524e-36 1.397138233383137929e-33 4.785633522794331117e-31 1.810608210605275011e-28 1.873792527207093382e-25 1.768026548347956212e-21 1.851330104220763196e-13
2.742789297658863035e+00 9.351353255410922640e-46 6.214689841038740945e-42 6.712672947796737656e-39 2.974534028360159397e-36 9.210086561027196427e-34 3.167493338381959548e-31 1.207406706125950243e-28 1.267797133906988088e-25 1.235038132153051152e-21 1.567082695752401974e-13
2.756163879598662270e+00 6.265308901361329287e-46 4.128756132515781413e-42 4.441118638436088925e-39 1.965369184898629319e-36 6.091751607585375470e-34 2.102997503853549764e-31 8.073938832035959672e-29 8.597136227962789953e-26 8.638364540597213766e-22 1.323007447239119740e-13
2.769538461538461505e+00 4.201071396697796932e-46 2.744832631041996011e-42 2.939888900863205746e-39 1.299129652978033001e-36 4.030306428880884032e-34 1.396367310429887272e-31 5.398341587434990657e-29 5.827270047985396352e-26 6.036172533087343768e-22 1.113557921463488616e-13
2.782913043478261184e+00 2.816153605646475597e-46 1.823970304496554694e-42 1.944953667895990933e-39 8.581023070043480407e-37 2.664093339449442481e-34 9.262039183077553136e-32 3.604997493537903159e-29 3.944076629454770782e-26 4.210217760238912777e-22 9.342815772079274485e-14
2.796287625418060419e+00 1.895356861881274173e-46 1.216931763261415405e-42 1.291846109377799949e-39 5.689872200838907979e-37 1.767534184235699880e-34 6.164790688664278226e-32 2.414984673230696741e-29 2.676492606999833472e-26 2.941508485500002240e-22 7.819957045100103044e-14
2.809662207357859653e+00 1.276212029954483575e-46 8.121865925925717162e-43 8.582186366592199312e-40 3.773071152880630378e-37 1.172609664731258852e-34 4.102271324467100578e-32 1.617085347920907495e-29 1.814998333202936364e-26 2.052708215448473901e-22 6.525786710483820388e-14
2.823036789297658888e+00 8.590830203221559739e-47 5.418196366071584419e-43 5.698113303488110593e-40 2.500195175484270560e-37 7.772575569933282813e-35 2.727025768243747794e-32 1.081525517579116586e-29 1.229064317616165484e-26 1.429955175487467716e-22 5.428941150972672762e-14
2.836411371237458123e+00 5.807659401854386423e-47 3.630168228491249517e-43 3.799466015647928711e-40 1.663688123519136865e-37 5.172872849662236876e-35 1.819754453690225419e-32 7.258784697739243721e-30 8.347868629732805385e-27 9.981650031354701928e-23 4.506781357941199876e-14
2.849785953177257802e+00 3.926605204201029680e-47 2.432141906583503463e-43 2.533073518824759834e-40 1.106746717901807263e-37 3.441266434752561656e-35 1.213636334235314986e-32 4.868178538919951014e-30 5.664305514719762793e-27 6.957964127980841673e-23 3.730244060843841221e-14
2.863160535117057037e+00 2.654210377679776665e-47 1.628865008793344096e-43 1.687898024322762120e-40 7.357670863974895989e-38 2.287504702360640088e-35 8.086425100712305488e-33 3.261292731348230599e-30 3.838342570794733252e-27 4.842180239628019897e-23 3.078270176707080200e-14
2.876535117056856272e+00 1.802094561032140574e-47 1.095806907417228207e-43 1.129770691799418970e-40 4.912987333975733597e-38 1.527079085412018093e-35 5.409911719638039943e-33 2.193055307686770767e-30 2.609536827487716465e-27 3.377623228601761437e-23 2.535423809149464167e-14
2.889909698996655507e+00 1.223342116663486530e-47 7.369665303066250358e-44 7.558608217037143496e-41 3.278715147189081336e-38 1.018726145039241805e-35 3.616238280404319657e-33 1.473236462591382430e-30 1.771953350556285951e-27 2.352356156572458814e-23 2.082238472923930900e-14
2.903284280936454742e+00 8.305366628643565681e-48 4.956131927929040945e-44 5.056146184677960573e-41 2.187430778278404165e-38 6.793125218573732233e-36 2.415883182890068637e-33 9.889509914817585325e-31 1.202047524399086395e-27 1.636125191165240929e-23 1.705237727457422585e-14
2.916658862876254421e+00 5.661417856032747758e-48 3.346722338888060490e-44 3.396042532022145548e-41 1.465249764091307016e-38 4.547545663132575426e-36 1.619977306228427975e-33 6.661541681029219578e-31 8.178904693037838632e-28 1.140408193990768038e-23 1.394002377738460954e-14
2.930033444816053656e+00 3.858512194149558693e-48 2.259245747102417921e-44 2.280017081195117073e-41 9.809517252705984583e-39 3.042206742944895542e-36 1.085388548691453509e-33 4.482810833447274650e-31 5.558452881667749920e-28 7.936837008449657719e-24 1.136369041454922022e-14
2.943408026755852891e+00 2.630803943920948605e-48 1.525565878201215375e-44 1.531008684740662849e-41 6.567628495705280591e-39 2.035034050243116428e-36 7.270595271316936135e-34 3.015515462680716363e-31 3.775253269174092881e-28 5.518219480730560926e-24 9.239128824136033350e-15
2.956782608695652126e+00 1.800318645975918299e-48 1.033984408197503160e-44 1.031875014041074831e-41 4.413195315854427443e-39 1.366129394565468369e-36 4.886733638320997022e-34 2.034846049426898688e-31 2.571118740766266070e-28 3.844104119453140157e-24 7.499113048876172912e-15
2.970157190635451805e+00 1.231795303310239727e-48 7.005931851538176527e-45 6.951711204067273095e-42 2.963887965304655590e-39 9.164809874012970061e-37 3.281859908908915221e-34 1.371794379197096525e-31 1.749035157433757944e-28 2.673960936322947452e-24 6.070249774171253914e-15
2.983531772575251040e+00 8.433932803179631258e-49 4.749840445513052720e-45 4.685701237797216213e-42 1.991330808864842660e-39 6.150033399284746578e-37 2.204361394198716612e-34 9.247731983847945358e-32 1.189486244894762241e-28 1.858754419453682287e-24 4.901679594568185902e-15
2.996906354515050275e+00 5.793699989075627219e-49 3.231068761257923527e-45 3.168879042769559865e-42 1.342298220136715326e-39 4.140122633314994091e-37 1.485117917016965440e-34 6.251753015683525973e-32 8.109284147360370247e-29 1.294326787872571324e-24 3.951723527829013377e-15
3.010280936454849510e+00 3.979330531917150436e-49 2.197272787851526972e-45 2.142176723952174955e-42 9.043232538320764510e-40 2.785269032883301662e-37 9.997708891605010876e-35 4.222472835550989271e-32 5.522301520908831202e-29 9.000130290906424281e-25 3.177498555623443405e-15
3.023655518394648745e+00 2.735836897105259450e-49 1.495600992452082917e-45 1.449313446652406753e-42 6.096985041390218227e-40 1.874954130979070561e-37 6.733655933348986972e-35 2.852798452416435485e-32 3.760896291656398840e-29 6.256089969367188877e-25 2.549271468677475322e-15
3.037030100334448424e+00 1.886477858419944451e-49 1.021044696928290287e-45 9.834673477113764024e-43 4.122629768261192340e-40 1.265735830312292019e-37 4.547470633630329952e-35 1.932225388166948581e-32 2.566859619107107086e-29 4.355308478363354353e-25 2.042108182732982867e-15
3.050404682274247659e+00 1.300592149431312168e-49 6.968605138277971335e-46 6.670820029990692387e-43 2.786167744731543569e-40 8.539255056057020687e-38 3.068728323284871087e-35 1.307534776669040520e-32 1.750010422173580261e-29 3.027860279141559419e-25 1.631686221038096168e-15
3.063779264214046893e+00 8.977923691543677408e-50 4.761778633422832442e-46 4.529921000142229125e-43 1.884935492433639307e-40 5.766465829237997969e-38 2.072544677819448233e-35 8.853916052268098377e-33 1.193603005981169640e-29 2.104959648609469016e-25 1.301129524833078995e-15
3.077153846153846128e+00 6.213609671758048627e-50 3.262402211172532643e-46 3.084175515097428743e-43 1.278500121342150278e-40 3.903717476817608050e-38 1.403049421857932660e-35 6.008456964488839677e-33 8.156339844056568489e-30 1.465268332220141595e-25 1.035994748744660034e-15
3.090528428093645807e+00 4.299714207638599048e-50 2.234494056299763847e-46 2.098997955896154974e-43 8.667284665212662153e-41 2.641054423517212716e-38 9.491157923746185173e-36 4.073886397200571937e-33 5.567636949454468399e-30 1.018611323300104023e-25 8.228608584084539610e-16
3.103903010033445042e+00 2.979856708032002005e-50 1.532734747304863877e-46 1.430564731599931706e-43 5.883789257324871807e-41 1.789075161656763419e-38 6.427838133152757553e-36 2.764942621628006372e-33 3.803401690651766698e-30 7.083237145737606470e-26 6.524072866566264201e-16
3.117277591973244277e+00 2.069860882255135886e-50 1.053784739850008337e-46 9.772158855984215086e-44 4.003104769181685469e-41 1.214539287257313886e-38 4.362057255498276600e-36 1.880064328114648035e-33 2.602350931426643460e-30 4.930847266707726523e-26 5.165092484176135785e-16
3.130652173913043512e+00 1.437520547045653790e-50 7.242880854986197226e-47 6.672684122041891306e-44 2.722192108440798543e-41 8.240058381521218166e-39 2.958026477962493415e-36 1.277281784740326623e-33 1.778735513795336436e-30 3.428034907079596747e-26 4.079474830099233003e-16
3.144026755852842747e+00 1.000132917524871815e-50 4.986966861520222768e-47 4.564145211896218429e-44 1.854230781420731303e-41 5.599341199873589088e-39 2.008867976119569273e-36 8.689075298079345995e-34 1.217097199142432879e-30 2.384738755114219302e-26 3.217026933982141249e-16
3.157401337792642426e+00 6.971924533846255873e-51 3.440449594113315605e-47 3.127953139780173973e-44 1.265402871605540969e-41 3.811808132367949866e-39 1.366597623187403923e-36 5.920180851377870287e-34 8.338878762372826903e-31 1.660357633538975150e-26 2.533252525089870322e-16
3.170775919732441661e+00 4.859305927966489443e-51 2.372845303830025037e-47 2.142843270792529467e-44 8.631364801121219563e-42 2.593378579004633438e-39 9.290109392933040251e-37 4.030252520957781986e-34 5.707591102292997027e-31 1.154546487749086479e-26 1.990226760081016597e-16
3.184150501672240896e+00 3.393697272953338596e-51 1.639852776754767371e-47 1.470928751051459304e-44 5.899033332654884123e-42 1.767749288185753276e-39 6.326672675950868568e-37 2.748153330477166303e-34 3.912071299707270072e-31 8.035851543649854997e-27 1.561545130025446623e-16
3.197525083612040131e+00 2.374045365607935099e-51 1.135153411148540177e-47 1.011330321036660254e-44 4.037940366801378620e-42 1.206761662934663922e-39 4.314508122699076284e-37 1.876250441299885115e-34 2.684141763119535649e-31 5.596474271733133016e-27 1.223430169731977567e-16
3.210899665551839366e+00 1.660469649283099718e-51 7.855622343942325915e-48 6.950658213321404888e-45 2.762663324489437359e-42 8.233184053444888107e-40 2.940250419109969613e-37 1.279924768319959148e-34 1.839827962041186354e-31 3.892783206777841198e-27 9.563920539695972032e-17
3.224274247491639045e+00 1.163999539533413846e-51 5.448781376162647418e-48 4.787934374631695855e-45 1.894394567521922131e-42 5.629402494186158024e-40 2.007909194412876477e-37 8.748328359740217394e-35 1.263268427964402198e-31 2.711153810737758964e-27 7.468387965653420615e-17
3.237648829431438280e+00 8.170747627274448282e-52 3.784401694508919133e-48 3.302422789862034414e-45 1.300623705964053940e-42 3.853580363560728665e-40 1.372678937651104969e-37 5.985148729580938844e-35 8.680314834866034221e-32 1.888884984333174117e-27 5.823483868021602384e-17
3.251023411371237515e+00 5.734507658628455214e-52 2.627677788326279316e-48 2.276934850434432502e-45 8.925345333199555137e-43 2.636430941770377075e-40 9.377709541679906612e-38 4.091438534218379920e-35 5.958789612281224375e-32 1.314417404695670641e-27 4.531075256345621479e-17
3.264397993311036750e+00 4.034682129064845910e-52 1.829142144962521359e-48 1.573882718890338675e-45 6.140345022838182771e-43 1.808178296968194070e-40 6.421852231860267928e-38 2.803216790112160089e-35 4.098857146513671821e-32 9.161054081751515679e-28 3.522592608839743837e-17
3.277772575250836429e+00 2.841736837032352774e-52 1.274590419375345343e-48 1.088985629586664737e-45 4.228279865852625139e-43 1.241189945813905895e-40 4.401038077189860770e-38 1.921835949989407122e-35 2.820759822191944040e-32 6.385707702899804044e-28 2.734478231575546464e-17
3.291147157190635664e+00 2.001165562137245560e-52 8.879151264448795729e-49 7.531944882516879736e-46 2.910246004550276554e-43 8.515088792603076547e-41 3.014104304347377784e-38 1.316540180037753492e-35 1.939372616356967339e-32 4.445919690848613055e-28 2.118252101192647998e-17
3.304521739130434899e+00 1.413046170182696342e-52 6.202642541130167158e-49 5.224042923283056851e-46 2.008659851167265632e-43 5.857795379917822792e-41 2.069773685965481130e-38 9.041928592740799372e-36 1.336508020912138325e-32 3.101224141613863961e-28 1.639963994485666510e-17
3.317896321070234134e+00 9.985487427453831848e-53 4.336132739180096032e-49 3.625799615395208204e-46 1.387247958982239659e-43 4.031984004979878974e-41 1.421959669098291644e-38 6.212100542111102821e-36 9.212094832725042604e-33 2.162963441091015130e-28 1.267714276631181972e-17
3.331270903010033368e+00 7.055146597904980350e-53 3.030445365093338747e-49 2.515577207899668309e-46 9.576338401791914187e-44 2.773710530811272552e-41 9.762591330524272154e-39 4.264622508610189545e-36 6.343743274809679079e-33 1.506836150947518344e-28 9.779729087456834827e-18
3.344645484949833047e+00 4.999296126098824195e-53 2.124297398461009148e-49 1.750625846448110396e-46 6.630837771390826253e-44 1.913882799961482150e-41 6.722438473317443668e-39 2.936016318209079754e-36 4.380043705134750223e-33 1.052046246143775608e-28 7.542206606638169902e-18
3.358020066889632282e+00 3.544323758705423566e-53 1.489776540655069285e-49 1.218763627614997993e-46 4.592819759411985609e-44 1.320929086916792839e-41 4.629769721323994836e-39 2.021436431127924637e-36 3.023894444348251526e-33 7.342440248939155934e-29 5.807295382220606845e-18
3.371394648829431517e+00 2.512354637187202504e-53 1.044492633571203796e-49 8.481718581492923051e-47 3.179732314404655325e-44 9.111815890230853503e-42 3.186472064948155961e-39 1.390697158365695489e-36 2.085754650984758493e-33 5.118680293935650427e-29 4.462658047317080263e-18
3.384769230769230752e+00 1.786418152190753853e-53 7.346688893240570960e-50 5.922073855421329772e-47 2.208689278966692356e-44 6.306039338534307170e-42 2.200209346957389997e-39 9.597639764979319692e-37 1.442890609499354968e-33 3.577328404679046603e-29 3.429208069551939856e-18
3.398143812709030431e+00 1.270553239309493832e-53 5.168386348673628826e-50 4.135335326244900887e-47 1.534246308667080338e-44 4.364069513944654629e-42 1.519015444799648781e-39 6.622093117895333196e-37 9.977891622035418250e-34 2.498551033039488432e-29 2.630666313558055231e-18
3.411518394648829666e+00 9.034929772286661736e-54 3.634937898524466577e-50 2.886603682842449069e-47 1.065265799326630739e-44 3.018500197713056827e-42 1.048052410943908257e-39 4.565651369107518778e-37 6.893823196747394431e-34 1.743171693032431766e-29 2.014217467935788976e-18
3.424892976588628901e+00 6.446095342128304646e-54 2.565280077311109094e-50 2.022039275476467956e-47 7.422664468709363685e-45 2.095213269854132662e-42 7.256431702907929270e-40 3.158568722026452498e-37 4.778377861961301430e-34 1.219564616733870962e-29 1.542564639374433435e-18
3.438267558528428136e+00 4.599024309334946098e-54 1.810228013131291601e-50 1.416181282021336885e-47 5.170774228629845519e-45 1.453867000564313396e-42 5.022078186600766357e-40 2.184007091881481282e-37 3.309916469835968002e-34 8.524906321348907214e-30 1.179273497077435774e-18
3.451642140468227371e+00 3.281072478364600697e-54 1.277245750803585681e-50 9.916430467195485632e-48 3.601011004617354848e-45 1.008460387473847876e-42 3.474095258125160024e-40 1.509284995871430502e-37 2.291118059535711692e-34 5.953525517797785890e-30 8.999437629501736034e-19
3.465016722408027050e+00 2.348381217370853642e-54 9.042205610243795814e-51 6.967579055300091465e-48 2.516505529826904477e-45 7.019372740577947410e-43 2.411516019102306097e-40 1.046510334349009408e-37 1.590956083893053947e-34 4.169312996115465635e-30 6.869959379553409178e-19
3.478391304347826285e+00 1.680626609639642857e-54 6.400087101866368547e-51 4.894237647097777254e-48 1.757982085310923621e-45 4.883669815754298719e-43 1.673047850752578051e-40 7.251745365501888824e-38 1.103921400856615667e-34 2.916981843093236437e-30 5.235068545264697711e-19
3.491765886287625520e+00 1.202973939243424981e-54 4.530531952349387250e-51 3.438035923383920527e-48 1.228071346680726611e-45 3.397466285190429950e-43 1.160514706013170393e-40 5.023696003950595251e-38 7.656692351549663391e-35 2.039527007853720359e-30 3.983007318797515707e-19
3.505140468227424755e+00 8.636127158680950255e-55 3.216923468883115773e-51 2.422657440386301399e-48 8.606011475947971717e-46 2.371011291649138859e-43 8.075113377126849736e-41 3.490822981168082012e-38 5.325984378111193686e-35 1.429624459074029098e-30 3.031225808568370416e-19
3.518515050167224434e+00 6.199121596064278766e-55 2.283722270272180006e-51 1.706673945316717538e-48 6.028712458994093987e-46 1.653951435005818620e-43 5.615902898634056180e-41 2.424172225088534665e-38 3.701978661513235288e-35 1.001157263069549345e-30 2.302907638602584954e-19
3.531889632107023669e+00 4.451655644857672846e-55 1.621822850620151226e-51 1.202660153625723318e-48 4.224312249641684354e-46 1.153965323007028467e-43 3.906050507004110521e-41 1.683474396766612369e-38 2.572871050233301560e-35 7.008652976276072113e-31 1.747222539756693956e-19
3.545264214046822904e+00 3.205307228584795657e-55 1.154954484130150149e-51 8.498870354223884711e-49 2.968413733912180988e-46 8.074201235484525997e-44 2.724456012176513508e-41 1.172313485480209368e-38 1.792809763206463132e-35 4.917612172500865110e-31 1.325907809241686874e-19
3.558638795986622139e+00 2.307621234880112358e-55 8.223121938738664293e-52 6.004221116050024800e-49 2.085154592726000494e-46 5.647015835103631048e-44 1.899318064492819223e-41 8.158612390830427103e-39 1.248335877014667571e-35 3.447229385787442547e-31 1.004500074777596139e-19
3.572013377926421374e+00 1.662395887588969212e-55 5.858260621225242753e-52 4.244185248859046189e-49 1.465459715223098932e-46 3.951265711252731661e-44 1.324595345632155197e-41 5.679619153748726770e-39 8.693678489388762396e-36 2.416362321764580067e-31 7.601423581885186803e-20
3.585387959866221053e+00 1.200448458045710815e-55 4.183873944421538573e-52 3.007675247549087485e-49 1.032565107770735398e-46 2.771790082376647822e-44 9.261106780848443291e-42 3.963590913288636252e-39 6.068556343000172012e-36 1.697195461814701935e-31 5.753114633305906716e-20
3.598762541806020288e+00 8.667578486243820779e-56 2.987433415665748566e-52 2.130810856000670318e-49 7.272895890432905010e-47 1.943564065296213628e-44 6.471743143580697345e-42 2.764379006018193383e-39 4.233052302752442014e-36 1.190983504739609951e-31 4.347124446272017782e-20
3.612137123745819522e+00 6.263525782061387110e-56 2.134899216745385976e-52 1.510797528926064427e-49 5.126594886743135982e-47 1.363794980413297105e-44 4.525481038563005469e-42 1.929110372324743811e-39 2.954060120935172495e-36 8.359459415933829217e-32 3.281753795459951440e-20
3.625511705685618757e+00 4.535915744346016280e-56 1.529024660756857945e-52 1.073600989251237759e-49 3.621867938570154038e-47 9.591335429905593420e-45 3.171577292755839661e-42 1.349142290256358575e-39 2.065730194323954493e-36 5.877856824541389428e-32 2.477638187196963497e-20
3.638886287625418436e+00 3.284390042703348239e-56 1.094865156586485755e-52 7.627056607097760241e-50 2.557899227453523797e-47 6.742564995022653925e-45 2.221606453187346902e-42 9.429772123866150293e-40 1.443508520041025920e-36 4.129251450872667237e-32 1.867579567239714624e-20
3.652260869565217671e+00 2.380675157260436981e-56 7.848066383539325007e-53 5.424011803429635085e-50 1.808309835842708489e-47 4.744537411483762811e-45 1.557609975263862150e-42 6.596493340964853582e-40 1.009445545565681031e-36 2.902306758774748484e-32 1.406770744711054113e-20
3.665635451505016906e+00 1.728859885972116802e-56 5.636454391020400110e-53 3.864907149659616646e-50 1.280917950182688564e-47 3.345168973646308025e-45 1.094190098125076148e-42 4.623200978363926777e-40 7.071560220562224927e-37 2.043027446480998951e-32 1.059633680191946683e-20
3.679010033444816141e+00 1.255340466056478928e-56 4.047227471287606738e-53 2.753182135930860119e-50 9.070218051317270924e-48 2.357544076543005481e-45 7.682640309709041346e-43 3.238311016344979507e-40 4.950440324014591625e-37 1.436890340593572933e-32 7.969203806941127084e-21
3.692384615384615376e+00 9.126514918769964237e-57 2.909769575536324925e-53 1.963720390272857566e-50 6.430677036539021679e-48 1.663536581200379311e-45 5.400573754958936796e-43 2.270795521370037125e-40 3.469032091311696896e-37 1.011375063232574019e-32 5.990686442948741176e-21
3.705759197324415055e+00 6.645919702574060619e-57 2.095498764335580316e-53 1.403013210889460517e-50 4.567039379072119675e-48 1.175814404227955259e-45 3.802678579365793462e-43 1.594901220076613357e-40 2.434575562740503627e-37 7.127718892589269825e-33 4.502797448889842115e-21
3.719133779264214290e+00 4.838889674001314188e-57 1.508772394770620563e-53 1.002123519010092154e-50 3.242361291641044032e-48 8.307381380847775863e-46 2.676240914940649216e-43 1.119538027869570379e-40 1.707414261355272730e-37 5.018963601234016475e-33 3.379336880715746468e-21
3.732508361204013525e+00 3.528266740509193533e-57 1.087927839009485448e-53 7.168461668325324525e-51 2.305322703695408799e-48 5.877946119474241451e-46 1.886173758677621288e-43 7.869375536501857104e-41 1.198964545557587175e-37 3.537811205325130914e-33 2.535617539206468899e-21
3.745882943143812760e+00 2.576198516200779925e-57 7.855863168011964353e-54 5.135157079446109759e-51 1.641436415535245586e-48 4.164876043993911352e-46 1.331186137932733725e-43 5.538837451662183663e-41 8.429607553514689863e-38 2.496296435509810671e-33 1.902094681392117530e-21
3.759257525083611995e+00 1.880772162265705823e-57 5.671454248863565762e-54 3.677551529950427939e-51 1.168330049509730455e-48 2.949842075087131650e-46 9.390393631428251484e-44 3.896271614590374441e-41 5.922611963733121656e-38 1.759904390831379207e-33 1.424752419957258319e-21
3.772632107023411674e+00 1.375304531379693033e-57 4.101313460090713409e-54 2.638169236867824651e-51 8.330077796733565157e-49 2.092830775298532795e-46 6.635234880807260974e-44 2.745278285663553053e-41 4.167586917122276599e-38 1.242382739604929485e-33 1.067214284153929754e-21
3.786006688963210909e+00 1.006844315863919992e-57 2.969351381617779658e-54 1.894777345512958582e-51 5.946211354953398792e-49 1.486511550440667317e-46 4.693665010456195040e-44 1.936346895830413987e-41 2.935447272087355838e-38 8.777166502578653965e-34 7.991130423471791149e-22
3.799381270903010144e+00 7.369926580858041734e-58 2.149344805214516041e-54 1.360475778191259365e-51 4.243080229289421678e-49 1.055416331377997963e-46 3.318621379762079075e-44 1.365007302215978428e-41 2.066201936059345898e-38 6.195702932471759058e-34 5.975008288347572873e-22
3.812755852842809379e+00 5.404407659328979006e-58 1.558705102738663614e-54 9.787082802287317887e-52 3.033610722816578263e-49 7.507890401018519111e-47 2.350903616920854246e-44 9.640533505553676539e-42 1.456961848838882603e-38 4.380411109828832461e-34 4.468651100044127359e-22
3.826130434782609058e+00 3.966753668963527284e-58 1.131429436819517224e-54 7.047235984873376375e-52 2.170874681533998441e-49 5.345610074765673557e-47 1.666787759669705958e-44 6.814148327435534215e-42 1.028082688220153029e-38 3.098589612729956631e-34 3.340438908950273503e-22
3.839505016722408293e+00 2.911107225493887457e-58 8.210999057510499168e-55 5.072957752423193645e-52 1.552957848619973234e-49 3.804512472210220689e-47 1.181183503117723784e-44 4.813707634556204919e-42 7.249707710612229819e-39 2.190060697554200738e-34 2.493551639250284703e-22
3.852879598662207528e+00 2.140627795318846209e-58 5.971187951224811651e-55 3.659501119972813242e-52 1.113308099219524806e-49 2.713542886208137331e-47 8.388560343446157433e-45 3.407747824986124344e-42 5.122702941489614775e-39 1.550776468021795511e-34 1.862277109989247517e-22
3.866254180602006763e+00 1.575181230344111677e-58 4.345397426680648856e-55 2.641677915197127203e-52 7.986538369192982198e-50 1.936638566701467233e-47 5.960919875173515849e-45 2.413717624405315429e-42 3.621346816089441369e-39 1.098399114409584965e-34 1.389955793990269854e-22
3.879628762541805997e+00 1.158921955782110387e-58 3.161567068156811911e-55 1.906401889492265293e-52 5.727328998920690437e-50 1.381604641082257569e-47 4.233819738183066415e-45 1.708698780808533932e-42 2.558333481626866622e-39 7.773548665917741972e-35 1.035997556042109930e-22
3.893003344481605676e+00 8.544987519438269838e-59 2.305429930781449655e-55 1.378964738980657904e-52 4.116868826697183040e-50 9.879836862388080706e-48 3.014279082263625859e-45 1.212459217029101145e-42 1.811496672081785122e-39 5.513033586360913172e-35 7.727369585404713353e-23
3.906377926421404911e+00 6.303503414822233679e-59 1.681924809612409603e-55 9.978979850374680214e-53 2.960487882452749034e-50 7.067754422905817923e-48 2.146743222162459041e-45 8.605754528384047334e-43 1.282920209795835317e-39 3.909972348244766277e-35 5.759357364481831181e-23
3.919752508361204146e+00 4.649275811981351652e-59 1.226773727274793759e-55 7.219305760172216896e-53 2.128188727891057667e-50 5.054023954454934377e-48 1.528169346084315495e-45 6.104822942657049735e-43 9.079901579296621893e-40 2.770830092949068520e-35 4.286768720574111094e-23
3.933127090301003381e+00 3.437111294674308497e-59 8.969682575329776727e-56 5.235911842123514996e-53 1.533791980634774135e-50 3.623400376529638444e-48 1.090665335868772321e-45 4.341906077191331111e-43 6.442597116544909774e-40 1.968193324049764769e-35 3.193786701873562211e-23
3.946501672240803060e+00 2.541702398698515903e-59 6.559919998680695473e-56 3.798245774738322966e-53 1.105606429505974292e-50 2.598094693247888882e-48 7.784829811072448405e-46 3.088153809619726567e-43 4.571025290073678701e-40 1.397758116224319846e-35 2.377316935021701638e-23
3.959876254180602295e+00 1.879260713479764985e-59 4.796476728142934774e-56 2.754544296449844903e-53 7.966827937057556297e-51 1.862166697855036572e-48 5.553961687949133639e-46 2.195239190936259492e-43 3.241072682672563863e-40 9.918686604557440278e-36 1.767233418534871921e-23
3.973250836120401530e+00 1.392911756296307530e-59 3.516225309539133105e-56 2.003019722210850712e-53 5.756593385802248106e-51 1.338429039814154252e-48 3.973558058283662026e-46 1.564899264751408766e-43 2.304438545909585788e-40 7.056765824025900098e-36 1.315302323298231679e-23
3.986625418060200765e+00 1.032511735724313117e-59 2.577782102831820653e-56 1.456520660777412742e-53 4.159320092004592424e-51 9.618959670837149517e-49 2.842419181650493177e-46 1.115308637919318007e-43 1.637974248565371500e-40 5.018330575208919284e-36 9.779035436781956637e-24
4.000000000000000000e+00 7.652372550321511761e-60 1.889370451664580318e-56 1.058823695734556561e-53 3.004208446894451665e-51 6.910133986879626254e-49 2.032329534235528631e-46 7.944565638273049161e-44 1.163521551785575646e-40 3.565949307784059833e-36 7.261117511058939494e-24
