1.000000000000000021e-03 1.069539054934162320e-07 1.071132211081448210e-07 1.071542142963012338e-07 1.071787939054437304e-07 1.071963898013454566e-07 1.072103920895091456e-07 1.072221503408415122e-07 1.072331625642076371e-07 1.072442383978694348e-07 1.072594371229990619e-07
1.437458193979933296e-02 1.475307601733117418e-06 1.508325001298917059e-06 1.516870017545302459e-06 1.522009819027791508e-06 1.525648758862120193e-06 1.528543960130187342e-06 1.531010766051072826e-06 1.533288451414499523e-06 1.535674469337821089e-06 1.538751803016443623e-06
2.774916387959866504e-02 2.726044383321612469e-06 2.849635672192128687e-06 2.881687753636988489e-06 2.900972331960044878e-06 2.914587611346980341e-06 2.925499064011524919e-06 2.934747804339932340e-06 2.943278294384066425e-06 2.952237087683239055e-06 2.963766668372228740e-06
4.112374581939799711e-02 3.856672203030603222e-06 4.128950781938367509e-06 4.199808697247477302e-06 4.242419828803126742e-06 4.272518706293817998e-06 4.296632316537865489e-06 4.317067967717994341e-06 4.335926241225769927e-06 4.355736866455916515e-06 4.381208054997424782e-06
5.449832775919732919e-02 4.865541620193807952e-06 5.344265284440101037e-06 5.469468522159544431e-06 5.544775828130302285e-06 5.597962047499094353e-06 5.640573623050320080e-06 5.676680804505190393e-06 5.710016369023461063e-06 5.745010466279100434e-06 5.790037672336177964e-06
6.787290969899666127e-02 5.751847313679430252e-06 6.493703650934898725e-06 6.689015628156890170e-06 6.806531069098901171e-06 6.889536899095043003e-06 6.955937997181639706e-06 7.012356829728244172e-06 7.064352142886153911e-06 7.118921272994131036e-06 7.189219301583439844e-06
8.124749163879599334e-02 6.515696779424251276e-06 7.575346372497394895e-06 7.856898560192472112e-06 8.026245617694662842e-06 8.145853470948113831e-06 8.241668559943174775e-06 8.322897120161209961e-06 8.397823359341660072e-06 8.476496364545377422e-06 8.577776045944729395e-06
9.462207357859532542e-02 7.158129785697626568e-06 8.587567698301177053e-06 8.971571841412397076e-06 9.202542404798677174e-06 9.365663142864645606e-06 9.496355784209670249e-06 9.607122918273080259e-06 9.709326224890752331e-06 9.816647020113436402e-06 9.954787284881777391e-06
1.079966555183946575e-01 7.681169430256838709e-06 9.528689672007189347e-06 1.003161490196865202e-05 1.033411298308047497e-05 1.054804047192685354e-05 1.071891357028535087e-05 1.086398239848747887e-05 1.099782478243759700e-05 1.113839974553854458e-05 1.131929637290469742e-05
1.213712374581939896e-01 8.087670792739483916e-06 1.039715973622217315e-05 1.103566319821080085e-05 1.141970677721144021e-05 1.169094514254905503e-05 1.190846999016036131e-05 1.209243577357859095e-05 1.226239899148055138e-05 1.244089152851208599e-05 1.267043777564800665e-05
1.347458193979933216e-01 8.381376269741938305e-06 1.119150876062364826e-05 1.198242585629206673e-05 1.245814229090831756e-05 1.279412940596372431e-05 1.306330196317379545e-05 1.329142730090413128e-05 1.350193509770364721e-05 1.372300074037027482e-05 1.400751001819291245e-05
1.481204013377926398e-01 8.566850769790033257e-06 1.191034602571986673e-05 1.287068138438529632e-05 1.344819120581010868e-05 1.385625516014352526e-05 1.418308764474709265e-05 1.446012792292475088e-05 1.471568496705210839e-05 1.498404106371926608e-05 1.532953544748304921e-05
1.614949832775919858e-01 8.649432994139649239e-06 1.255237758345750789e-05 1.369926676966320087e-05 1.438909753121777265e-05 1.487632956638717207e-05 1.526665648471977810e-05 1.559748585716642588e-05 1.590270414943934321e-05 1.622329644122557109e-05 1.663582346133588870e-05
1.748695652173913317e-01 8.635199980430533572e-06 1.311633553650370704e-05 1.446709728369509592e-05 1.527958397441411429e-05 1.585335486392805331e-05 1.631311248093479836e-05 1.670275951269725219e-05 1.706221716180308356e-05 1.743973600732284400e-05 1.792561442003392299e-05
1.882441471571906499e-01 8.530914590049498610e-06 1.360115733953470548e-05 1.517330522689828962e-05 1.611875527348535878e-05 1.678657283946946777e-05 1.732153909537175612e-05 1.777504752159974843e-05 1.819349946141956677e-05 1.863287170043075117e-05 1.919829941481027876e-05
2.016187290969899681e-01 8.343981927123554418e-06 1.400562175749683929e-05 1.581652337563599795e-05 1.690574204128816158e-05 1.767502550649208650e-05 1.829132802506145395e-05 1.881369369851951302e-05 1.929565949854996241e-05 1.980171582862013982e-05 2.045312513920061946e-05
2.149933110367893141e-01 8.082412036167905585e-06 1.432885495746799684e-05 1.639622323696235970e-05 1.763970438352608727e-05 1.851789619726643829e-05 1.922154200892138849e-05 1.981788509508517875e-05 2.036809193661843933e-05 2.094584160972592408e-05 2.168952853270368213e-05
2.283678929765886600e-01 7.754741019075733519e-06 1.456988139844569996e-05 1.691144030201641578e-05 1.831987490514309314e-05 1.931458774851865239e-05 2.011151810877633502e-05 2.078694789810017508e-05 2.141012091564962086e-05 2.206454079077032330e-05 2.290682306242602180e-05
2.417424749163879782e-01 7.370044834638871593e-06 1.472789940515888338e-05 1.736137436204332010e-05 1.894546778076048623e-05 2.006428897287151021e-05 2.096054597359836197e-05 2.172043343539594118e-05 2.242114067973815386e-05 2.315715152948797463e-05 2.410450728435251303e-05
2.551170568561872964e-01 6.937733476896566980e-06 1.480213446012095819e-05 1.774536115899165312e-05 1.951584725454981172e-05 2.076642039223426241e-05 2.176806856160572913e-05 2.261715250566443894e-05 2.340055948879300881e-05 2.422316400576057988e-05 2.528195351649986197e-05
2.684916387959866424e-01 6.467707409505064585e-06 1.479203451719770232e-05 1.806266026582895054e-05 2.003035193189860107e-05 2.142012007492340809e-05 2.253343901965147961e-05 2.347707967728894575e-05 2.434777648303830069e-05 2.526204406799654570e-05 2.643881407213747285e-05
2.818662207357859883e-01 5.970037784216641663e-06 1.469724739419027097e-05 1.831268203093336789e-05 2.048839930429618224e-05 2.202507233718117375e-05 2.325616737271716248e-05 2.429965829258722544e-05 2.526233523155161067e-05 2.627323136945735972e-05 2.757442119072471017e-05
2.952408026755852788e-01 5.454907448402596435e-06 1.451776322546280530e-05 1.849483792131743424e-05 2.088948369862478295e-05 2.258068758545317769e-05 2.393570662743567290e-05 2.508410667024124594e-05 2.614370260384470308e-05 2.725638801774028783e-05 2.868838733230393983e-05
3.086153846153846247e-01 4.932424736707816663e-06 1.425405638268275598e-05 1.860862679483665384e-05 2.123302535505236231e-05 2.308658201675802265e-05 2.457153978182112763e-05 2.583014003949421695e-05 2.699144298384277004e-05 2.821075658640077790e-05 2.978030817400336477e-05
3.219899665551839707e-01 4.412383161838898572e-06 1.390733904443095723e-05 1.865359370654249860e-05 2.151865025316829631e-05 2.354217662001255302e-05 2.516330091518833879e-05 2.653735657706843661e-05 2.780503696109648160e-05 2.913632182292443968e-05 3.084970949434202294e-05
3.353645484949833167e-01 3.903984136017413585e-06 1.347978061321389103e-05 1.862922517178600953e-05 2.174585673954405722e-05 2.394706269698701956e-05 2.571046965824993273e-05 2.720521266862847368e-05 2.858432138639564182e-05 3.003235057769543056e-05 3.189628701056554947e-05
3.487391304347826626e-01 3.415554156200716841e-06 1.297476905204856699e-05 1.853525201416427189e-05 2.191431995352354539e-05 2.430090634359528582e-05 2.621284721140603312e-05 2.783352509968474152e-05 2.932871171828901403e-05 3.089879209434057247e-05 3.291964193951750798e-05
3.621137123745819530e-01 2.954259601377485865e-06 1.239742924249395411e-05 1.837135940115266878e-05 2.202368472265483609e-05 2.460374980051201768e-05 2.667008261536469086e-05 2.842160304875920152e-05 3.003795669580881011e-05 3.173502326089563773e-05 3.391941052194321309e-05
3.754882943143812990e-01 2.525871876803485582e-06 1.175413730890598989e-05 1.813743287771492791e-05 2.207363302162997749e-05 2.485430228972810649e-05 2.708168915895208038e-05 2.896980926665767065e-05 3.071170696993164349e-05 3.254092039615397565e-05 3.489536421776613938e-05
3.888628762541806450e-01 2.134604741517308441e-06 1.105351492643761731e-05 1.783299446184851642e-05 2.206390461344389471e-05 2.505290574506479237e-05 2.744752355190424302e-05 2.947715990527894844e-05 3.134944214247945606e-05 3.331615126314572392e-05 3.584713686670315584e-05
4.022374581939799354e-01 1.783051784288098704e-06 1.030569820248405593e-05 1.745900251495256103e-05 2.199426919681507028e-05 2.519944173836280462e-05 2.776694227734128568e-05 2.994363375594705532e-05 3.195198206679903665e-05 3.406040097540822739e-05 3.677432941646229236e-05
4.156120401337792813e-01 1.472221032557800969e-06 9.522427457622476522e-06 1.701527365697238673e-05 2.186451403997423468e-05 2.529357315967522513e-05 2.804075152427546784e-05 3.036924977826220123e-05 3.251747983051276648e-05 3.477343526274755744e-05 3.767700999800531800e-05
4.289866220735786273e-01 1.201687720105468516e-06 8.716628327396098500e-06 1.650318887101272306e-05 2.167447500926097937e-05 2.533506238400751301e-05 2.826773818922301100e-05 3.075346524681631436e-05 3.304684977338019088e-05 3.545504996507186659e-05 3.855443631986948000e-05
4.423612040133779733e-01 9.698062252016129438e-07 7.901916590689701591e-06 1.592418546959175379e-05 2.142403937593620052e-05 2.532378440194799521e-05 2.844809804939992789e-05 3.109623153335547817e-05 3.353947215139693061e-05 3.610492252009355146e-05 3.940728286798409922e-05
4.557357859531773192e-01 7.739778307683419611e-07 7.092033551715162069e-06 1.528098761516566309e-05 2.111309217099882263e-05 2.525957430308962542e-05 2.858164197111914362e-05 3.139741826459294132e-05 3.399534820057691493e-05 3.672338431765012612e-05 4.023445336949370212e-05
4.691103678929766096e-01 6.109541726354957277e-07 6.300140016933665291e-06 1.457724462745398949e-05 2.074169161306774648e-05 2.514231615721993876e-05 2.866827639971547017e-05 3.165680617689684213e-05 3.441414620024425933e-05 3.730957577733991421e-05 4.103610536114304637e-05
4.824849498327759556e-01 4.770857837087739248e-07 5.538632626662762817e-06 1.381802564213896437e-05 2.030986822376677124e-05 2.497185626571093233e-05 2.870773525191452251e-05 3.187433648700252736e-05 3.479582909461029623e-05 3.786368502599159257e-05 4.181219430374633625e-05
4.958595317725753016e-01 3.686386214906880108e-07 4.817799880222276953e-06 1.300989700548765951e-05 1.981793636709035123e-05 2.474850616002147969e-05 2.870079268708441528e-05 3.204985135888728938e-05 3.514034332288169934e-05 3.838554368845828083e-05 4.256239206781308750e-05
5.092341137123745920e-01 2.819114711852707789e-07 4.146257993989256546e-06 1.216095028989462656e-05 1.926627429863887484e-05 2.447177005044789624e-05 2.864573399626027045e-05 3.218349081439216713e-05 3.544766829048564150e-05 3.887512129795645048e-05 4.328661065851122357e-05
5.226086956521739380e-01 2.133757899895242111e-07 3.530285570954683489e-06 1.128083428623967191e-05 1.865581133311103976e-05 2.414179985380839811e-05 2.854382606801643106e-05 3.227518517860429446e-05 3.571737953046268463e-05 3.933220247305886294e-05 4.398487808038667874e-05
5.359832775919732839e-01 1.598690762918752963e-07 2.973822921550865592e-06 1.038041222630744993e-05 1.798804898216522859e-05 2.375868217479732480e-05 2.839472535062330112e-05 3.232418182317271961e-05 3.594964354561247467e-05 3.975682781641065887e-05 4.465687242216286013e-05
5.493578595317726299e-01 1.185932876909339641e-07 2.478578658527125708e-06 9.471638693637238709e-06 1.726438870384688009e-05 2.332241535165293110e-05 2.819831604121248407e-05 3.233141794527309563e-05 3.614452048816370257e-05 4.014867029521157038e-05 4.530267176953105528e-05
5.627324414715719758e-01 8.709616104070512404e-08 2.044110351097335952e-06 8.566857409230864827e-06 1.648825720574775375e-05 2.283313212518582244e-05 2.795482459341958132e-05 3.229630222276405767e-05 3.630199287985233367e-05 4.050811769896508878e-05 4.592206873038428378e-05
5.761070234113713218e-01 6.335246001820992276e-08 1.668326610451175642e-06 7.678466287817663395e-06 1.566333128078887185e-05 2.229106653694265668e-05 2.766409418752521565e-05 3.221914394213051076e-05 3.642177162366347929e-05 4.083494259307141500e-05 4.651505931212733720e-05
5.894816053511705567e-01 4.563335630521243080e-08 1.347739980423278037e-06 6.818293894242688162e-06 1.479477337735894851e-05 2.169652343082370248e-05 2.732613115196573785e-05 3.209980710600929688e-05 3.650406675783026301e-05 4.112877490914016820e-05 4.708170962330420178e-05
6.028561872909699026e-01 3.255393855626481546e-08 1.077838377025227669e-06 5.997085923488189566e-06 1.388891102872071228e-05 2.105014313479258253e-05 2.694112128414225324e-05 3.193831505037384881e-05 3.654880710139353408e-05 4.139025438690665588e-05 4.762167183160716857e-05
6.162307692307692486e-01 2.299406976290525720e-08 8.534942259004809131e-07 5.224013807877892141e-06 1.295349851269179748e-05 2.035261641209160788e-05 2.650911867303888081e-05 3.173470616364306828e-05 3.655609157813928469e-05 4.161887998463453185e-05 4.813525459668416777e-05
6.296053511705685946e-01 1.609156948731778217e-08 6.693172231705222366e-07 4.506381511050916122e-06 1.199754294679596072e-05 1.960539359736461371e-05 2.603020681488195503e-05 3.148915574534613394e-05 3.652587144859792835e-05 4.181483396231326584e-05 4.862220179734423901e-05
6.429799331103679405e-01 1.115818551118705129e-08 5.199380498966195787e-07 3.849395360864370913e-06 1.103108732766094787e-05 1.881021046315478200e-05 2.550454616880006847e-05 3.120168773475766712e-05 3.645834458830471750e-05 4.197809093505456787e-05 4.908274626359095030e-05
6.563545150501672865e-01 7.663028486413116408e-09 4.001504199473117793e-07 3.256084761854659350e-06 1.006494595028446501e-05 1.796953153875672178e-05 2.493230264913821789e-05 3.087230353269420334e-05 3.635324094716346879e-05 4.210870564904806168e-05 4.951654042782512228e-05
6.697290969899666324e-01 5.216231422011671823e-09 3.051066882033953880e-07 2.727459885631677572e-06 9.110293727465902479e-06 1.708683198402780937e-05 2.431374520298589987e-05 3.050115895829745412e-05 3.621093721512852373e-05 4.220671213519751363e-05 4.992387723645153958e-05
6.831036789297659784e-01 3.519902036798474164e-09 2.305811964785454925e-07 2.262628848956129291e-06 8.178222692321884005e-06 1.616646044064687376e-05 2.364928894567757206e-05 3.008835667010114880e-05 3.603142068471635901e-05 4.227215980823122794e-05 5.030465967135194517e-05
6.964782608695653243e-01 2.353879991594058414e-09 1.727145184752998001e-07 1.859117608383323112e-06 7.279265609827574899e-06 1.521389072510323326e-05 2.293943351155989664e-05 2.963399985549234844e-05 3.581475788377680664e-05 4.230515093960328003e-05 5.065891888244851253e-05
7.098528428093645593e-01 1.560413352201138595e-09 1.282715560731887581e-07 1.513199281055768024e-06 6.422945362093608962e-06 1.423570883299894638e-05 2.218497669437415705e-05 2.913821473872585627e-05 3.556109564943971059e-05 4.230570206641660148e-05 5.098672816823437124e-05
7.232274247491639052e-01 1.026421862806349475e-09 9.444847610593248739e-08 1.220243386824532179e-06 5.617398100590214343e-06 1.323961173288912629e-05 2.138703443306073929e-05 2.860115975215657443e-05 3.527045854356486654e-05 4.227392098534353754e-05 5.128809040054643808e-05
7.366020066889632512e-01 6.695789285526599219e-10 6.896176662404488384e-08 9.750514919022121623e-07 4.869069787976464120e-06 1.223424912435987085e-05 2.054714142644454523e-05 2.802298824873349133e-05 3.494301351229128929e-05 4.220984246903010704e-05 5.156310547766180933e-05
7.499765886287625971e-01 4.334094442604694763e-10 4.994533894551043710e-08 7.721795544057415336e-07 4.182548992904047612e-06 1.122901345630315826e-05 1.966740884706539810e-05 2.740391814373389112e-05 3.457883947123350723e-05 4.211364294815844663e-05 5.181175296144477019e-05
7.633511705685619431e-01 2.783546264709863998e-10 3.587225371937264440e-08 6.061617460397070553e-07 3.560510358757433093e-06 1.023375137381830568e-05 1.875060075441669074e-05 2.674416374264939017e-05 3.417808849098524093e-05 4.198527115435936086e-05 5.203391572359808610e-05
7.767257525083612890e-01 1.773825459949421737e-10 2.555764556751424415e-08 4.717587174667116484e-07 3.003774747718267764e-06 9.258426325156362115e-06 1.780028568688771300e-05 2.604403234341190124e-05 3.374088861399252107e-05 4.182498369605566058e-05 5.223004406296041303e-05
7.901003344481606350e-01 1.123758844726505556e-10 1.806693366694816820e-08 3.640736395464380229e-07 2.511475644611130633e-06 8.312707141332338048e-06 1.682088744075247732e-05 2.530400691740844935e-05 3.326733998808571778e-05 4.163280515392134241e-05 5.239994965346006083e-05
8.034749163879598699e-01 7.073445094395365537e-11 1.267772404853443942e-08 2.786551341383656501e-07 2.081277962230542230e-06 7.405610683905668572e-06 1.581777253157813130e-05 2.452466399199371315e-05 3.275764283824250824e-05 4.140881641811957893e-05 5.254384446296220539e-05
8.168494983277592159e-01 4.416732369782827343e-11 8.825698457847880773e-09 2.115588476448409644e-07 1.709686850119616153e-06 6.545128220916648580e-06 1.479722998644192303e-05 2.370678826800205657e-05 3.221185893922266558e-05 4.115322561319179512e-05 5.266166965258321157e-05
8.302240802675585618e-01 2.741579696133465502e-11 6.098362147283320372e-09 1.593206260622232728e-07 1.392325299365517555e-06 5.737962271792384066e-06 1.376636301231590105e-05 2.285146235366690355e-05 3.163024077769741559e-05 4.086609092023035404e-05 5.275358902677912870e-05
8.435986622073579078e-01 1.693806383338759971e-11 4.183455180198521672e-09 1.190939038952656632e-07 1.124249055588861472e-06 4.989395109747633607e-06 1.273306159609808655e-05 2.196002750995507154e-05 3.101302026369283284e-05 4.054755657252814702e-05 5.281970295294675737e-05
8.569732441471572537e-01 1.038916613500258142e-11 2.850250398575601891e-09 8.833250090729092441e-08 9.002150573030360552e-07 4.302616229276146719e-06 1.170571976741081418e-05 2.103472132934071237e-05 3.036024879225479708e-05 4.019769636352714604e-05 5.286004441813990738e-05
8.703478260869565997e-01 6.349846023777890099e-12 1.928194054770271375e-09 6.503065911655860471e-08 7.149239204346174534e-07 3.679856766480925183e-06 1.069302525660294185e-05 2.007778541811302522e-05 2.967223673708757815e-05 3.981681167244393725e-05 5.287476482041632487e-05
8.837224080267559456e-01 3.856795854581098607e-12 1.295642623612506983e-09 4.752587718989422074e-08 5.632135365068852027e-07 3.121297942513894072e-06 9.703656743154318652e-06 1.909246004234385583e-05 2.894923407052447505e-05 3.940484869338548425e-05 5.286383416511259992e-05
8.970969899665552916e-01 2.327687408597232493e-12 8.646356847482198018e-10 3.448413230397314744e-08 4.402135919092887562e-07 2.625791667985083510e-06 8.746001441769003668e-06 1.808258617925081349e-05 2.819161806107594643e-05 3.896201161077559103e-05 5.282768282895635597e-05
9.104715719063546375e-01 1.402121074690889614e-12 5.737432825264690743e-10 2.484467000426781768e-08 3.414168369401178513e-07 2.190939026558395847e-06 7.827856748810891176e-06 1.705282488566198926e-05 2.739983646724860507e-05 3.848848770313018813e-05 5.276603573094514895e-05
9.238461538461538725e-01 8.406593151924871125e-13 3.781131025420762652e-10 1.778197427001383600e-08 2.627996292539105418e-07 1.813345926676756468e-06 6.956138298339732207e-06 1.600854827771391306e-05 2.657441628553842638e-05 3.798441194059445680e-05 5.267920574886410793e-05
9.372207357859532184e-01 5.012032526362279272e-13 2.477918906524646321e-10 1.263673002290304386e-08 2.007938524531201002e-07 1.488852667785435210e-06 6.136546568574954926e-06 1.495577991379063866e-05 2.571619998544281337e-05 3.744989989783633607e-05 5.256723277548038925e-05
9.505953177257525644e-01 2.977727913506409590e-13 1.614324459812921038e-10 8.918397659428905461e-09 1.523093212700663609e-07 1.212812852789594890e-06 5.373733824374580613e-06 1.390144539082584200e-05 2.482616960915585129e-05 3.688511890242591996e-05 5.243026822588860061e-05
9.639698996655519103e-01 1.764709573411077998e-13 1.045957036836460100e-10 6.257793003838242825e-09 1.147169508593779476e-07 9.803095055790461479e-07 4.670796460377215640e-06 1.285262419067857531e-05 2.390563477900975055e-05 3.629025152249696923e-05 5.226842120207696868e-05
9.773444816053512563e-01 1.041612588259304088e-13 6.738355566482290211e-11 4.361908639422319007e-09 8.580586049449951799e-08 7.863446479785638841e-07 4.029499172027076346e-06 1.181690727330683505e-05 2.295628161343610764e-05 3.566543629180635118e-05 5.208179754545298377e-05
9.907190635451506022e-01 6.120413161791943117e-14 4.322167198670648003e-11 3.022952772001664093e-09 6.374338818916141779e-08 6.260443343983708296e-07 3.450233670098098668e-06 1.080179826143839123e-05 2.198022365688284921e-05 3.501102941847255510e-05 5.187050395568048005e-05
1.004093645484949837e+00 3.595216873120789123e-14 2.757680194488638612e-11 2.081742443203108031e-09 4.704454525740704523e-08 4.947624043158592246e-07 2.932158824937067667e-06 9.814887174143679759e-06 2.098006576144961259e-05 3.432677536794236718e-05 5.163472706460984634e-05
1.017468227424749072e+00 2.102768752174811219e-14 1.750286603411786028e-11 1.424235611209216173e-09 3.449992468223162315e-08 3.882012804400428604e-07 2.473325545979778169e-06 8.863274910392650758e-06 1.995895180949616970e-05 3.361330725566630181e-05 5.137450267431873443e-05
1.030842809364548529e+00 1.225071676265162675e-14 1.105272700511966535e-11 9.698666398132517820e-10 2.513292552882926452e-08 3.024505302281182831e-07 2.070855393861840162e-06 7.953407638639191306e-06 1.892059191042574188e-05 3.287075979793911240e-05 5.108996778964381910e-05
1.044217391304347764e+00 7.141040732195543904e-15 6.962336527578748495e-12 6.569320341952137437e-10 1.818891659412548720e-08 2.340413530920963648e-07 1.721162817928870348e-06 7.090861130462550695e-06 1.786927431290695814e-05 3.209926506022224384e-05 5.078129010141304618e-05
1.057591973244147221e+00 4.150910153805745258e-15 4.365314428833341393e-12 4.422116872784350576e-10 1.309460402966955107e-08 1.798219280118336961e-07 1.420145033664126932e-06 6.280446978922983840e-06 1.680983379507501775e-05 3.129953458282379482e-05 5.044861723355326523e-05
1.070966555183946456e+00 2.402644984035276971e-15 2.722000553750634229e-12 2.959824211286164170e-10 9.370050810443961081e-09 1.373298042458901473e-07 1.163383264315672252e-06 5.525696721275353211e-06 1.574760659618831195e-05 3.047184702491778529e-05 5.009203512122564430e-05
1.084341137123745691e+00 1.389669712247401227e-15 1.692153525120222129e-12 1.974772766722628191e-10 6.664134284671327418e-09 1.041683337732797110e-07 9.463152528905554073e-07 4.829043284809327007e-06 1.468834332375534096e-05 2.961657948947673464e-05 4.971174780160731127e-05
1.097715719063545148e+00 8.040732271983756593e-16 1.049852071080221299e-12 1.310001090742160064e-10 4.713832503160413533e-09 7.850377674706621886e-08 7.643911610288142151e-07 4.191732123979728903e-06 1.363809593501785810e-05 2.873470710360668181e-05 4.930776382116678491e-05
1.111090301003344383e+00 4.635352225039202510e-16 6.481426031299809471e-13 8.640416691788490338e-11 3.313721670443275134e-09 5.881589904685651230e-08 6.132589174800344980e-07 3.613893138117192220e-06 1.260310013731881436e-05 2.782702552843727736e-05 4.888024822654602733e-05
1.124464882943143840e+00 2.665765239745719558e-16 3.985142144647792218e-13 5.680066472183965502e-11 2.318463015219517361e-09 4.379722692230604975e-08 4.886666833542418104e-07 3.094590704797404160e-06 1.158957609658001732e-05 2.689467311327551987e-05 4.842937526374173211e-05
1.137839464882943075e+00 1.535718553541222340e-16 2.447773733064711795e-13 3.717919465650080586e-11 1.613973315453419614e-09 3.241578627954740375e-08 3.868425142315249706e-07 2.631997674819570647e-06 1.060362615741881578e-05 2.593900026499999721e-05 4.795529740368314624e-05
1.151214046822742532e+00 8.827927213269775613e-17 1.498389373320973437e-13 2.422492584979985448e-11 1.117419176094705918e-09 2.385802251631551539e-08 3.042491712863551034e-07 2.223446003172233431e-06 9.651040758032267136e-06 2.496178464789393435e-05 4.745809854250008624e-05
1.164588628762541767e+00 5.063398148024911633e-17 9.138289093656965215e-14 1.571407353945082422e-11 7.698610297612704065e-10 1.745990786723915873e-08 2.377831883175966971e-07 1.865827928252080685e-06 8.737142981125057338e-06 2.396496783832685953e-05 4.693793257804698005e-05
1.177963210702341001e+00 2.907557127259264828e-17 5.566695479977645908e-14 1.016260389576140958e-11 5.280309683490385540e-10 1.270720960850824731e-08 1.847025834452321541e-07 1.555317034135801319e-06 7.866571097302744683e-06 2.295098247259011524e-05 4.639492155553005099e-05
1.191337792642140458e+00 1.667205167538203151e-17 3.380902748855390428e-14 6.544861704119817687e-12 3.602150185286034932e-10 9.200801757683725017e-09 1.425739796989034747e-07 1.287980190780355067e-06 7.043382822346515173e-06 2.192254093674738885e-05 4.582922626258195112e-05
1.204712374581939693e+00 9.545080099570632725e-18 2.047284348976766246e-14 4.197894867075877500e-12 2.447435746161240136e-10 6.623615877059333812e-09 1.094244689530377488e-07 1.059682519914307059e-06 6.270719223435947435e-06 2.088274641253271108e-05 4.524100565086746522e-05
1.218086956521739150e+00 5.466935683634325007e-18 1.238084513624276684e-14 2.685171587842188287e-12 1.656129066508697480e-10 4.746789427144915442e-09 8.348278646375659866e-08 8.662801667050788201e-07 5.550887595196369846e-06 1.983509465422789880e-05 4.463038807344214684e-05
1.231461538461538385e+00 3.133728828003551187e-18 7.479162315172158055e-15 1.712988608397761089e-12 1.115602586226902374e-10 3.384248539895154736e-09 6.332796215172156472e-08 7.037162249986703919e-07 4.885321147312906887e-06 1.878333909619554323e-05 4.399751079319585246e-05
1.244836120401337842e+00 1.793385929045208235e-18 4.504669790676321149e-15 1.088391188018076636e-12 7.481648020568844071e-11 2.400414535859896872e-09 4.778689091730401257e-08 5.681156603161598789e-07 4.274538285415086139e-06 1.773158440904383255e-05 4.334258741976858168e-05
1.258210702341137077e+00 1.024252081965191962e-18 2.704396250041246194e-15 6.886481383531990720e-13 4.998117233061606088e-11 1.694772061640955942e-09 3.584642439871102609e-08 4.558454098197509338e-07 3.718249041747488948e-06 1.668411516674694268e-05 4.266582568952135911e-05
1.271585284280936534e+00 5.874110254128094874e-19 1.626830844055538940e-15 4.357389268485368804e-13 3.328391008493877836e-11 1.191661365208582048e-09 2.675777148532083505e-08 3.635805897146000306e-07 3.215400678752654714e-06 1.564538207449701367e-05 4.196741056792289385e-05
1.284959866220735769e+00 3.364841776844579473e-19 9.762034002217964731e-16 2.747399819680895432e-13 2.208271442893279332e-11 8.338784459035076899e-10 1.987054005331403909e-08 2.882792570968367664e-07 2.764256922917980172e-06 1.461993902686191224e-05 4.124761186537582319e-05
1.298334448160535004e+00 1.924191264462341552e-19 5.841248838184888268e-16 1.725757390488038568e-13 1.458548812262821834e-11 5.807705614503471194e-10 1.467657019478906156e-08 2.272474007335241449e-07 2.362493459144545248e-06 1.361230293019070728e-05 4.050674764930950244e-05
1.311709030100334461e+00 1.101693151616999248e-19 3.493745225965494449e-16 1.082001675781532518e-13 9.603970193904596979e-12 4.029073051519498696e-10 1.078950675529790002e-08 1.781308399225385961e-07 2.007344178817207847e-06 1.262692633017540674e-05 3.974518792877140778e-05
1.325083612040133696e+00 6.316783428916510911e-20 2.089389741924554037e-16 6.773559830112096262e-14 6.306833414547117776e-12 2.785297666500652174e-10 7.896679018635240755e-09 1.388907317533842961e-07 1.695685819655335243e-06 1.166803448525399509e-05 3.896334350966909366e-05
1.338458193979933153e+00 3.619579247223899460e-20 1.247397005942415109e-16 4.229184279818615479e-14 4.127431981935409657e-12 1.917118597352890375e-10 5.750770334840409075e-09 1.076907991040390519e-07 1.424168074605215286e-06 1.073969013511068535e-05 3.816172442135618373e-05
1.351832775919732388e+00 2.073337334524978174e-20 7.435824685610884908e-17 2.633828320525270401e-14 2.691918903669836341e-12 1.313450805841172803e-10 4.166762477347710792e-09 8.304200679917285139e-08 1.189267214961962890e-06 9.845488000849185784e-06 3.734103563788135219e-05
1.365207357859531845e+00 1.190931704387720635e-20 4.437022622161932043e-17 1.639293060910938019e-14 1.752156959764821627e-12 8.970702038711293178e-11 3.006599274524970973e-09 6.370657953238790543e-08 9.874243035250873993e-07 8.988760475063563158e-06 3.650199838280386046e-05
1.378581939799331080e+00 6.832909541975587749e-21 2.641912748457821567e-17 1.017214399210949268e-14 1.136197706905653155e-12 6.105953169239993381e-11 2.161000430757471554e-09 4.863134164700908801e-08 8.153634112774200213e-07 8.172268988099712120e-06 3.564553272606516715e-05
1.391956521739130537e+00 3.919834397675050293e-21 1.571448869473016430e-17 6.300472254613293275e-15 7.348864124817241359e-13 4.140327543491885868e-11 1.546154976817123709e-09 3.694016515134244873e-08 6.695177612831550212e-07 7.398344755030178722e-06 3.477257176396490767e-05
1.405331103678929772e+00 2.257535930093244624e-21 9.367169731430102841e-18 3.904154855600735782e-15 4.748078806424170206e-13 2.800667415236215300e-11 1.101576964257094678e-09 2.792122794625065966e-08 5.467541120242201489e-07 6.668769302203484659e-06 3.388443312899634902e-05
1.418705685618729007e+00 1.299467495815803282e-21 5.574966416665724842e-18 2.413336998043967353e-15 3.057835584514883087e-13 1.887112966702683718e-11 7.818806711073858523e-10 2.100576380266615906e-08 4.440905107690370404e-07 5.984799787077700064e-06 3.298249161149551418e-05
1.432080267558528464e+00 7.469667260256421136e-22 3.310706230460685042e-18 1.487437493268073262e-15 1.962304616614051910e-13 1.266356517381448900e-11 5.527239387064454504e-10 1.572942953389098038e-08 3.587853037593777496e-07 5.347135857555490945e-06 3.206824633477865750e-05
1.445454849498327698e+00 4.306647950477825036e-22 1.969253667145838049e-18 9.170469842392703996e-16 1.258114249940269833e-13 8.480518360363230274e-12 3.891100943749804398e-10 1.172307770431190570e-08 2.883711056444162794e-07 4.755962878409580336e-06 3.114336587854328603e-05
1.458829431438127155e+00 2.488214718091323489e-22 1.172376610289777965e-18 5.652374612900620585e-16 8.055576542638518679e-14 5.666044518389601629e-12 2.731397679051533723e-10 8.702168149417040097e-09 2.305842163005919402e-07 4.211021907441090667e-06 3.020976530491336276e-05
1.472204013377926390e+00 1.436125552488123291e-22 6.967060114208220365e-19 3.475273157278477790e-16 5.141951758919142726e-14 3.771896107250607517e-12 1.909802327912585633e-10 6.430966451788770505e-09 1.834385951797297164e-07 3.711483653138427897e-06 2.926942816359947514e-05
1.485578595317725847e+00 8.293048268270137955e-23 4.138121542138391689e-19 2.133571909289526357e-16 3.274505479150273091e-14 2.503147571201585522e-12 1.330099633016406896e-10 4.731415384670096178e-09 1.452112492553886052e-07 3.256143123008001800e-06 2.832446792336496048e-05
1.498953177257525082e+00 4.804676362359707859e-23 2.462680989683868854e-19 1.310733275753895093e-16 2.084095344393596916e-14 1.658286961561979870e-12 9.238279986487148686e-11 3.468503191754317844e-09 1.144081525183097274e-07 2.843463726053248609e-06 2.737705179456975782e-05
1.512327759197324317e+00 2.785210859582723104e-23 1.465280255024900367e-19 8.044827259710490327e-17 1.324300982486640861e-14 1.096065029738331624e-12 6.396885081713320670e-11 2.532572788211488994e-09 8.970909443450378433e-08 2.471578805090370646e-06 2.642965876310945190e-05
1.525702341137123774e+00 1.614145031398005958e-23 8.708789668627620467e-20 4.928460527779333672e-17 8.393545877877408844e-15 7.221462046175928256e-13 4.412714540440067236e-11 1.841146503310794038e-09 6.999864882415944186e-08 2.138347989091221046e-06 2.548441358359121813e-05
1.539076923076923009e+00 9.385836677046218117e-24 5.186865465659524998e-20 3.021941707648790154e-17 5.318305120851534646e-15 4.751029419774169222e-13 3.036265270903081746e-11 1.333036198155182722e-09 5.435916525086474898e-08 1.841405687499229832e-06 2.454372265566843168e-05
1.552451505016722466e+00 5.457504862374433495e-24 3.086736218956656978e-20 1.850079978285684935e-17 3.362279762206525522e-15 3.116744361181799038e-13 2.081886059426862099e-11 9.624824314742244888e-10 4.204417094413396254e-08 1.578326788442092297e-06 2.360985486442688052e-05
1.565826086956521701e+00 3.176369424977659134e-24 1.837212266072761528e-20 1.131959601786435750e-17 2.122835837518328353e-15 2.040460073013629575e-13 1.423568121479719050e-11 6.923303654309472432e-10 3.236627063860090310e-08 1.346539871798751693e-06 2.268506619367287148e-05
1.579200668896321158e+00 1.853029568669740945e-24 1.095011108601329601e-20 6.928900735017994699e-18 1.339665512752121083e-15 1.334012858355192956e-13 9.712060676499323934e-12 4.961109591701503776e-10 2.481848349970363564e-08 1.143462083111040867e-06 2.177150680654213599e-05
1.592575250836120393e+00 1.082963375868960868e-24 6.532246416868584762e-21 4.241281870337270550e-18 8.446994629428074440e-16 8.706622970772170699e-14 6.609034726520344701e-12 3.542506085813609717e-10 1.894346343220788364e-08 9.665530331613781730e-07 2.087117626643287052e-05
1.605949832775919628e+00 6.329255157586254720e-25 3.893987835362460252e-21 2.592519048240073716e-18 5.315238416164081465e-16 5.667452812751090116e-14 4.482871072299098665e-12 2.522035147337877514e-10 1.440210671697364835e-08 8.132458564982699988e-07 1.998606547526101762e-05
1.619324414715719085e+00 3.700873161924907719e-25 2.320730378210178224e-21 1.583248887981849044e-18 3.339359057057797082e-16 3.681011414240825167e-14 3.032048542233926932e-12 1.788835376609281404e-10 1.090543832498071699e-08 6.811246964830333911e-07 1.911782124553345800e-05
1.632698996655518320e+00 2.174130084688915416e-25 1.388169282739013028e-21 9.694064886295013579e-19 2.101193792356512353e-16 2.391788041125895453e-14 2.049158940242065277e-12 1.266228895495417876e-10 8.223760641301211869e-09 5.678543536530027996e-07 1.826802883120716173e-05
1.646073578595317777e+00 1.277465078775235928e-25 8.299327084322384391e-22 5.928775621833006720e-19 1.319791740917010942e-16 1.550437424897271689e-14 1.380807503925414698e-12 8.931624212693980590e-11 6.179396145681821894e-09 4.713114573769376497e-07 1.743806022271698870e-05
1.659448160535117012e+00 7.504489437238454611e-26 4.957684638564575887e-22 3.620835782057381933e-19 8.273565745072117302e-17 1.002540177269084916e-14 9.276303767016900227e-13 6.277891641048193900e-11 4.625207186433009521e-09 3.894459991450985190e-07 1.662912091990439563e-05
1.672822742474916469e+00 4.420361622634796736e-26 2.966934726334180044e-22 2.213442196291436494e-19 5.187004887506604130e-17 6.477344836044276289e-15 6.220985193849194812e-13 4.400954004512818683e-11 3.450027548860147981e-09 3.203517066833405226e-07 1.584217627259207521e-05
1.686197324414715704e+00 2.610357905621049018e-26 1.778754447202802312e-22 1.354500430066394375e-19 3.252843922494885596e-17 4.182851190565989853e-15 4.166351123303138086e-13 3.078346354960205525e-11 2.563662446620922294e-09 2.623789360523429859e-07 1.507808376218989279e-05
1.699571906354515161e+00 1.542275570974838206e-26 1.066313680791079245e-22 8.283424857774130425e-20 2.037500737820570950e-17 2.696510683325629697e-15 2.783962336889966638e-13 2.147119284512047767e-11 1.898468552037294061e-09 2.139650672081724307e-07 1.433744866959520199e-05
1.712946488294314396e+00 9.123963707140517848e-27 6.396190795340686790e-23 5.065494760492954528e-20 1.275352723860450686e-17 1.735960186288242869e-15 1.856410142296463572e-13 1.493474447401791042e-11 1.400788307140124153e-09 1.737639694059827462e-07 1.362082178854239071e-05
1.726321070234113630e+00 5.412111019361026854e-27 3.843984239510114553e-23 3.101054749683442308e-20 7.985199835206962758e-18 1.116951461167702352e-15 1.236100273430837783e-13 1.036398189901341740e-11 1.030360217325123610e-09 1.405045429462177850e-07 1.292833749489147699e-05
1.739695652173913087e+00 3.212024709949142093e-27 2.310073257062210459e-23 1.897361928760281719e-20 4.994247675913914081e-18 7.175103361464077092e-16 8.212751981666335290e-14 7.172386430748845331e-12 7.556135103726730537e-10 1.131504121074416193e-07 1.226031343787503299e-05
1.753070234113712322e+00 1.908654536837316665e-27 1.389197109663280196e-23 1.161057528446808192e-20 3.122396423267670981e-18 4.604845168943261213e-16 5.448176389634619795e-14 4.952752845068336166e-12 5.521916820971681408e-10 9.074910959059051883e-08 1.161667922918387563e-05
1.766444816053511779e+00 1.138707005825874811e-27 8.380912464050258346e-24 7.121514285922008736e-21 1.954928699714993091e-18 2.956733311909053667e-16 3.612211048755168999e-14 3.414552486918559125e-12 4.024769686189828165e-10 7.247953863416112961e-08 1.099747949502803002e-05
1.779819397993311014e+00 6.794447290618312773e-28 5.054166285943369650e-24 4.364251890693934277e-21 1.222328773727456783e-18 1.895027732834389079e-16 2.389360213564982771e-14 2.347403794447536049e-12 2.923541155164690930e-10 5.765629955178683812e-08 1.040238548325575703e-05
1.793193979933110471e+00 4.053554930417311786e-28 3.046021280539295099e-24 2.671630406671668382e-21 7.631099515677646785e-19 1.212192279133963368e-16 1.576674741012179592e-14 1.609133151127817176e-12 2.116389620761610141e-10 4.569622643973282041e-08 9.831085996506659755e-06
1.806568561872909706e+00 2.428931852006683447e-28 1.842536152525552373e-24 1.640287731808717566e-21 4.774432195225373948e-19 7.764087807978984419e-17 1.040744631529235797e-14 1.102268356379666789e-12 1.529085442039041098e-10 3.607630428283144383e-08 9.283398587195078447e-06
1.819943143812709163e+00 1.458110038674454168e-28 1.115970244586083371e-24 1.007798120790087075e-21 2.987578453936223402e-19 4.970631139388565586e-17 6.862172961542586239e-15 7.537019178192226962e-13 1.101878331207519607e-10 2.837287500538843835e-08 8.758761545154921109e-06
1.833317725752508398e+00 8.753422733451224616e-29 6.756134565035875609e-25 6.186551936421763699e-22 1.867060079515301171e-19 3.176800060510820577e-17 4.514801488799877946e-15 5.140070036229829586e-13 7.915113648428822077e-11 2.223285273212842191e-08 8.256667647753042073e-06
1.846692307692307633e+00 5.262736035172345610e-29 4.094068160209682495e-25 3.799248775228304574e-22 1.166623808557175547e-19 2.028841347144818659e-17 2.966314322034725387e-15 3.498260040206731259e-13 5.669729249529464737e-11 1.736181179564123441e-08 7.776614065416003179e-06
1.860066889632107090e+00 3.174430473895053838e-29 2.487594052935341458e-25 2.337983768612083121e-22 7.299773219811062534e-20 1.296573553027474733e-17 1.948629213396567257e-15 2.378405966140944066e-13 4.052843559588036550e-11 1.350725922399911488e-08 7.318070209341339991e-06
1.873441471571906325e+00 1.917251007724759317e-29 1.512737314571102189e-25 1.439304827114232608e-22 4.567340485376890934e-20 8.281655747355241393e-18 1.278736096410655528e-15 1.614385802946041768e-13 2.890203199740420882e-11 1.047192208407485354e-08 6.880410295545933048e-06
1.886816053511705782e+00 1.158534415239272275e-29 9.199521180559963222e-26 8.857105561896546861e-23 2.855345080185021475e-20 5.283051310830701005e-18 8.376630054628465238e-16 1.093318202866827816e-13 2.055224470167266539e-11 8.090347275196881647e-09 6.463059352397044090e-06
1.900190635451505017e+00 7.024425498319465778e-30 5.610441627677911619e-26 5.462502423980581500e-23 1.787826597632110303e-20 3.372917955746194412e-18 5.487169514987310254e-16 7.397548198712732674e-14 1.458579654374511864e-11 6.229847315734746572e-09 6.065368729255275346e-06
1.913565217391304474e+00 4.260312190131569337e-30 3.421163474256770758e-26 3.367163841763853568e-23 1.118399855586147056e-20 2.150588759535288441e-18 3.588116976071241524e-16 4.994206882308197505e-14 1.032279919838328674e-11 4.780325929148263331e-09 5.686755007457457370e-06
1.926939799331103709e+00 2.590027356761054475e-30 2.090204650230832248e-26 2.078636310761375069e-23 7.003379201033540150e-21 1.371912832375270196e-18 2.346097850649312095e-16 3.369145478234983318e-14 7.294046266449857570e-12 3.657606578193841013e-09 5.326543387605699391e-06
1.940314381270902944e+00 1.578387363037371333e-30 1.279519395621716183e-26 1.285047641000238167e-23 4.389513976628188459e-21 8.754762480264496299e-19 1.533518767611141473e-16 2.270527430874850281e-14 5.144169375862533621e-12 2.790057195686341734e-09 4.984127181732712809e-06
1.953688963210702401e+00 9.633486617382512070e-31 7.841105630629769769e-27 7.949492090725496098e-24 2.751729379292586997e-21 5.585061242028274058e-19 1.001507762714006931e-16 1.527893553119620634e-14 3.619946085271383076e-12 2.121531740089144128e-09 4.658928858605385302e-06
1.967063545150501636e+00 5.883125504204472323e-31 4.806042647176334890e-27 4.916673947238440207e-24 1.724012626294341344e-21 3.559443836744475212e-19 6.531244382669560773e-17 1.026192483398977687e-14 2.541020460136166080e-12 1.607924520954525936e-09 4.350254850439162017e-06
1.980438127090301093e+00 3.599618455838229888e-31 2.950144549087589151e-27 3.044152268564966094e-24 1.080809490068596340e-21 2.268841497452652173e-19 4.257622980867082927e-17 6.885405227688819053e-15 1.780503054331029921e-12 1.215165070542959506e-09 4.057549429648087943e-06
1.993812709030100327e+00 2.210254168640559960e-31 1.816555031448287743e-27 1.889718417721947128e-24 6.789830855943660167e-22 1.448311564377191848e-19 2.777542130000802225e-17 4.619541534100086254e-15 1.246219545514301984e-12 9.160118846341124189e-10 3.780257249085558239e-06
2.007187290969899784e+00 1.358061905631953741e-31 1.118875823593736152e-27 1.172998542335845798e-24 4.263639197927586845e-22 9.237712708307900983e-20 1.809719817069934995e-17 3.094021711588717961e-15 8.702686146688677613e-13 6.883869443337404233e-10 3.517724703102102771e-06
2.020561872909699019e+00 8.347828108984494910e-32 6.891803899816815860e-28 7.278911549929934899e-25 2.675621829533783315e-22 5.886230896215221481e-20 1.177504322544852106e-17 2.068546026535578872e-15 6.063225617958411479e-13 5.157538344069926936e-10 3.269447253166654770e-06
2.033936454849498254e+00 5.145324141262036251e-32 4.254987211708363887e-28 4.525395683704098011e-25 1.681431992971135871e-22 3.753905430003167547e-20 7.663165409842245853e-18 1.382260361996599098e-15 4.218359146672952576e-13 3.853996221601163527e-10 3.034811625812000797e-06
2.047311036789297489e+00 3.181199926428825246e-32 2.634176106250776203e-28 2.820053653891724134e-25 1.058672082794158069e-22 2.397457500994635275e-20 4.991482712806356485e-18 9.238599003732631514e-16 2.932879227739816136e-13 2.874178084088743969e-10 2.813319026543652860e-06
2.060685618729097168e+00 1.967891864269571694e-32 1.631075345798371992e-28 1.757112226339409862e-25 6.662631308624525551e-23 1.529939402521380900e-20 3.247446076238065916e-18 6.165008451041060771e-16 2.034840840946183288e-13 2.137375826566470057e-10 2.604468242458607781e-06
2.074060200668896403e+00 1.219418099645751264e-32 1.011329691037682205e-28 1.095900159318253416e-25 4.195565918062662613e-23 9.764984648164525418e-21 2.112083742720483579e-18 4.110314592929979373e-16 1.409518196715740020e-13 1.585334904547506642e-10 2.407722696715440452e-06
2.087434782608695638e+00 7.571025403263051973e-33 6.280778184680325396e-29 6.843561277472918500e-26 2.644239829522646302e-23 6.235055347510503711e-21 1.373486288270816273e-18 2.738455118190275303e-16 9.749353466978842666e-14 1.172955552019825366e-10 2.222612049153276213e-06
2.100809364548494873e+00 4.707881440313490592e-33 3.905368286972074829e-29 4.277402051620666469e-26 1.667450868016318423e-23 3.981922626903728224e-21 8.929690800839845711e-19 1.823158961589313300e-16 6.734262682850045950e-14 8.658276610211996415e-11 2.048622355978246877e-06
2.114183946488294552e+00 2.932243745683908179e-33 2.431506980431333583e-29 2.676096608444934191e-26 1.052162398131222961e-23 2.543678559626851542e-21 5.804664190851027073e-19 1.212990442036873108e-16 4.645518262996365834e-14 6.376594051143548348e-11 1.885302666576805201e-06
2.127558528428093787e+00 1.831410216580063957e-33 1.517621954806903822e-29 1.677781044205922224e-26 6.650298280362197846e-24 1.626857857499177705e-21 3.775572420542330451e-19 8.069853716131588421e-17 3.201672496954631033e-14 4.686182649019147774e-11 1.732213235271413027e-06
2.140933110367893022e+00 1.144497694421625799e-33 9.474635178286464993e-30 1.051848588638034947e-26 4.202028214540498971e-24 1.039834441364565295e-21 2.453383981537988455e-19 5.361480865912896828e-17 2.202505626324913079e-14 3.435084128467218877e-11 1.588883621126789957e-06
2.154307692307692257e+00 7.157386602651665307e-34 5.917521194472143831e-30 6.595162860186302101e-27 2.654661870066420152e-24 6.643278173824817964e-22 1.592962430144823382e-19 3.557937108977642074e-17 1.512654881792388282e-14 2.512030174272091815e-11 1.454887140104630990e-06
2.167682274247491492e+00 4.495646081181400239e-34 3.711038119311765523e-30 4.150690981823856239e-27 1.682669506648756022e-24 4.256199722712886648e-22 1.036563590523481613e-19 2.364501701559756382e-17 1.039315862210533378e-14 1.834960100335802599e-11 1.329832834214663190e-06
2.181056856187291171e+00 2.826916126562874031e-34 2.329221412855597477e-30 2.613664231362931573e-27 1.066826063336747281e-24 2.726625007286152687e-22 6.741951232782931767e-20 1.569980375915479507e-17 7.130584130054435388e-15 1.337346615621746648e-11 1.213300972333762134e-06
2.194431438127090406e+00 1.778547784835074973e-34 1.462290545397690712e-30 1.645772553107916596e-27 6.761829693355715984e-25 1.745755993755592488e-22 4.381193488817761838e-20 1.041149325055476744e-17 4.883914086299806280e-15 9.723744386946892469e-12 1.104879241010531985e-06
2.207806020066889641e+00 1.120809355582774042e-34 9.192908932520335513e-31 1.037430809899639983e-27 4.289114458266514929e-25 1.118204591905317072e-22 2.847061506628560763e-20 6.901137349558664444e-18 3.341361572233698740e-15 7.055590062652108604e-12 1.004199368888828401e-06
2.221180602006688876e+00 7.084265220294402604e-35 5.795115901454120668e-31 6.555544217520577069e-28 2.726361114229299068e-25 7.174606549289805010e-23 1.852366832731480253e-20 4.577211344157446267e-18 2.285618726437567344e-15 5.112460391567706332e-12 9.108574370569621304e-07
2.234555183946488555e+00 4.483160232654120166e-35 3.656653916366596084e-31 4.145317446454948668e-28 1.733736205924467085e-25 4.603974822198303104e-23 1.204946588950377242e-20 3.034050823077824067e-18 1.561700304770890397e-15 3.697349731856115623e-12 8.245043404196012474e-07
2.247929765886287790e+00 2.839690947877773834e-35 2.308818145050667486e-31 2.622276407695254160e-28 1.102654940071110304e-25 2.953931765351193717e-23 7.834241816572860584e-21 2.009415671971881116e-18 1.065616341251153922e-15 2.668334559467111193e-12 7.447658833585334418e-07
2.261304347826087024e+00 1.803146441590831141e-35 1.461069939257834504e-31 1.662087853351950473e-28 7.024449284972622423e-26 1.897671595605373323e-23 5.097753318983101544e-21 1.331168417911418529e-18 7.267735628566189924e-16 1.922688890707541382e-12 6.712822261279728491e-07
2.274678929765886259e+00 1.146264057720905479e-35 9.254163772014771819e-32 1.054164627871145091e-28 4.476692282127366938e-26 1.219267404238225057e-23 3.316532184899960104e-21 8.813872022421495710e-19 4.951770945532383119e-16 1.382982463796104210e-12 6.037098867110978251e-07
2.288053511705685494e+00 7.303808865487611977e-36 5.873766732037132469e-32 6.698353248263573957e-29 2.857520048169975281e-26 7.843845764561434059e-24 2.159620597463762801e-21 5.838389624962242080e-19 3.373194597169077734e-16 9.935935897987527554e-13 5.417354197588739546e-07
2.301428093645485173e+00 4.663189040438591432e-36 3.734846223304993592e-32 4.262810300277285120e-29 1.826283563768876298e-26 5.050859108251468499e-24 1.407034930751581258e-21 3.867684121179800266e-19 2.296556085928399950e-16 7.127525790324796766e-13 4.850108869379239346e-07
2.314802675585284408e+00 2.980782814796354028e-36 2.377080577032365172e-32 2.714795212776022828e-29 1.167759238920655548e-26 3.253038107270623183e-24 9.165995643554213608e-22 2.560909434458720692e-19 1.561992009412016064e-16 5.103894044436542023e-13 4.331976394112720298e-07
2.328177257525083643e+00 1.906890550138280279e-36 1.513775666754909296e-32 1.729517828551982412e-29 7.467664474634369679e-27 2.094840762870802690e-24 5.968519979283003989e-22 1.694364383086665837e-19 1.061106323302923383e-16 3.647989886510294376e-13 3.860085844649522654e-07
2.341551839464882878e+00 1.222960211756045872e-36 9.662458688756402825e-33 1.104134854488302434e-29 4.784229527904218562e-27 1.351062150042704606e-24 3.890903088485233608e-22 1.121802398683207248e-19 7.208637153414369608e-17 2.604759545425616434e-13 3.431163767656040180e-07
2.354926421404682113e+00 7.860845254511575177e-37 6.180231689605522692e-33 7.061765605720115463e-30 3.069884567315413359e-27 8.724716827785254131e-25 2.538768512424889003e-22 7.430528339592304451e-20 4.896303173233761856e-17 1.857705967963919584e-13 3.042497180135882323e-07
2.368301003344481792e+00 5.057015114956345201e-37 3.955442760522788554e-33 4.518394959025710887e-30 1.970229588482456710e-27 5.633901018062938400e-25 1.655990227492744142e-22 4.918674500975434474e-20 3.322187443814293710e-17 1.322652000432524298e-13 2.691236353016167538e-07
2.381675585284281027e+00 3.255511051148148785e-37 2.532729924550692636e-33 2.891784999014367161e-30 1.264533915351484168e-27 3.637371409675847651e-25 1.079691569635820931e-22 3.253532830580706539e-20 2.251571487108909165e-17 9.400549980221806627e-14 2.374454507560677075e-07
2.395050167224080262e+00 2.102226074663281685e-37 1.626501163167288685e-33 1.855796324027265793e-30 8.136123706708923426e-28 2.353455416194250454e-25 7.051979116298828098e-23 2.154875990535760595e-20 1.526887693027100778e-17 6.677856973727170483e-14 2.089719786284010113e-07
2.408424749163879497e+00 1.360299343637801618e-37 1.046501389966156867e-33 1.192966447239194098e-30 5.242541175316678148e-28 1.524578075591232353e-25 4.610091528841089553e-23 1.427941094729295082e-20 1.035410990130243126e-17 4.739369650490436798e-14 1.834384506775280713e-07
2.421799331103679176e+00 8.808871187980516918e-38 6.736993721563567854e-34 7.671495035323598742e-31 3.378568447988390105e-28 9.875660403263116412e-26 3.012812751925520153e-23 9.456671180514389246e-21 7.014396932425552531e-18 3.358263518796350293e-14 1.606089715813494760e-07
2.435173913043478411e+00 5.713715180303752196e-38 4.343419528873874298e-34 4.939548178129550554e-31 2.179644579278868641e-28 6.402310540304250449e-26 1.969955257916780006e-23 6.263687753602595512e-21 4.750192157508269723e-18 2.376873828344927781e-14 1.402624912489294538e-07
2.448548494983277646e+00 3.711272524788915255e-38 2.803683843928097639e-34 3.183785261015728856e-31 1.407336751260156905e-28 4.153018936677381396e-26 1.288463408710600473e-23 4.148635066169024288e-21 3.215205558513592066e-18 1.680152110751681173e-14 1.221682129038996562e-07
2.461923076923076881e+00 2.415538508339542521e-38 1.813200167866714916e-34 2.055612671276080910e-31 9.100459002299588126e-29 2.697375029074548758e-26 8.435495856868051479e-24 2.749467954643813728e-21 2.176468171249692190e-18 1.186776807128641788e-14 1.061304371100163930e-07
2.475297658862876116e+00 1.574321664638538270e-38 1.174025961576369591e-34 1.328541786637391694e-31 5.889524772015508989e-29 1.752970400430972995e-26 5.524449029987247852e-24 1.822193810102596549e-21 1.472670929044994503e-18 8.373176461170446295e-15 9.195225815972249945e-08
2.488672240802675795e+00 1.027973068822325299e-38 7.614826712260950153e-35 8.599743422298720973e-32 3.816687966168212530e-29 1.140494654208161566e-26 3.620943629006870835e-24 1.208190983264179573e-21 9.963849403007014676e-19 5.902222346902976519e-15 7.945599021843354171e-08
2.502046822742475030e+00 6.718560365129648231e-39 4.942743782967378038e-35 5.569844948282777498e-32 2.474351958851193704e-29 7.421561246581452460e-27 2.373224720623056242e-24 8.008426096925486805e-22 6.736949582405174229e-19 4.155360109486105753e-15 6.848199286527089157e-08
2.515421404682274265e+00 4.397945243413652097e-39 3.212811165047602854e-35 3.611896710923210576e-32 1.605801107118854911e-29 4.833523133798681985e-27 1.556377858760992419e-24 5.309946656075859909e-22 4.554590231858912776e-19 2.923144309208442787e-15 5.886614806393204180e-08
2.528795986622073499e+00 2.887354129236020961e-39 2.094333426354284618e-35 2.348602087295699359e-32 1.044770158843192708e-29 3.155174792698106466e-27 1.022678743031473117e-24 3.526139718341026657e-22 3.081998287296288417e-19 2.056072836370936697e-15 5.046775542138429681e-08
2.542170568561873178e+00 1.897373619503458602e-39 1.366272160425664194e-35 1.528064443745336028e-32 6.800373783091661803e-30 2.060077042556743509e-27 6.719949417671669537e-25 2.340978866395599353e-22 2.084231287091885738e-19 1.444454924680923645e-15 4.315193591235087787e-08
2.555545150501672413e+00 1.247778131540477970e-39 8.918362581365255297e-36 9.946196498075489021e-33 4.427454216767466980e-30 1.345157530106862409e-27 4.414989485827418116e-25 1.553551631555298130e-22 1.408454803153477691e-19 1.013487830533916269e-15 3.679750007502282892e-08
2.568919732441471648e+00 8.218383732944458091e-40 5.829620575233596422e-36 6.482062286989011887e-33 2.885635724993887709e-30 8.791072508410902722e-28 2.902448171875988048e-25 1.031323579868288347e-22 9.516907390462127250e-20 7.105415453131244551e-16 3.129902429784035783e-08
2.582294314381270883e+00 5.427148445522627021e-40 3.820307441091116446e-36 4.234641246699514202e-33 1.884966474987331625e-30 5.756954611231964387e-28 1.911434241197909342e-25 6.855974552844409604e-23 6.436085971591924801e-20 4.981226643807707245e-16 2.655227541206006857e-08
2.595668896321070118e+00 3.587140236503284284e-40 2.505415305213528372e-36 2.768058592665729141e-33 1.231830822852591349e-30 3.770965490663070731e-28 1.258846455422569115e-25 4.556767169507204627e-23 4.350255667766108458e-20 3.488291706100464924e-16 2.246587981914765179e-08
2.609043478260869797e+00 2.373513658595629807e-40 1.644621567745067293e-36 1.810812382940097862e-33 8.055057465721617429e-31 2.471180986417540709e-28 8.292482624252354817e-26 3.028530521618179753e-23 2.939266793645627091e-20 2.440433161452373608e-16 1.895862835226646930e-08
2.622418060200669032e+00 1.573585892558293641e-40 1.081599967804869497e-36 1.186671260409864848e-33 5.275669526462092165e-31 1.621680895568630611e-28 5.468890166095160401e-26 2.014549784806864534e-23 1.986736465922110986e-20 1.706752980335976728e-16 1.595761288693244259e-08
2.635792642140468267e+00 1.044918676297081791e-40 7.123722815273066324e-37 7.786943516929054364e-34 3.459395887607816703e-31 1.065281194373541362e-28 3.609597278452251592e-26 1.340777427793436689e-23 1.343112203758345845e-20 1.193090197429772487e-16 1.339870462514144156e-08
2.649167224080267502e+00 6.949829349702558848e-41 4.698940295871932881e-37 5.116815870033996887e-34 2.271196951262162083e-31 7.005177537801250057e-29 2.384401162119329209e-26 8.928534123348886682e-24 9.081544305953069943e-21 8.336134483032000510e-17 1.122142300008066586e-08
2.662541806020067181e+00 4.629891541088688951e-41 3.104262518426008908e-37 3.367022050591632832e-34 1.493000989716429210e-31 4.611566990157434507e-29 1.576437190435855225e-26 5.949207886397240991e-24 6.141645845906389212e-21 5.821499972743689721e-17 9.373897790370036706e-09
2.675916387959866416e+00 3.087435128730019894e-41 2.052531037164870838e-37 2.217200962432417023e-34 9.820088145827927920e-32 3.037090420701390637e-29 1.042484742327238883e-26 3.964008155606452789e-24 4.152084431721466282e-21 4.061924112697235532e-17 7.810821723744048095e-09
2.689290969899665651e+00 2.060691650615944235e-41 1.358157812965516390e-37 1.460942795115458501e-34 6.462153859627645446e-32 2.000804386492234435e-29 6.894749794183424946e-27 2.641007610723950970e-24 2.805901408022400211e-21 2.831603932973996377e-17 6.491755895924918972e-09
2.702665551839464886e+00 1.378854756245003665e-41 9.009104470422144534e-38 9.649216208679287181e-35 4.262005403069989154e-32 1.320847626262021075e-29 4.568450946460358827e-27 1.762290884603034104e-24 1.898256872819893512e-21 1.974532705222624341e-17 5.382922737310393766e-09
2.716040133779264121e+00 9.238413048308747124e-42 5.983328260005935367e-38 6.380129574968826612e-35 2.813658434190395240e-32 8.726767312233312328e-30 3.028913812108046320e-27 1.176384268840997381e-24 1.284252734204632362e-21 1.376119054147939072e-17 4.452568573169809563e-09
2.729414715719063800e+00 6.195467215551229871e-42 3.976925178545826761e-38 4.221377044182961236e-35 1.858476964253759607e-32 5.767894254904761869e-30 2.008584663207270752e-27 7.852614540330087531e-25 8.685798384794003288e-22 9.582900833088909624e-18 3.673852836498298299e-09
2.742789297658863035e+00 4.160459872332675232e-42 2.646634305790258967e-38 2.796197295075268020e-35 1.228782494174772852e-32 3.815474832275076358e-30 1.332852746646955770e-27 5.244136896155181238e-25 5.875275759451352850e-22 6.670646382151179002e-18 3.024311374155747513e-09
2.756163879598662270e+00 2.799986543280589838e-42 1.765117075155536173e-38 1.856009575416304982e-35 8.140331205557087343e-33 2.528498422051391942e-30 8.858620194676382900e-28 3.506767487335440014e-25 3.977752348558601900e-22 4.644165343269388251e-18 2.483750049203488189e-09
2.769538461538461505e+00 1.887170280938578344e-42 1.178841914189484115e-38 1.233528183297793849e-35 5.398994228775434519e-33 1.677328310570449677e-30 5.892678279919638071e-28 2.346421670015499720e-25 2.693838285802583811e-22 3.232426147931549793e-18 2.035180357006815467e-09
2.782913043478261184e+00 1.273078957202903588e-42 7.879047705528204263e-39 8.203523159679515294e-36 3.582702911755028128e-33 1.113114552505133974e-30 3.920611441652776954e-28 1.570056951403669043e-25 1.823884338742777284e-22 2.248260596275666201e-18 1.663780738506455513e-09
2.796287625418060419e+00 8.599878943688968623e-43 5.272928682967105276e-39 5.462223358140831207e-36 2.379996177736144622e-33 7.393811947065959345e-31 2.610501139236226956e-28 1.051131408572292180e-25 1.235128348214226290e-22 1.563174584191332661e-18 1.356980541057477754e-09
2.809662207357859653e+00 5.816427666244380904e-43 3.532787604737142383e-39 3.640662710446587125e-36 1.582460080017096034e-33 4.915058176101000389e-31 1.739209643642108399e-28 7.039904476090094170e-26 8.364968500738651741e-23 1.086385205521104506e-18 1.104271843316908726e-09
2.823036789297658888e+00 3.940964458959418132e-43 2.371067440981056702e-39 2.430620916150795191e-36 1.053828062220138121e-33 3.271988519920410825e-31 1.160182875454196296e-28 4.719817380851306944e-26 5.669128959368923299e-23 7.550837484244614909e-19 8.966465397662007021e-10
2.836411371237458123e+00 2.673278134571991650e-43 1.593037062387462450e-39 1.624294806437231722e-36 7.023737562273198976e-34 2.179713994761428815e-31 7.743466292692146008e-29 3.165432808693111947e-26 3.842330013943208273e-23 5.245945321908844817e-19 7.264612819434192900e-10
2.849785953177257802e+00 1.816221382833642592e-43 1.071921864510190386e-39 1.087001897802886573e-36 4.687478546191899284e-34 1.453798471215372469e-31 5.173561342204493297e-29 2.124693189567477476e-26 2.605515775669663720e-23 3.644506437513384036e-19 5.873685019765285800e-10
2.863160535117057037e+00 1.235308196520176574e-43 7.220073239422834813e-40 7.281023221646040206e-37 3.130825040678376166e-34 9.702924451749612364e-32 3.458364868516503265e-29 1.426613304916353763e-26 1.766948781068226746e-23 2.530971232312083967e-19 4.738814601040837347e-10
2.876535117056856272e+00 8.414747353901018392e-44 4.870271938015745900e-40 4.883733449817066573e-37 2.093786490065977217e-34 6.483388425344390531e-32 2.314111662728803492e-29 9.586549068795742187e-27 1.198866035625785573e-23 1.757616172991274599e-19 3.815367677251456186e-10
2.889909698996655507e+00 5.742494500044014993e-44 3.291172897317100468e-40 3.281504634664320510e-37 1.402589692177128641e-34 4.338857303051580952e-32 1.550604760724694482e-29 6.449529633576928075e-27 8.141061783345618827e-24 1.220845794579078781e-19 3.065594986425472115e-10
2.903284280936454742e+00 3.922365901115427805e-44 2.225839370813620272e-40 2.206456496919845850e-37 9.401203380935643021e-35 2.905033412549867685e-32 1.039340309829105570e-29 4.339698000335354346e-27 5.527789229936032096e-24 8.475783128933606373e-20 2.457995176153912202e-10
2.916658862876254421e+00 2.681764255078323814e-44 1.506668444372802069e-40 1.484749305358387431e-37 6.305573479355575653e-35 1.946091734137020447e-32 6.969299013592207299e-30 2.920741700712098817e-27 3.753372064807556169e-24 5.882037196704128429e-20 1.966989651920509627e-10
2.930033444816053656e+00 1.836125048338705875e-44 1.021247842142551233e-40 1.000392270594807499e-37 4.234349352569926897e-35 1.305111972517507238e-32 4.677657675110094586e-30 1.967218751049582761e-27 2.549721407217742764e-24 4.081829170005326207e-20 1.570897351568564818e-10
2.943408026755852891e+00 1.259450640372282163e-44 6.934797644156886737e-41 6.752335652871426034e-38 2.848272949177349292e-35 8.766358137866634843e-33 3.144062955479342397e-30 1.326635508981506121e-27 1.733691760839080106e-24 2.833673274359233510e-20 1.252257918918931720e-10
2.956782608695652126e+00 8.646413121060030789e-45 4.712736614093890037e-41 4.560716866788413674e-38 1.917026770865126645e-35 5.891058714280585154e-33 2.113965053626918377e-30 8.947966781645753045e-28 1.178758260643980678e-24 1.966298321557833904e-20 9.962689922072792099e-11
2.970157190635451805e+00 5.944137175671308131e-45 3.206921086048875087e-41 3.084303925306374200e-38 1.291761474944898690e-35 3.963046864467471156e-33 1.422678612241930832e-30 6.039832642780616601e-28 8.018496897138057547e-25 1.364471240333556822e-20 7.911231200655535680e-11
2.983531772575251040e+00 4.092501320913575281e-45 2.185385661869652875e-41 2.088697228277037558e-38 8.715531946141404267e-36 2.669176637380978973e-33 9.584504302505673264e-31 4.080428950955826708e-28 5.457969294351179792e-25 9.470091449775769207e-21 6.271713386553093877e-11
2.996906354515050275e+00 2.821717837177461535e-45 1.491344710320104074e-41 1.416376635641885426e-38 5.887855142608498236e-36 1.799841311854402841e-33 6.463741889178568239e-31 2.759079586979399132e-28 3.717344807808306773e-25 6.573573907802893136e-21 4.962949522642796838e-11
3.010280936454849510e+00 1.947707685614929128e-45 1.018797367809453395e-41 9.614131729847422885e-39 3.981177455504811003e-36 1.214614239174506894e-33 4.362042790047874214e-31 1.866573888696234262e-28 2.532529801730772730e-25 4.562352768661106099e-21 3.920067012121128266e-11
3.023655518394648745e+00 1.346148895832006810e-45 6.968503627229353117e-42 6.533671867237756742e-39 2.694938498646183793e-36 8.205096629008607865e-34 2.946333298150109669e-31 1.263692990761585682e-28 1.726171723883390371e-25 3.166585692870199914e-21 3.090918890097180803e-11
3.037030100334448424e+00 9.311732751390405671e-46 4.770100578738590393e-42 4.443300306479418381e-39 1.825361712490295685e-36 5.545592738863219234e-34 1.990852508296281939e-31 8.557334309098007138e-29 1.176576076135654634e-25 2.197044146330358981e-21 2.432579985425637610e-11
3.050404682274247659e+00 6.449958326400619317e-46 3.269482374398469751e-42 3.025424790369280541e-39 1.237786455587539620e-36 3.752034688196084893e-34 1.346473939026931822e-31 5.799250339437169761e-29 8.024093538964031595e-26 1.524604820753070451e-21 1.911570503521403822e-11
3.063779264214046893e+00 4.474803088287552090e-46 2.244497397736802498e-42 2.063195211147155282e-39 8.406018838542383872e-37 2.542127375711991425e-34 9.118359846122953140e-32 3.934552143399604977e-29 5.477101141661659883e-26 1.058393310976673562e-21 1.499720983806601002e-11
3.077153846153846128e+00 3.107793161674588677e-46 1.542406381386913928e-42 1.408335304393589068e-39 5.713653450510381999e-37 1.723720963020310376e-34 6.179081050809597176e-32 2.670814067527479749e-29 3.739687422419207864e-26 7.346798299064714929e-22 1.174578271898199530e-11
3.090528428093645807e+00 2.161159070425041192e-46 1.061244313282231555e-42 9.624589793123285326e-40 3.887908956143002304e-37 1.169975067097265950e-34 4.191035418026395101e-32 1.814345166170264091e-29 2.554782186381095616e-26 5.100532712315170517e-22 9.185192188965857762e-12
3.103903010033445042e+00 1.504209411815841655e-46 7.307912730709130481e-43 6.582484120732542451e-40 2.647377687248967339e-37 7.945922120236344966e-35 2.843985550930517146e-32 1.232946338644203006e-29 1.745545349694309585e-26 3.540265183843021537e-22 7.170495662235014742e-12
3.117277591973244277e+00 1.048964534472373542e-46 5.042051953157215398e-43 4.510491122956221452e-40 1.806017202332976386e-37 5.406135060919789835e-35 1.933133464390471767e-32 8.391358789149078790e-30 1.194172686013618671e-26 2.459317003621574377e-22 5.590717381713829951e-12
3.130652173913043512e+00 7.322510887452647303e-47 3.482137867292299313e-43 3.093537444989922544e-40 1.233087840839116215e-37 3.680936102362271723e-35 1.314854831924430817e-32 5.714040373204789697e-30 8.172195502458638331e-27 1.708342351106255974e-22 4.352250445166032449e-12
3.144026755852842747e+00 5.115815551102786727e-47 2.406657993809560130e-43 2.123181296406445233e-40 8.424292926228034710e-38 2.507604213843076107e-35 8.946972925001374152e-33 3.892060308509753448e-30 5.593092762542909511e-27 1.186401655159895422e-22 3.382498888647980419e-12
3.157401337792642426e+00 3.578384588252488716e-47 1.665270497736874450e-43 1.458809308154130598e-40 5.761358424615526079e-38 1.709924916855200785e-35 6.093212534900863878e-33 2.652954274556630158e-30 3.829930540606392799e-27 8.240528801297166447e-23 2.625083589071374178e-12
3.170775919732441661e+00 2.505683492018265935e-47 1.153477167231269602e-43 1.003328396212753453e-40 3.943873836791776886e-38 1.166993101700530571e-35 4.152841804210853941e-33 1.809472041209729161e-30 2.623700385116567523e-27 5.724058520773792730e-23 2.034156878705853257e-12
3.184150501672240896e+00 1.757089919912351906e-47 8.001166257078367700e-44 6.910195310465980905e-41 2.703333970661987593e-38 7.974555567177162009e-36 2.833665354686480153e-33 1.235441456246892916e-30 1.798865419894343047e-27 3.977896437335719498e-23 1.574307564007607136e-12
3.197525083612040131e+00 1.233711645239581531e-47 5.556956876989324305e-44 4.764937447221922260e-41 1.855114304819094738e-38 5.455151712367171960e-36 1.935402698347985223e-33 8.442235640744649970e-31 1.234139542146635175e-27 2.765231142087659873e-23 1.216864194081888373e-12
3.210899665551839366e+00 8.671813852894253026e-48 3.863571107220593661e-44 3.289087854139243737e-41 1.274294977096940443e-38 3.735125334853085098e-36 1.322972928713355692e-33 5.772922619712083223e-31 8.471275059094402618e-28 1.922529996256297863e-23 9.392101171737413678e-13
3.224274247491639045e+00 6.101461645868653558e-48 2.688717389499431095e-44 2.272329129006064203e-41 8.760257884664608095e-39 2.559272865672745512e-36 9.049006733641807590e-34 3.949593642195350520e-31 5.816687307611681323e-28 1.336672580879422083e-23 7.239588132319099422e-13
3.237648829431438280e+00 4.298442301290315637e-48 1.873502525432351432e-44 1.571842991464528582e-41 6.029586809022397521e-39 1.755597930970715574e-36 6.195972447722320537e-34 2.704676203692546142e-31 3.996909728322968179e-28 9.296901200415329760e-24 5.573107055049103777e-13
3.251023411371237515e+00 3.032073184182338775e-48 1.307100018666604551e-44 1.088624281811705308e-41 4.154973905546283279e-39 1.205634465016798139e-36 4.246799180306289666e-34 1.853834935586353647e-31 2.748438773144159879e-28 6.468683227712721992e-24 4.285065445926050094e-13
3.264397993311036750e+00 2.141046320800374110e-48 9.128532546188484440e-45 7.546754305836841639e-42 2.865727249238989435e-39 8.286283115999789424e-37 2.912910621632804832e-34 1.271424549347794392e-31 1.890769498557649452e-28 4.501489314069101212e-24 3.290841446665597055e-13
3.277772575250836429e+00 1.512973905117571874e-48 6.379582025405242253e-45 5.235013148847985832e-42 1.977651647537091673e-39 5.697974712346583966e-37 1.998800234572464283e-34 8.722437684441151205e-32 1.300906821647470210e-28 3.132013862387045399e-24 2.523647674517621655e-13
3.291147157190635664e+00 1.070611331805866838e-48 4.464542824778852410e-45 3.636285862364400599e-42 1.366563134211290728e-39 3.923025388759821555e-37 1.373142995309222523e-34 5.990195829647684151e-32 8.958438375890201061e-29 2.180334968331321904e-24 1.933285279527593059e-13
3.304521739130434899e+00 7.583983101425936254e-49 3.127666988674004326e-45 2.528384472071129872e-42 9.452242477581003957e-40 2.703465460222501463e-37 9.441160586508104762e-35 4.116803009730994007e-32 6.172483291147405429e-29 1.518188201876920512e-24 1.479220151612491889e-13
3.317896321070234134e+00 5.378706409146017486e-49 2.193682087644755937e-45 1.760048394976929451e-42 6.545115461127731860e-40 1.864971944513893915e-37 6.497582442853296182e-35 2.831717389792961041e-32 4.255847055575084804e-29 1.057527036987499193e-24 1.130545417283713837e-13
3.331270903010033368e+00 3.819567153967904935e-49 1.540543617799195427e-45 1.226698065548205179e-42 4.537438692985382124e-40 1.287977836333175483e-37 4.476387258443715602e-35 1.949592295918701198e-32 2.936609194046564780e-29 7.369920150316184026e-25 8.632539862768151882e-14
3.344645484949833047e+00 2.714553289955116534e-49 1.082705426472730160e-45 8.555975262612392397e-43 3.147759345041430515e-40 8.900511247528262612e-38 3.085593876359589489e-35 1.342851350041308623e-32 2.026877811429892984e-29 5.136056910339931348e-25 6.582997963963114690e-14
3.358020066889632282e+00 1.931814140842729295e-49 7.619579449895921450e-46 5.975552454960731780e-43 2.186525407581172805e-40 6.158319933696493096e-38 2.129409291947835596e-35 9.259296926280254058e-33 1.400246242152059146e-29 3.581431889936665751e-25 5.015488597961085838e-14
3.371394648829431517e+00 1.375979833906950076e-49 5.366800832607029885e-46 4.176672117692734231e-43 1.519945641979916099e-40 4.263853935432383956e-38 1.470405541098538907e-35 6.387663154146373099e-33 9.676759023348084945e-30 2.497561440757928184e-25 3.816935220152540423e-14
3.384769230769230752e+00 9.809927526479224074e-50 3.783568318764825757e-46 2.921945110679670230e-43 1.057483204033302938e-40 2.954547420063691348e-38 1.016088845810032119e-35 4.409408207639073590e-33 6.690571034920835078e-30 1.742043152172627579e-25 2.901442854048589599e-14
3.398143812709030431e+00 7.002870191587888881e-50 2.670765528582897686e-46 2.046665561236608076e-43 7.366014420782930057e-41 2.049597384144339670e-38 7.028822730298067409e-36 3.046725390532021469e-33 4.629641967768496141e-30 1.215727159843318559e-25 2.203837027515630564e-14
3.411518394648829666e+00 5.003318876191700245e-50 1.886839904840114242e-46 1.434742702807465346e-43 5.134834822681567347e-41 1.422846347781014750e-38 4.865350119957918313e-36 2.106327420852953591e-33 3.204843457183410246e-30 8.485327590702011447e-26 1.672041302609380072e-14
3.424892976588628901e+00 3.578800346251755256e-50 1.334546553482806395e-46 1.006917927805829836e-43 3.583443251571424440e-41 9.887996865895186672e-39 3.371150324418756506e-36 1.457510591497073015e-33 2.220216854333217569e-30 5.925244320650874792e-26 1.267385953486382811e-14
3.438267558528428136e+00 2.562959129014680775e-50 9.450468135559440650e-47 7.074962579068095479e-44 2.503621614124612253e-41 6.879094647642405921e-39 2.338219130799723015e-36 1.009488747745098302e-33 1.539310147134112893e-30 4.139712356022993130e-26 9.599242686376861721e-15
3.451642140468227371e+00 1.836679131408853711e-50 6.696504717618086197e-47 4.974083313892085806e-44 1.750152381950178244e-41 4.788164017459400975e-39 1.622466503538853838e-36 6.994153120662429557e-34 1.067433345908376941e-30 2.892074835168470076e-26 7.261830465739438595e-15
3.465016722408027050e+00 1.318125915158260553e-50 4.752019926650705038e-47 3.502121453876268424e-44 1.225180362455172080e-41 3.337377246173388685e-39 1.127295865275654050e-36 4.851807654447805239e-34 7.410210109158687785e-31 2.022130212061650143e-26 5.490563872606685070e-15
3.478391304347826285e+00 9.469163315952454335e-51 3.375536236286744580e-47 2.468192665372335227e-44 8.585056922806342190e-42 2.328325294582789826e-39 7.839287633209874882e-37 3.368313198560127380e-34 5.147553886717769497e-31 1.414399401611829660e-26 4.147407295927968413e-15
3.491765886287625520e+00 6.807739174086038542e-51 2.399576520990064157e-47 1.740764550102350872e-44 6.019793534897727707e-42 1.625380187439652780e-39 5.454550792829085742e-37 2.339525478187054499e-34 3.577014241115789944e-31 9.894192590091065191e-27 3.129625560153069727e-15
3.505140468227424755e+00 4.899426601649483129e-51 1.707534646429322744e-47 1.228939851645137931e-44 4.225053799899957965e-42 1.135681595103417371e-39 3.798419434868491305e-37 1.626177482730200237e-34 2.487191672620522243e-31 6.923973070173754992e-27 2.359838290355245380e-15
3.518515050167224434e+00 3.528382993719405384e-51 1.215859280902526879e-47 8.681331647182814177e-45 2.967090461863728770e-42 7.939342571995375415e-40 2.646334829721408048e-37 1.130758020731338434e-34 1.729830185277800427e-31 4.845443857576740309e-27 1.777476378906161232e-15
3.531889632107023669e+00 2.545150509742880681e-51 8.672022402749595063e-48 6.142840686418447878e-45 2.087143649528949318e-42 5.559351181493975834e-40 1.846621248682848288e-37 7.874648926287432164e-35 1.204765653630725074e-31 3.394719368750666237e-27 1.338410438829978573e-15
3.545264214046822904e+00 1.837394386935775880e-51 6.190235921349031439e-48 4.350046191548124389e-45 1.469274228376747174e-42 3.895604394538567994e-40 1.289427631441456345e-37 5.487128635120626449e-35 8.394604540900824226e-32 2.378868009580545748e-27 1.006857765197279286e-15
3.558638795986622139e+00 1.327451533218173668e-51 4.422008180654185362e-48 3.082731875852566735e-45 1.035041607698157424e-42 2.731569557660530356e-40 9.009028612093780645e-38 3.825495677930656996e-35 5.851586753010076079e-32 1.667294504868742591e-27 7.567109951091567956e-16
3.572013377926421374e+00 9.601531136727631395e-52 3.162559332242238108e-48 2.187146600401004197e-45 7.299637121893832224e-43 1.917437852060826831e-40 6.300957691841985092e-38 2.669596280423339162e-35 4.082355600738151085e-32 1.169284632276669381e-27 5.684004086319694007e-16
3.585387959866221053e+00 6.947762657930217576e-52 2.262728070807099607e-48 1.552321904779833392e-45 5.149799538599322476e-43 1.346343070871024344e-40 4.407924730452222189e-38 1.863240286603115353e-35 2.848145091915139933e-32 8.198773366531744771e-28 4.264443400534914163e-16
3.598762541806020288e+00 5.035023798655422060e-52 1.621437537438601859e-48 1.103490567053264484e-45 3.638835520859273169e-43 9.468168281554107623e-41 3.088314188573678689e-38 1.302342002625952817e-35 1.989743625760303974e-32 5.755150249849977417e-28 3.198467325587417457e-16
3.612137123745819522e+00 3.651837105908255839e-52 1.162849658618143628e-48 7.850645164846144962e-46 2.573200912961305972e-43 6.663457920892652380e-41 2.165258342719865224e-38 9.108601082122976092e-36 1.390765038907454190e-32 4.041039591738471146e-28 2.397030812506635478e-16
3.625511705685618757e+00 2.649775286776585610e-52 8.343188945688086782e-49 5.587508534087815071e-46 1.820320386236317249e-43 4.691141844680705225e-41 1.518515554356235908e-38 6.371892466037341647e-36 9.721922694505149849e-33 2.837147468764210123e-28 1.794396029568621969e-16
3.638886287625418436e+00 1.924782080404291744e-52 5.992800875438319220e-49 3.981283597292908459e-46 1.289168204417460099e-43 3.306240442755958681e-41 1.066074366573027080e-38 4.461869011402239142e-36 6.801989223381699104e-33 1.993256456842905855e-28 1.342551162946167926e-16
3.652260869565217671e+00 1.398756216900200393e-52 4.306477195394440348e-49 2.838051451730444576e-46 9.133885753079946629e-44 2.331102072770579442e-41 7.486979306493300487e-39 3.125272640619149365e-36 4.759882333406977255e-33 1.400332481854534670e-28 1.003370679705871016e-16
3.665635451505016906e+00 1.017558648678928048e-52 3.098147011438249977e-49 2.025442938971456139e-46 6.479021406281089740e-44 1.645483299539651393e-41 5.264048173062118887e-39 2.191448525596954950e-36 3.334154993515209715e-33 9.845385594958377523e-29 7.494395463666001634e-17
3.679010033444816141e+00 7.407688184297266895e-53 2.230543924644758027e-49 1.446630587566944061e-46 4.599403840498881569e-44 1.162405097805121540e-41 3.703826633803697585e-39 1.537690013162967518e-36 2.336830838469151750e-33 6.924650512966761587e-29 5.593026954699454639e-17
3.692384615384615376e+00 5.394016012325317392e-53 1.606346967358704509e-49 1.033515700373371541e-46 3.265957478762764778e-44 8.213489070688000530e-42 2.606573659597972409e-39 1.079119206709312805e-36 1.637907984034702431e-33 4.869682778133425298e-29 4.169019863869457402e-17
3.705759197324415055e+00 3.930414008683217669e-53 1.157732587349876934e-49 7.389940511064802148e-47 2.321111792884528793e-44 5.808682626018500585e-42 1.835959863765351519e-39 7.579261331077421171e-37 1.148869685542606353e-33 3.426357291557787724e-29 3.104869789303624645e-17
3.719133779264214290e+00 2.863691909249453729e-53 8.343835285505637279e-50 5.284025115163684598e-47 1.649620715836052156e-44 4.107954293505777168e-42 1.293130026987808472e-39 5.322910636344867056e-37 8.057089266926863284e-34 2.409954878921414112e-29 2.308873124525946984e-17
3.732508361204013525e+00 2.086861146955532223e-53 6.015243614693097424e-50 3.779617389048504992e-47 1.172862472654517367e-44 2.906397489735754299e-42 9.111708611594320224e-40 3.739694160943735375e-37 5.652179313254304019e-34 1.695236918527918381e-29 1.714744558372475404e-17
3.745882943143812760e+00 1.520419902380225534e-53 4.336153012398005290e-50 2.703532318955399577e-47 8.339366464002703754e-45 2.056455315354326384e-42 6.420875448495735419e-40 2.627542173292334533e-37 3.965055027688753947e-34 1.192237536752350713e-29 1.271375566670357048e-17
3.759257525083611995e+00 1.106792625778667095e-53 3.123477322307680484e-50 1.932527189523690751e-47 5.925765036462018370e-45 1.454169238229638910e-42 4.521861625109099273e-40 1.844925417567114797e-37 2.779499141297599688e-34 8.377263457640363160e-30 9.405981003132311563e-18
3.772632107023411674e+00 8.052546770949845645e-54 2.249217844832727980e-50 1.381151120935566218e-47 4.210362065161981546e-45 1.028259836227830980e-42 3.184557459308817337e-40 1.295442963111960386e-37 1.948371937377297933e-34 5.884975368614392188e-30 6.945095161791559342e-18
3.786006688963210909e+00 5.848283436340872864e-54 1.617078889204308898e-50 9.856280737150260638e-48 2.987330595454552214e-45 7.261068141313068048e-43 2.239757653116493362e-40 9.083966639290682763e-38 1.363866478236899532e-34 4.127675165399877859e-30 5.112360933679809284e-18
3.799381270903010144e+00 4.237309360344794779e-54 1.160100758775193443e-50 7.019637048790258784e-48 2.115541624845813465e-45 5.118042255576391660e-43 1.572455144340555787e-40 6.358623211089513648e-38 9.529820150297657528e-35 2.889367445280361331e-30 3.749533763703022419e-18
3.812755852842809379e+00 3.061495431552640340e-54 8.301711863643940636e-51 4.987806425902380189e-48 1.494909019682373082e-45 3.600043503381416428e-43 1.101763327901090154e-40 4.442206047860232518e-38 6.645624683476715265e-35 2.018186228448831144e-30 2.738817237675740548e-18
3.826130434782609058e+00 2.201629691230846821e-54 5.914522084745567631e-51 3.529077834071244615e-48 1.052008570574670837e-45 2.522104932617336421e-43 7.689144038387463209e-41 3.091197593042756943e-38 4.616042185043662336e-35 1.403889912182933342e-30 1.988927464631879613e-18
3.839505016722408293e+00 1.574365163742016478e-54 4.191516791349027589e-51 2.484375633304297823e-48 7.367255699335684790e-46 1.758573318684255764e-43 5.341402804044690775e-41 2.141260134640766332e-38 3.191677836049685684e-35 9.719601965029871250e-31 1.434576213403377216e-18
3.852879598662207528e+00 1.117290130917557323e-54 2.949035494999925991e-51 1.736770992810576071e-48 5.124425368050019645e-46 1.218081412864311749e-43 3.686398524770040580e-41 1.473715511325402329e-38 2.192682457401429037e-35 6.685045077148335562e-31 1.025794084642210760e-18
3.866254180602006763e+00 7.847312678348328388e-55 2.054204631123485265e-51 1.202368580833172799e-48 3.530538774576241404e-46 8.358284542132025585e-44 2.520743669096721962e-41 1.005015354651727471e-38 1.492646899382361740e-35 4.555357973831706870e-31 7.252059055236882501e-19
3.879628762541805997e+00 5.436950969453652455e-55 1.412123969792788386e-51 8.217385439185653161e-49 2.401827559915862813e-46 5.664311161614032265e-44 1.702600994066987150e-41 6.770750862053718124e-39 1.003836416684430200e-35 3.066224082233604822e-31 5.052735194698930024e-19
3.893003344481605676e+00 3.697868153115699038e-55 9.533339761539997102e-52 5.517033380337882919e-49 1.605539105592358161e-46 3.772579485090035120e-44 1.130386354140679503e-41 4.484136921051118883e-39 6.636951244229153549e-36 2.028759831431735257e-31 3.452902957689971238e-19
3.906377926421404911e+00 2.452588177474951004e-55 6.278943987488578854e-52 3.614837666741978856e-49 1.047663094839950786e-46 2.453251772684480452e-44 7.328738801481295680e-42 2.900440538363224439e-39 4.285934652289751286e-36 1.310924634489792181e-31 2.299210769478031654e-19
3.919752508361204146e+00 1.570922529413567829e-55 3.995611353616956394e-52 2.289150980716769901e-49 6.609068707525805775e-47 1.542620936815505862e-44 4.595425270124202224e-42 1.814690842266982988e-39 2.677375046138706697e-36 8.193423939755985719e-32 1.477483799476083585e-19
3.933127090301003381e+00 9.570642467085787499e-56 2.419556145523328181e-52 1.379955977214802535e-49 3.969919125368678994e-47 9.238406334504524680e-45 2.744899673641154726e-42 1.081703275010967853e-39 1.593590162612414333e-36 4.878829440221666136e-32 9.025044297573914005e-20
3.946501672240803060e+00 5.408060225636716833e-56 1.359597006507543904e-52 7.722082823272924831e-50 2.214243464066896304e-47 5.138555767506487030e-45 1.523080262534912087e-42 5.990693348140313593e-40 8.813528490386376953e-37 2.699195696398180269e-32 5.110280674902886606e-20
3.959876254180602295e+00 2.701577341938134002e-56 6.756919123713108831e-53 3.823047801819705613e-50 1.092918628549225423e-47 2.529871875186928356e-45 7.481941943148913608e-43 2.937675724420514836e-40 4.316391012077772803e-37 1.322269966205853117e-32 2.556887574716502083e-20
3.973250836120401530e+00 1.072682761033623082e-56 2.670298913129361764e-53 1.505583176574852238e-50 4.292271738203703062e-48 9.912696100174021772e-46 2.925685514436277683e-43 1.146882426287882401e-40 1.683154767847736353e-37 5.157164589271485837e-33 1.016428101877219979e-20
3.986625418060200765e+00 2.409335979499021387e-57 5.972089901803483345e-54 3.356554056846928605e-51 9.545330795415770200e-49 2.199798653442676951e-46 6.480676746877499742e-44 2.536745405348220017e-41 3.718889452173033181e-38 1.139633661685944383e-33 2.284884371690746318e-21
4.000000000000000000e+00 0.000000000000000000e+00 0.000000000000000000e+00 0.000000000000000000e+00 0.000000000000000000e+00 0.000000000000000000e+00 0.000000000000000000e+00 0.000000000000000000e+00 0.000000000000000000e+00 0.000000000000000000e+00 0.000000000000000000e+00
