1.000000000000000021e-03 5.344577420217232362e-09 5.352538556682874224e-09 5.354587021082492571e-09 5.355815285009973529e-09 5.356694566860327961e-09 5.357394273082422421e-09 5.357981842879731764e-09 5.358532133026477134e-09 5.359085601833677637e-09 5.359845095026274588e-09
1.437458193979933296e-02 3.590955004357990649e-10 3.671320614934668184e-10 3.692119510579366663e-10 3.704629983536510589e-10 3.713487301965080696e-10 3.720534332340289197e-10 3.726538632091728977e-10 3.732082605188960853e-10 3.737890263871241480e-10 3.745380611484408359e-10
2.774916387959866504e-02 1.792149652613002397e-10 1.873400745504382398e-10 1.894472349099088797e-10 1.907150370980868568e-10 1.916101295761408494e-10 1.923274677171449775e-10 1.929354962169035515e-10 1.934963056763073507e-10 1.940852725470294120e-10 1.948432475144571138e-10
4.112374581939799711e-02 1.162019687305903402e-10 1.244057530416830116e-10 1.265407100267733479e-10 1.278245882295186479e-10 1.287314708051886069e-10 1.294580166032366384e-10 1.300737450796045598e-10 1.306419469886860241e-10 1.312388433626423023e-10 1.320062931480053242e-10
5.449832775919732919e-02 8.402661502632565349e-11 9.229404590651056873e-11 9.445627265886998178e-11 9.575680988605386183e-11 9.667532180691770168e-11 9.741121242999809736e-11 9.803477388987792266e-11 9.861047025939132492e-11 9.921480904997724734e-11 9.999241697205652184e-11
6.787290969899666127e-02 6.446927273694756812e-11 7.278432978382196745e-11 7.497347362607432514e-11 7.629063915563819681e-11 7.722100555810704189e-11 7.796525871176719653e-11 7.859762617644185579e-11 7.918041286082550886e-11 7.979204803472560709e-11 8.057997972533489341e-11
8.124749163879599334e-02 5.130803742522708903e-11 5.965227792928376600e-11 6.186936854483111730e-11 6.320289670894287632e-11 6.414475211118603864e-11 6.489925072253707919e-11 6.553888730305219438e-11 6.612889607941850684e-11 6.674840887014480087e-11 6.754593856797586097e-11
9.462207357859532542e-02 4.183929644642346533e-11 5.019436660688270206e-11 5.243887231735290549e-11 5.378889615894691490e-11 5.474233750757095649e-11 5.550623650469812696e-11 5.615367083424319712e-11 5.675104955904998067e-11 5.737834002466287913e-11 5.818577040967464244e-11
1.079966555183946575e-01 3.469926482947501326e-11 4.304533696450504571e-11 4.531727431757471720e-11 4.668379293459162955e-11 4.765019872178135858e-11 4.842210864331217364e-11 4.907744917888982833e-11 4.968207486359343113e-11 5.031711460816919260e-11 5.113430527643012434e-11
1.213712374581939896e-01 2.912508479662975607e-11 3.744194919919629988e-11 3.974130929308822705e-11 4.112431585834508050e-11 4.210109156954850776e-11 4.288443572318798871e-11 4.354692795105468087e-11 4.415899454730468573e-11 4.480177667949483025e-11 4.562841194741196932e-11
1.347458193979933216e-01 2.465693619998290464e-11 3.292398630144586489e-11 3.525076316239837487e-11 3.665026002307056386e-11 3.763869111043809771e-11 3.843056232064440688e-11 3.910167786503573653e-11 3.972096485898958482e-11 4.037131168411871035e-11 4.120830156332287720e-11
1.481204013377926398e-01 2.100107929510562847e-11 2.919744116476766627e-11 3.155164104044972085e-11 3.296736892918730064e-11 3.396771125949271378e-11 3.476891990778391172e-11 3.544806618992344679e-11 3.607454771649181278e-11 3.673240529063164430e-11 3.757936237491090248e-11
1.614949832775919858e-01 1.796104735450866806e-11 2.606573729641096189e-11 2.844731895589907832e-11 2.987979238892910599e-11 3.089155786098265356e-11 3.170209425899410595e-11 3.238908056535691652e-11 3.302288398399608779e-11 3.368861240089512811e-11 3.454524859291325616e-11
1.748695652173913317e-01 1.540045193988212445e-11 2.339233550063332338e-11 2.580135224801559149e-11 2.725038206325656656e-11 2.827367405747651654e-11 2.909362902096933319e-11 2.978854522438958352e-11 3.042962015745689815e-11 3.110290634075348462e-11 3.196944645106256118e-11
1.882441471571906499e-01 1.322161523754556727e-11 2.107971744769318705e-11 2.351630666023632017e-11 2.498160989476574261e-11 2.601662516928449097e-11 2.684574119499884033e-11 2.754861002052491340e-11 2.819714664403717743e-11 2.887810653748643315e-11 2.975443317342425151e-11
2.016187290969899681e-01 1.135272675807528002e-11 1.905588941569399311e-11 2.151978152812303927e-11 2.300176003657927684e-11 2.404843835590495030e-11 2.488697254194958059e-11 2.559769732663421035e-11 2.625345450375564914e-11 2.694198898161754002e-11 2.782828906894715861e-11
2.149933110367893141e-01 9.739801508797541016e-12 1.726714779073021049e-11 1.975845318295150416e-11 2.125692412123900062e-11 2.231519904142450179e-11 2.316313533907276269e-11 2.388176528077676568e-11 2.454479822209871890e-11 2.524102196232114455e-11 2.613721025142079903e-11
2.283678929765886600e-01 8.341417035859931592e-12 1.567214902580188523e-11 1.819085587631669820e-11 1.970584398017677238e-11 2.077581068017502699e-11 2.163303189067003867e-11 2.235956054421682896e-11 2.302987899999612404e-11 2.373380825843418033e-11 2.463981242704650864e-11
2.417424749163879782e-01 7.125298063032656689e-12 1.423881068007918621e-11 1.678483237063151160e-11 1.831632071585828347e-11 1.939798774121487553e-11 2.026448155699794171e-11 2.099913443647861303e-11 2.167657237381636528e-11 2.238814154330709228e-11 2.330403720969619552e-11
2.551170568561872964e-01 6.065766613510101402e-12 1.294173281748103046e-11 1.551504098872364959e-11 1.706300409279557942e-11 1.815639933658522355e-11 1.903215566889316372e-11 1.977452276285692482e-11 2.045946748419517235e-11 2.117868320958457469e-11 2.210439909163225676e-11
2.684916387959866424e-01 5.142278907759114843e-12 1.176070008807824510e-11 1.436107588393499583e-11 1.592552812500779644e-11 1.703049081983367520e-11 1.791565710281522032e-11 1.866591730214671842e-11 1.935818204694301570e-11 2.008508860293059145e-11 2.102070290772805518e-11
2.818662207357859883e-01 4.337989076152102295e-12 1.067941291997503783e-11 1.330648439365942653e-11 1.488741873708950806e-11 1.600400644912981302e-11 1.689855301799394041e-11 1.765678142040499820e-11 1.835628822354979781e-11 1.909083238589213205e-11 2.003631170020751212e-11
2.952408026755852788e-01 3.638924956173760687e-12 9.684683270736081609e-12 1.233775786461404151e-11 1.393520683376045554e-11 1.506339536637434835e-11 1.596731768854035950e-11 1.673340613549649957e-11 1.744025407429681455e-11 1.818251757909392261e-11 1.913779282295078221e-11
3.086153846153846247e-01 3.033295142454749699e-12 8.765822550538584810e-12 1.144375439618086399e-11 1.305768179081981303e-11 1.419756424586749408e-11 1.511076929530182560e-11 1.588477118112486839e-11 1.659893810065135673e-11 1.734877985702792220e-11 1.831400760213179556e-11
3.219899665551839707e-01 2.510950152953521083e-12 7.914234512271348854e-12 1.061518056175689851e-11 1.224559521753497196e-11 1.339712119657427436e-11 1.431965266032681700e-11 1.510158504194858626e-11 1.582298255830680414e-11 1.658057540662111086e-11 1.755561109092502248e-11
3.353645484949833167e-01 2.062967114066451467e-12 7.123067907304304359e-12 9.844168815997989057e-12 1.149107828256799837e-11 1.265425296342734077e-11 1.358608322785877825e-11 1.437594444833425654e-11 1.510470149046157165e-11 1.586987790967394171e-11 1.685483057078901688e-11
3.487391304347826626e-01 1.681340568687997510e-12 6.386959356789304706e-12 9.124162503965559188e-12 1.078754236883567363e-11 1.196236330119346392e-11 1.290353524547278462e-11 1.370133008570147447e-11 1.443735059793810168e-11 1.521023830857912013e-11 1.620502178222262220e-11
3.621137123745819530e-01 1.358750470098178695e-12 5.701940615981488276e-12 8.449525969559236428e-12 1.012933729867487462e-11 1.131598475368788291e-11 1.226635170256781490e-11 1.307192722177800392e-11 1.381533557923905047e-11 1.459586617039781496e-11 1.560052981486594321e-11
3.754882943143812990e-01 1.088408526706789815e-12 5.064905860263080782e-12 7.815494039095654586e-12 9.511618786675219264e-12 1.070982055183347411e-11 1.166961066747706776e-11 1.248320934742040142e-11 1.323380019500275688e-11 1.402201574486923376e-11 1.503655522116990332e-11
3.888628762541806450e-01 8.639670671068892464e-13 4.473836624867768151e-12 7.217785861369844817e-12 8.930218595997958316e-12 1.013999691750120451e-11 1.110920254286978170e-11 1.193068435325507233e-11 1.268847813203242279e-11 1.348449056364850186e-11 1.450889014745198571e-11
4.022374581939799354e-01 6.794808900134515577e-13 3.927269554669564844e-12 6.653232773238552309e-12 8.381520795266281303e-12 9.602939887167226825e-12 1.058135653591960892e-11 1.141084465073521870e-11 1.217618097452547791e-11 1.297965195005575658e-11 1.401386897550041858e-11
4.156120401337792813e-01 5.294032717606340171e-13 3.424216975361484385e-12 6.118606747692994947e-12 7.862369177071395235e-12 9.095441573732099300e-12 1.008331308362529612e-11 1.092062933348745964e-11 1.169312204552274734e-11 1.250435226188251959e-11 1.354846311932377516e-11
4.289866220735786273e-01 4.086118442967845772e-13 2.963929411373459914e-12 5.611606350417586935e-12 7.370007248573191440e-12 8.614722771066363455e-12 9.611925329971174886e-12 1.045715117394707461e-11 1.123697447196557081e-11 1.205583872870994475e-11 1.310972814892552981e-11
4.423612040133779733e-01 3.124350318893962135e-13 2.545699849973885106e-12 5.130172673381478626e-12 6.902018415306387943e-12 8.158369354185144270e-12 9.164905514407450832e-12 1.001803436428158747e-11 1.080515445134078909e-11 1.163164591625973226e-11 1.269554201611098446e-11
4.557357859531773192e-01 2.366778675625490998e-13 2.168702139744352907e-12 4.672836119113121879e-12 6.456259383712498148e-12 7.724229227157792365e-12 8.740097977283596396e-12 9.601145803435126127e-12 1.039557749499301011e-11 1.122979489135117315e-11 1.230345915280715906e-11
4.691103678929766096e-01 1.776416069064765972e-13 1.831834606376613477e-12 4.238493287834009237e-12 6.030873661455819200e-12 7.310403371586255864e-12 8.335614870941953544e-12 9.204562585328198920e-12 1.000628935056499000e-11 1.084816716366027892e-11 1.193169639236768656e-11
4.824849498327759556e-01 1.321142093817232012e-13 1.533753667608835784e-12 3.826476485499172136e-12 5.624192282928810303e-12 6.915186241123280487e-12 7.949722828592348255e-12 8.826615481625610501e-12 9.635632851768537432e-12 1.048518103515955683e-11 1.157859903100031990e-11
4.958595317725753016e-01 9.737375485412523467e-14 1.272593909384636440e-12 3.436488875113086443e-12 5.234793006007525485e-12 6.537174434102569133e-12 7.581148008665238670e-12 8.465782442196650430e-12 9.282117978781867818e-12 1.013931884279430468e-11 1.124260912884594980e-11
5.092341137123745920e-01 7.113395496868889585e-14 1.046214005385986154e-12 3.068539519377407300e-12 4.861406606165058731e-12 6.174895194770711113e-12 7.228100167643987793e-12 8.120772725923037737e-12 8.944413752724835120e-12 9.809253650390781566e-12 1.092239276530221877e-11
5.226086956521739380e-01 5.150322266713508148e-14 8.521167459925034493e-13 2.722892415038173520e-12 4.503015103880588930e-12 5.827186362225758783e-12 6.889718040763670115e-12 7.790368574421143248e-12 8.621222450467817179e-12 9.493744262450047997e-12 1.061677601696126539e-11
5.359832775919732839e-01 3.696153901203971668e-14 6.875442986179706997e-13 2.399938877254998280e-12 4.158815385853146416e-12 5.492978870254801719e-12 6.564826501324781053e-12 7.473312132661530410e-12 8.311514541775117183e-12 9.191730986475264400e-12 1.032461543202985004e-11
5.493578595317726299e-01 2.629570700917286082e-14 5.495756081379003583e-13 2.100147831584819380e-12 3.828035430065375078e-12 5.171282563913469932e-12 6.252416736301234209e-12 7.168850025438733393e-12 8.014329809464053013e-12 8.902170531287771141e-12 1.004496803131787570e-11
5.627324414715719758e-01 1.854297358774498291e-14 4.351958088384552912e-13 1.823903703345812341e-12 3.510387992086536761e-12 4.861226497973146861e-12 5.951646638519011862e-12 6.875957240166496006e-12 7.728778020870603090e-12 8.624271697005367618e-12 9.776914359797731280e-12
5.761070234113713218e-01 1.296556344770009434e-14 3.414357471371062687e-13 1.571456606532880129e-12 3.205620041669093935e-12 4.562036539994817760e-12 5.661667570736969880e-12 6.593893195184543140e-12 7.453992958261053095e-12 8.357182008740857198e-12 9.519661156197687602e-12
5.894816053511705567e-01 8.987252097851298167e-15 2.654303769682099026e-13 1.342827507469572415e-12 2.913753640726969964e-12 4.273017404540050682e-12 5.381739354850212372e-12 6.321889996970300994e-12 7.189286020409159396e-12 8.100098228847624938e-12 9.272497748190705417e-12
6.028561872909699026e-01 6.176072275637770156e-15 2.044854789677316837e-13 1.137755913701726473e-12 2.634978197646502245e-12 3.993593745601638238e-12 5.111219091048040567e-12 6.059277336666170928e-12 6.933971256854553015e-12 7.852481571738250119e-12 9.034694422930539386e-12
6.162307692307692486e-01 4.206460006818656616e-15 1.561354455439995506e-13 9.556640205274537042e-13 2.369670702222766723e-12 3.723241159757505359e-12 4.849491571693773903e-12 5.805443476598366122e-12 6.687451974122149802e-12 7.613621946401848689e-12 8.805706230640008514e-12
6.296053511705685946e-01 2.841191534593447955e-15 1.181773120346297937e-13 7.956646497992060692e-13 2.118333919088699726e-12 3.461606300436124227e-12 4.595996885477623804e-12 5.559850628969617081e-12 6.449153193863067134e-12 7.382993459263733610e-12 8.584929409700199934e-12
6.429799331103679405e-01 1.903217684793308398e-15 8.868424804087338195e-14 6.565796310890511753e-13 1.881538935112236806e-12 3.208400252197615004e-12 4.350232684554441009e-12 5.321976752640653391e-12 6.218588686232387424e-12 7.160074992601386270e-12 8.371894392097367550e-12
6.563545150501672865e-01 1.263756100945322947e-15 6.599121162094897858e-14 5.369805149863159915e-13 1.659870751219232015e-12 2.963463486204891201e-12 4.111735933036049631e-12 5.091337192449897642e-12 5.995231535099950973e-12 6.944399823287623925e-12 8.166070395578090342e-12
6.697290969899666324e-01 8.324292345543791199e-16 4.869027203180053585e-14 4.352600874442321589e-13 1.453860885488725420e-12 2.726792068580834011e-12 3.880094779358213718e-12 4.867509577419240237e-12 5.778701194369414579e-12 6.735533421216539730e-12 7.967072691322236654e-12
6.831036789297659784e-01 5.439936959823140693e-16 3.563585463033999607e-14 3.496846836394851341e-13 1.263927672546566065e-12 2.498493558661181829e-12 3.654949474847953855e-12 4.650094286683566759e-12 5.568582734649176597e-12 6.533076264858366779e-12 7.774482770731145218e-12
6.964782608695653243e-01 3.525753063497611340e-16 2.586999952416521200e-14 2.784674506163298470e-13 1.090322918564849889e-12 2.278808691322665063e-12 3.435977121480632072e-12 4.438721011576894782e-12 5.364504255870664428e-12 6.336666102761889492e-12 7.587933075649864794e-12
7.098528428093645593e-01 2.266887965277906244e-16 1.863462949349976221e-14 2.198297800037241531e-13 9.330923452064089431e-13 2.068090290640243864e-12 3.222918889248588252e-12 4.233049417817764107e-12 5.166132399860437599e-12 6.145954002618054070e-12 7.407088660861958761e-12
7.232274247491639052e-01 1.447256296921081654e-16 1.331724866081696353e-14 1.720544923438848987e-13 7.920539368836036208e-13 1.866787150930851159e-12 3.015574918785106361e-12 4.032767622211480687e-12 4.973139707186725078e-12 5.960628914733617467e-12 7.231628093570002050e-12
7.366020066889632512e-01 9.169491941190810853e-17 9.443910737697736194e-15 1.335276009442142650e-13 6.667906392821100353e-13 1.675408887116970939e-12 2.813810884574060033e-12 3.837584397559754596e-12 4.785241397820922645e-12 5.780391136192478696e-12 7.061265819134975906e-12
7.499765886287625971e-01 5.768324275239773821e-17 6.647315024850359610e-15 1.027707662467457717e-13 5.566629709538289425e-13 1.494489604801059267e-12 2.617570830215067805e-12 3.647236772491382813e-12 4.602159961508897706e-12 5.604980513314565408e-12 6.895719424392968273e-12
7.633511705685619431e-01 3.602724474960215654e-17 4.642920726170765810e-15 7.845509111627780203e-14 4.608343671335323347e-13 1.324547287485301686e-12 2.426877150007985671e-12 3.461478420515117806e-12 4.423646104788676004e-12 5.434124300118933396e-12 6.734713343266950957e-12
7.767257525083612890e-01 2.234027379384566851e-17 3.218833038514480774e-15 5.941519698978913681e-14 3.783075155600664837e-13 1.166043580240635276e-12 2.241839824900712444e-12 3.280090552224816889e-12 4.249463696984797082e-12 5.267607260635763145e-12 6.578062560137285210e-12
7.901003344481606350e-01 1.378002817637934449e-17 2.215447345839699266e-15 4.464432057438346926e-14 3.079682559068500021e-13 1.019340930370410659e-12 2.062651644283048677e-12 3.102889289223334590e-12 4.079388425197057553e-12 5.105198777967096651e-12 6.425513677191772404e-12
8.034749163879598699e-01 8.449925243497441517e-18 1.514478716356853323e-15 3.328809400177033500e-14 2.486291044475841595e-13 8.846729680708421090e-13 1.889588363616294871e-12 2.929712107590119681e-12 3.913222332858147853e-12 4.946690028485042190e-12 6.276878547764281235e-12
8.168494983277592159e-01 5.142863132710835215e-18 1.027668317188993659e-15 2.463400783337341941e-14 1.990767095175619479e-13 7.621176881014550856e-13 1.722996147200499132e-12 2.760429140162830999e-12 3.750763412969843450e-12 4.791900189520019399e-12 6.131948614685570259e-12
8.302240802675585618e-01 3.113263324712450168e-18 6.925134162879925884e-16 1.809201690139740857e-14 1.581086735029908147e-13 6.515873868101960530e-13 1.563270735531252469e-12 2.594949902862683791e-12 3.591844100097088825e-12 4.640642118328701441e-12 5.990554066170371305e-12
8.435986622073579078e-01 1.876771117396233232e-18 4.635351437064438549e-16 1.319584111189969151e-14 1.245690284936881039e-13 5.528348887665978687e-13 1.410848516964449409e-12 2.433214668058530280e-12 3.436304247442548830e-12 4.492749809237848574e-12 5.852528004773317578e-12
8.569732441471572537e-01 1.123763701734729113e-18 3.083026969780389979e-16 9.554651154208239783e-15 9.737345538674935393e-14 4.654005796158233635e-13 1.266171202419769593e-12 2.275260208456807670e-12 3.283973432037441564e-12 4.348059457292979274e-12 5.717706158250433198e-12
8.703478260869565997e-01 6.708285362176848720e-19 2.037037733610449301e-16 6.870154284225866181e-15 7.552803095638316323e-14 3.887579193110036068e-13 1.129663058563102341e-12 2.121114646259123233e-12 3.134719025013846024e-12 4.206441131180268476e-12 5.585946644141006745e-12
8.837224080267559456e-01 3.981343560388607015e-19 1.337482877129084719e-16 4.906063277294118044e-15 5.814014200497347628e-14 3.222094176626219255e-13 1.001701742670408192e-12 1.970901383107264230e-12 2.988409316712034570e-12 4.067735148780321197e-12 5.457096866579736013e-12
8.970969899665552916e-01 2.348965578364995866e-19 8.725396089690524451e-17 3.479936330051840163e-15 4.442377317092147382e-14 2.649794908574778960e-13 8.825951568568552467e-13 1.824788515244678060e-12 2.844932707858230379e-12 3.931817640098136289e-12 5.331059836113663885e-12
9.104715719063546375e-01 1.383804642580712070e-19 5.662482593984676495e-17 2.452011478600090899e-15 3.369567810804882635e-14 2.162317970458556406e-13 7.725598527822807635e-13 1.683005745498640914e-12 2.704190215362810438e-12 3.798569819032495241e-12 5.207673326724590862e-12
9.238461538461538725e-01 8.117626536108315776e-20 3.651159154934245712e-17 1.717074010719885256e-15 2.537662053530571995e-14 1.751014322628981337e-13 6.717029338634347678e-13 1.545827351880188775e-12 2.566095241229577869e-12 3.667874307166122787e-12 5.086842086442280915e-12
9.372207357859532184e-01 4.737177510023591536e-20 2.342032230219875240e-17 1.194374397011030797e-15 1.897825117831571025e-14 1.407205427433809874e-13 5.800024289739513970e-13 1.413561940785987297e-12 2.430594844976534178e-12 3.539618360725733615e-12 4.968449657067949049e-12
9.505953177257525644e-01 2.755873025915662210e-20 1.494049612019639149e-17 8.253934630000435009e-16 1.409615526589296524e-14 1.122452528764083330e-13 4.973365104270343783e-13 1.286572161279304242e-12 2.297650193368901897e-12 3.413700216860619526e-12 4.852396395582849213e-12
9.639698996655519103e-01 1.599861716465458843e-20 9.482504348110652399e-18 5.673230092504321255e-16 1.040008286206625809e-14 8.887352751373999114e-14 4.234480593832637470e-13 1.165201442129572313e-12 2.167252360784570621e-12 3.290024883784129947e-12 4.738584032252834005e-12
9.773444816053512563e-01 9.253630845891952695e-21 5.986319253763232940e-18 3.875096440623343143e-16 7.622947018690757031e-15 6.985844038421923041e-14 3.579785637391251238e-13 1.049807758468594393e-12 2.039423851434786787e-12 3.168498394912764880e-12 4.626919199215031227e-12
9.907190635451506022e-01 5.330163158961732018e-21 3.764101501030375510e-18 2.632637874382809730e-16 5.551302671432534733e-15 5.452113050011688317e-14 3.004749501712049913e-13 9.407101387057145116e-13 1.914220090451448226e-12 3.049050680575795302e-12 4.517313487058759584e-12
1.004093645484949837e+00 3.070373830263314492e-21 2.355103850534496807e-18 1.777841989657488329e-16 4.017680871907940642e-15 4.225351604702856869e-14 2.504111445840985003e-13 8.382073680111299202e-13 1.791731824379264689e-12 2.931562586809115529e-12 4.409689882612000636e-12
1.017468227424749072e+00 1.761620529502827379e-21 1.466324249822999870e-18 1.193170998456316687e-16 2.890273860293127323e-15 3.252204240219809601e-14 2.072059066616540425e-13 7.425318178533117877e-13 1.672085873380101711e-12 2.815996388800504074e-12 4.303962502318656322e-12
1.030842809364548529e+00 1.007119921085399152e-21 9.086343080847800147e-19 7.973182571079736996e-17 2.066154206781373244e-15 2.486417407544806466e-14 1.702430773033388130e-13 6.538421733662356047e-13 1.555444093672161441e-12 2.702274295871658707e-12 4.200058276216703913e-12
1.044217391304347764e+00 5.762623131646899586e-22 5.618413761911139960e-19 5.301260527902458578e-17 1.467795457773247945e-15 1.888649239892786478e-14 1.388930975174260033e-13 5.722129575521436736e-13 1.442001206309344559e-12 2.590322255283231551e-12 4.097910206196277055e-12
1.057591973244147221e+00 3.289102611712144539e-22 3.458992499670562026e-19 3.504001680748500819e-17 1.037591629725697549e-15 1.424874909722062572e-14 1.125296035365188830e-13 4.976507270858636665e-13 1.331979401846040139e-12 2.480115857177815100e-12 3.997452909165318458e-12
1.070966555183946456e+00 1.869957603727342479e-22 2.118509254033554281e-19 2.303605329279718202e-17 7.292628697425558523e-16 1.068825870548252737e-14 9.054510323462280322e-14 4.300601490648017092e-13 1.225622465687457883e-12 2.371597236482307871e-12 3.898619337584902157e-12
1.084341137123745691e+00 1.062651751523648947e-22 1.293954881126311062e-19 1.510067983006749635e-17 5.095925965416771677e-16 7.965537520311800538e-15 7.236277455823741911e-14 3.692669747034521369e-13 1.123187302882696000e-12 2.264718716344081307e-12 3.801354768482953423e-12
1.097715719063545148e+00 6.042795899872613525e-23 7.889880642713120294e-20 9.844960573488135313e-18 3.542553931565792882e-16 5.899740026223385896e-15 5.744576013129960302e-14 3.150183445406500244e-13 1.024934389189195974e-12 2.159479564749593359e-12 3.705592264134966767e-12
1.111090301003344383e+00 3.424604910819238912e-23 4.788486902031108533e-20 6.383552316560611383e-18 2.448182350499200298e-16 4.345327106364822921e-15 4.530765729217168555e-14 2.669949463844124108e-13 9.311188562686542969e-13 2.055864660368342992e-12 3.611279790443049060e-12
1.124464882943143840e+00 1.936664265163081908e-23 2.895184567666931569e-20 4.126538074852726656e-18 1.684351046645873136e-16 3.181845236370454024e-15 3.550137458158904554e-14 2.248203684229389564e-13 8.419765379180854083e-13 1.953883694075453225e-12 3.518368349135201591e-12
1.137839464882943075e+00 1.097400149854932219e-23 1.749140332570760811e-20 2.656766351715141853e-18 1.153319763023167688e-16 2.316380735181754981e-15 2.764315323983217748e-14 1.880783842914807778e-13 7.577183271846652506e-13 1.853559866959961520e-12 3.426809582770800209e-12
1.151214046822742532e+00 6.206494459361417597e-24 1.053446082960862443e-20 1.703138963801392156e-18 7.856041126835755845e-17 1.677343740852920033e-15 2.139030771589983145e-14 1.563198808281343449e-13 6.785186323439615448e-13 1.754943990476603247e-12 3.336552494600339631e-12
1.164588628762541767e+00 3.503276449907252817e-24 6.322622088634384776e-21 1.087229211559089517e-18 5.326533557934888069e-17 1.208020429377231368e-15 1.645180211913288965e-14 1.290933647628413781e-13 6.045076122877562299e-13 1.658094129602350952e-12 3.247553303153702540e-12
1.177963210702341001e+00 1.980218015831137539e-24 3.791248183827879823e-21 6.921333078367402129e-19 3.596202553127997351e-17 8.654359758506233423e-16 1.257933609901481185e-14 1.059262699415273316e-13 5.357599224328629305e-13 1.563097369511978312e-12 3.159767993756802660e-12
1.191337792642140458e+00 1.117972928368205661e-24 2.267122139650737530e-21 4.388768909542198816e-19 2.415483390693140054e-17 6.169754919582988228e-16 9.560541959479010408e-15 8.636771368056347104e-14 4.723060768306199538e-13 1.470053462257262437e-12 3.073157118705594736e-12
1.204712374581939693e+00 6.303500856586120398e-25 1.352011561226281700e-21 2.772258966340323470e-19 1.616268607642259674e-17 4.374187321552081244e-16 7.226311634702596457e-15 6.998065602707354594e-14 4.141136961031643570e-13 1.379081249461615413e-12 2.987682815630732465e-12
1.218086956521739150e+00 3.556364296484628844e-25 8.054017488197013623e-22 1.746764351650208010e-19 1.077349108044840361e-17 3.087893002320176615e-16 5.430742528022268820e-15 5.635346808350645652e-14 3.610976898164700544e-13 1.290317401334322918e-12 2.903306859046994594e-12
1.231461538461538385e+00 2.008544121218186553e-25 4.793722853596768282e-22 1.097929459743013357e-19 7.150385815639919275e-18 2.169113181971832555e-16 4.058966588044037911e-15 4.510425644031929504e-14 3.131216390841813507e-13 1.203906508481994684e-12 2.819993257304492555e-12
1.244836120401337842e+00 1.132783057407493088e-25 2.845351653232951074e-22 6.874767319463065934e-20 4.725744739002606763e-18 1.516209574826109534e-16 3.018434544433041715e-15 3.588473536182147378e-14 2.699990263967228413e-13 1.120006467891126992e-12 2.737712385167226897e-12
1.258210702341137077e+00 6.377140224069787079e-26 1.683795855691276908e-22 4.287621983542333569e-20 3.111899405702818200e-18 1.055189369416142557e-16 2.231849746241134007e-15 2.838158838146155658e-14 2.315035130974980738e-13 1.038776916408459875e-12 2.656435441905630716e-12
1.271585284280936534e+00 3.605772034614689647e-26 9.986161152528062804e-23 2.674745908487688961e-20 2.043104180800161299e-18 7.314910751598853755e-17 1.642502778400799537e-15 2.231808164990281516e-14 1.973746039134965426e-13 9.603783162809713210e-13 2.576133386067517642e-12
1.284959866220735769e+00 2.036792199421534493e-26 5.909114313497104765e-23 1.663044770760598495e-20 1.336701796810257213e-18 5.047598747643778254e-17 1.202795366409069253e-15 1.745000154689273574e-14 1.673248643232229152e-13 8.849681423610732315e-13 2.496783494258342863e-12
1.298334448160535004e+00 1.148796307570616694e-26 3.487389856113383626e-23 1.030325703359496879e-20 8.707946662502017048e-19 3.467363608088609125e-17 8.762325221492875094e-16 1.356730901388010323e-14 1.410475046140146034e-13 8.126927729351937441e-13 2.418366770011507663e-12
1.311709030100334461e+00 6.488629959117774535e-27 2.057707258091901358e-23 6.372653291878154642e-21 5.656439693319226775e-19 2.372998694889963153e-17 6.354683849470642232e-16 1.049135235948181852e-14 1.182263278828302972e-13 7.436866822426473680e-13 2.340867933570015959e-12
1.325083612040133696e+00 3.670868736153043781e-27 1.214205864041360924e-23 3.936314944564368673e-21 3.665086490001359141e-19 1.618618437673907538e-17 4.588992555332220074e-16 8.071349139515606916e-15 9.854129291841976937e-14 6.780638197631102799e-13 2.264274549779349779e-12
1.338458193979933153e+00 2.075833742592844210e-27 7.153839213026016186e-24 2.425443078342316458e-21 2.367087993702488234e-19 1.099470187312415982e-17 3.298074801406671020e-16 6.176082336597707148e-15 8.167623755320190058e-14 6.159227259508932105e-13 2.188580213850483898e-12
1.351832775919732388e+00 1.173668276846082480e-27 4.209248249364098359e-24 1.490949251231005721e-21 1.523832985819177380e-19 7.435141008382474338e-18 2.358707797029101833e-16 4.700815800828463003e-15 6.732166443208042407e-14 5.573302879491573293e-13 2.113789600128014070e-12
1.365207357859531845e+00 6.655500977261056690e-28 2.479622323356516298e-24 9.161160567573610392e-22 9.791898490119473183e-20 5.013261127014494255e-18 1.680232740140296190e-16 3.560231042415253541e-15 5.518203430868623684e-14 5.023353052550403352e-13 2.039907788277682530e-12
1.378581939799331080e+00 3.770456681592929092e-28 1.457829569294760859e-24 5.613074202953005411e-22 6.269634054564642775e-20 3.369316069973622582e-18 1.192458126808290861e-16 2.683518139986653863e-15 4.499243555167110824e-14 4.509526435358937834e-13 1.966950333679860219e-12
1.391956521739130537e+00 2.136115120267539227e-28 8.563616087454201002e-25 3.433444549567745430e-22 4.004766064383910263e-20 2.256272936876847748e-18 8.425776931328821975e-17 2.013055586525929959e-15 3.648539372002264380e-14 4.031730551052253349e-13 1.894932509384829050e-12
1.405331103678929772e+00 1.215158507297190041e-28 5.042044220299023424e-25 2.101480168421025034e-22 2.555737110551994487e-20 1.507508602794973852e-18 5.929432181858263669e-17 1.502909310137498383e-15 2.943000382715991287e-14 3.589582625353918837e-13 1.823889340265870469e-12
1.418705685618729007e+00 6.909969733412814367e-29 2.964510411225675093e-25 1.283301480545301211e-22 1.626016149444771598e-20 1.003479773479057944e-18 4.157681350160040550e-17 1.116989786747357150e-15 2.361468831033276032e-14 3.182440924640435379e-13 1.753857018369634704e-12
1.432080267558528464e+00 3.924588151433110473e-29 1.739456121971321666e-25 7.815046318243703677e-23 1.031001406025364243e-20 6.653479479666572706e-19 2.904030052854444343e-17 8.264294864372772497e-16 1.885069981007488977e-14 2.809403056321014215e-13 1.684876383615382251e-12
1.445454849498327698e+00 2.236055116100919921e-29 1.022456394847271856e-25 4.761400570449759582e-23 6.532256264193325519e-21 4.403170791978490458e-19 2.020298912886882001e-17 6.086740355516374655e-16 1.497251908042154749e-14 2.469343965084001084e-13 1.616995013432503388e-12
1.458829431438127155e+00 1.276874081568334339e-29 6.016270608126089383e-26 2.900622116753653713e-23 4.133870290452746289e-21 2.907637085313022149e-19 1.401667982059095828e-17 4.465680908745542990e-16 1.183286182145982894e-14 2.160964924543393857e-13 1.550270804510626861e-12
1.472204013377926390e+00 7.285093411048271166e-30 3.534209362437708559e-26 1.762916169538159940e-23 2.608379108214475151e-21 1.913385318608295646e-19 9.687933155548868983e-18 3.262262915901031848e-16 9.305365389262175261e-15 1.882739643469698368e-13 1.484762372554140812e-12
1.485578595317725847e+00 4.159139522527597373e-30 2.075355683239103437e-26 1.070031545099368132e-23 1.642233918639413158e-21 1.255381574702339756e-19 6.670731646099457361e-18 2.372905123339082085e-16 7.282652003901488858e-15 1.633024807744659014e-13 1.420532115378675182e-12
1.498953177257525082e+00 2.382664013044443092e-30 1.221256319301102717e-26 6.499994528881973496e-24 1.033513727530504968e-21 8.223531344521257481e-20 4.581311124027733361e-18 1.720048783902687220e-16 5.673559824753672532e-15 1.410088459972138849e-13 1.357642246316435834e-12
1.512327759197324317e+00 1.365927490624265967e-30 7.186050474136467524e-27 3.945356838443587275e-24 6.494657708286525989e-22 5.375339358887144425e-20 3.137170443456316066e-18 1.242028330287096997e-16 4.399527519631143998e-15 1.212115565147192886e-13 1.296167482190498782e-12
1.525702341137123774e+00 7.829667610149599237e-31 4.224337160893322223e-27 2.390628290001520255e-24 4.071423138316306849e-22 3.502885204305202587e-20 2.140457482943527456e-18 8.930774411285361046e-17 3.395395969952459148e-15 1.037239756263747149e-13 1.236162077866599504e-12
1.539076923076923009e+00 4.503644338009473571e-31 2.488834835956880056e-27 1.450030629099997083e-24 2.551904062416263186e-22 2.279705846406878525e-20 1.456903562943824797e-18 6.396362021582298534e-17 2.608338022753907168e-15 8.835692100594082376e-14 1.177691466144948993e-12
1.552451505016722466e+00 2.590797699624895515e-31 1.465341634518012927e-27 8.782736933337750798e-25 1.596148220311444615e-22 1.479587160231221396e-20 9.883171430281713462e-19 4.569115982991338924e-17 1.995929350712591655e-15 7.492664717431032191e-14 1.120811785124491538e-12
1.565826086956521701e+00 1.492022889076916711e-31 8.629861286026924269e-28 5.317107078587475429e-25 9.971509089665757586e-23 9.584568813828399546e-21 6.686867732404610405e-19 3.252054826819222213e-17 1.520327460877456157e-15 6.325046117054112001e-14 1.065576243588950643e-12
1.579200668896321158e+00 8.613658842188572350e-32 5.090071026049339937e-28 3.220843751871709844e-25 6.227327337132755009e-23 6.201051428020905703e-21 4.514573255409833790e-19 2.306131873130536359e-17 1.153667234788924856e-15 5.315291482352057425e-14 1.012030975018745696e-12
1.592575250836120393e+00 4.982354083828862721e-32 3.005269184246146312e-28 1.951272639334494834e-25 3.886181114319036255e-23 4.005627473780225653e-21 3.040596930013798097e-19 1.629789156025688185e-17 8.715257089612240818e-16 4.446788838214109822e-14 9.602133610652814074e-13
1.605949832775919628e+00 2.882322329689829235e-32 1.773309466905123193e-28 1.180624790253884561e-25 2.420542385018572532e-23 2.580939682148259281e-21 2.041484988533138281e-19 1.148526649730897227e-17 6.558672821896469759e-16 3.703495329783202940e-14 9.101589581665201608e-13
1.619324414715719085e+00 1.668460289076628671e-32 1.046252143287052968e-28 7.137742315785005058e-26 1.505479310934126092e-23 1.659506040759370530e-21 1.366934873455312985e-19 8.064585461274395587e-18 4.916485916729145130e-16 3.070706447556906379e-14 8.618864837088214968e-13
1.632698996655518320e+00 9.704441604106312714e-33 6.196228935805582201e-29 4.327040376193875431e-26 9.378883352213069356e-24 1.067597911365419259e-21 9.146620716559778608e-20 5.651936128525422689e-18 3.670755741419890752e-16 2.534673271609503310e-14 8.154112776556633414e-13
1.646073578595317777e+00 5.646223592303096501e-33 3.668190791459270032e-29 2.620438972903993235e-26 5.833301738186707302e-24 6.852724596775362786e-22 6.102983192751962781e-20 3.947657606080927903e-18 2.731209868952848763e-16 2.083133162838210281e-14 7.707387753245213773e-13
1.659448160535117012e+00 3.284762064238906937e-33 2.170009640683760624e-29 1.584862516925278511e-26 3.621391584688542745e-24 4.388181194350051608e-22 4.060296301978176275e-20 2.747872520626269219e-18 2.024482175942807274e-16 1.704629548432249563e-14 7.278670456686516078e-13
1.672822742474916469e+00 1.916298244902398162e-33 1.286214182048131271e-29 9.595629855771699524e-27 2.248650497581763143e-24 2.808033731308313197e-22 2.696897680835270553e-20 1.907884728606707590e-18 1.495642732687763621e-16 1.388776452418069128e-14 6.867839597364716586e-13
1.686197324414715704e+00 1.120923078064961334e-33 7.638212774527304836e-30 5.816408501075292858e-27 1.396815285067347429e-24 1.796173015784747608e-22 1.789087663180521484e-20 1.321883663585623535e-18 1.100871414834656057e-16 1.126690726914817103e-14 6.474733608613750874e-13
1.699571906354515161e+00 6.560776294005025106e-34 4.536054159559459105e-30 3.523734568764890154e-27 8.667443608188382222e-25 1.147084457579255112e-22 1.184286028191813473e-20 9.133756358031229259e-19 8.076006457942872383e-17 9.101985190605549642e-15 6.099091181774850633e-13
1.712946488294314396e+00 3.845390897893116886e-34 2.695742185640416273e-30 2.134906283119094957e-27 5.375108794106738266e-25 7.316387607102568574e-23 7.824036672084216392e-21 6.294405842255014967e-19 5.903770311949118785e-17 7.323466070043776828e-15 5.740639245034920301e-13
1.726321070234113630e+00 2.260126293085568480e-34 1.605268225068499557e-30 1.295016926109715110e-27 3.334661842399634211e-25 4.664448597699893963e-23 5.162020362991623029e-21 4.328053860541211898e-19 4.302838966523661972e-17 5.867544303409527732e-15 5.398942370834443414e-13
1.739695652173913087e+00 1.329225055703977284e-34 9.559724880968938894e-31 7.851810752374081608e-28 2.066758429551820801e-25 2.969257096865513541e-23 3.398664922003739438e-21 2.968132755458639861e-19 3.126938616956334825e-17 4.682478387248256547e-15 5.073658294697769688e-13
1.753070234113712322e+00 7.827883946403644010e-35 5.697455219498641999e-31 4.761796025612846018e-28 1.280575209618902395e-25 1.888565629764235772e-23 2.234437488528667385e-21 2.031251530235401183e-19 2.264680339056282977e-17 3.721854764203234168e-15 4.764299410585260321e-13
1.766444816053511779e+00 4.628811114429283257e-35 3.406816728462885521e-31 2.894875003806151838e-28 7.946728743092735615e-26 1.201903557855228338e-23 1.468353366107150892e-21 1.388005731183465144e-19 1.636057261537769375e-17 2.946272327139907503e-15 4.470443674874347392e-13
1.779819397993311014e+00 2.737753083584349213e-35 2.036524641731426027e-31 1.758530688402591555e-28 4.925248848492703046e-26 7.635820541589740102e-24 9.627682742514879094e-22 9.458623640424922715e-20 1.178011024324173408e-17 2.323201654738316360e-15 4.191534898319130539e-13
1.793193979933110471e+00 1.619199679795718030e-35 1.216738582988046487e-31 1.067187486853648980e-28 3.048256186083663334e-26 4.842123479063073881e-24 6.298055113628601257e-22 6.427710806392354806e-20 8.453955737827849538e-18 1.825343839893903626e-15 3.927044673340333357e-13
1.806568561872909706e+00 9.619327102254086318e-36 7.297017384093840227e-32 6.496050608026306961e-29 1.890823942856324359e-26 3.074820737101818964e-24 4.121673085362080978e-22 4.365326209428299445e-20 6.055654884724960473e-18 1.428734080169042145e-15 3.676515154472403000e-13
1.819943143812709163e+00 5.725649959764992050e-36 4.382148683251625679e-32 3.957382582043457292e-29 1.173150722569974555e-26 1.951848161550235028e-24 2.694611469575713993e-22 2.959607465126242939e-20 4.326813104228841611e-18 1.114135053762493485e-15 3.439356520321174147e-13
1.833317725752508398e+00 3.408450253351903803e-36 2.630736486868699703e-32 2.408949636864806926e-29 7.270049207983466762e-27 1.236997835111671058e-24 1.757995329018716424e-22 2.001465432519627314e-20 3.082025390730737697e-18 8.657136166629641081e-16 3.215021345682292331e-13
1.846692307692307633e+00 2.032235225867788400e-36 1.580947529322430618e-32 1.467101359682989138e-29 4.504983687650010852e-27 7.834485381385339722e-25 1.145459019024821789e-22 1.350872860702193268e-20 2.189397952893790705e-18 6.704361624862214643e-16 3.002983417008822220e-13
1.860066889632107090e+00 1.215765046948180597e-36 9.527157471003203393e-33 8.954169793875043350e-30 2.795716965382202645e-27 4.965705878680177724e-25 7.462993146618825845e-23 9.108981484603694227e-21 1.552185685279896454e-18 5.173102318557638993e-16 2.802724471301207219e-13
1.873441471571906325e+00 7.283191594867329836e-37 5.746537959993660150e-33 5.467584983423962934e-30 1.735026644918563529e-27 3.146008805717185575e-25 4.857621642605786949e-23 6.132676975271523302e-21 1.097921115544930281e-18 3.978040152152509948e-16 2.613708180715833011e-13
1.886816053511705782e+00 4.365635625070611059e-37 3.466600290087161803e-33 3.337569869949934781e-30 1.075962529896131652e-27 1.990780481637665542e-25 3.156515171538563265e-23 4.119885290578809725e-21 7.744578880400395289e-19 3.048636951928433721e-16 2.435435821726798236e-13
1.900190635451505017e+00 2.625919406216930304e-37 2.097334159368815340e-33 2.042030501294281224e-30 6.683377250988156211e-28 1.260887558376188130e-25 2.051251724152290892e-23 2.765402719136563559e-21 5.452563516904742311e-19 2.328884685027991481e-16 2.267398160294132117e-13
1.913565217391304474e+00 1.580082274660394851e-37 1.268855314619972830e-33 1.248827706704788800e-30 4.147967822376514482e-28 7.976192887687540829e-26 1.330775722593967008e-23 1.852272185357954457e-21 3.828562628819988479e-19 1.772947129377715378e-16 2.109127309598002302e-13
1.926939799331103709e+00 9.531152077992758927e-38 7.691833193758676371e-34 7.649262368209123997e-31 2.577203366236884451e-28 5.048560513843568222e-26 8.633505490209953223e-24 1.239826206550056133e-21 2.684167178696814745e-19 1.345978236377692574e-16 1.960137407227406016e-13
1.940314381270902944e+00 5.763574670136867680e-38 4.672240637027673024e-34 4.692427351506073268e-31 1.602856951491379351e-28 3.196853222216425079e-26 5.599734344156562192e-24 8.290965003203322706e-22 1.878423827251149011e-19 1.018805862101302143e-16 1.819983474911738882e-13
1.953688963210702401e+00 3.490865069220084536e-38 2.841363966877821993e-34 2.880639726792396818e-31 9.971380406328060311e-29 2.023846191271176030e-26 3.629141352729679471e-24 5.536593806491467169e-22 1.311751792827772031e-19 7.687747270397054089e-17 1.688245664154553047e-13
1.967063545150501636e+00 2.115740132181492804e-38 1.728390342572120972e-34 1.768176521066788315e-31 6.200042306137718155e-29 1.280077769591062376e-26 2.348822210850910747e-24 3.690481562765496876e-22 9.138236062382527133e-20 5.782556289290330929e-17 1.564476019713252165e-13
1.980438127090301093e+00 1.284837510688583873e-38 1.053016152996282836e-34 1.086570999366992735e-31 3.857810464595364841e-29 8.098337914136506897e-27 1.519703762857252649e-24 2.457656838178918292e-22 6.355276649917560667e-20 4.337375428720435881e-17 1.448290082030633505e-13
1.993812709030100327e+00 7.830758722155257476e-39 6.435913280298407572e-35 6.695125471065253582e-32 2.405584296662233451e-29 5.131255299077505795e-27 9.840615875429024101e-25 1.636667659030465425e-22 4.415258984336068802e-20 3.245358908024737054e-17 1.339315760389429300e-13
2.007187290969899784e+00 4.776204689487932587e-39 3.935004680892167745e-35 4.125350335970100823e-32 1.499490814592153667e-29 3.248836196243302072e-27 6.364652628207327788e-25 1.088144873733936398e-22 3.060671256043670785e-20 2.421006684654124823e-17 1.237158126121323069e-13
2.020561872909699019e+00 2.914539560008650771e-39 2.406186955888518230e-35 2.541340740262969225e-32 9.341598279205078855e-30 2.055103744637526547e-27 4.111108764259932842e-25 7.222069198511627515e-23 2.116899233439943153e-20 1.800689872839501910e-17 1.141486532102901550e-13
2.033936454849498254e+00 1.783500174632161128e-39 1.474886756751173147e-35 1.568617208669429898e-32 5.828270815919042753e-30 1.301199070486763815e-27 2.656247978059648978e-25 4.791265874268853437e-23 1.462190538088635906e-20 1.335893083807042581e-17 1.051942873959312154e-13
2.047311036789297489e+00 1.094827584798282834e-39 9.065663054938483644e-36 9.705370936424629153e-33 3.643478644236125519e-30 8.250982856072971197e-28 1.717846438264851151e-25 3.179515047182533396e-23 1.009366640158344470e-20 9.891643162507909894e-18 9.682193343175145902e-14
2.060685618729097168e+00 6.724813922191392511e-40 5.573821607133534504e-36 6.004523407553112910e-33 2.276799685804730847e-30 5.228212983137565967e-28 1.109739360254807918e-25 2.106748618394070307e-23 6.953596518738410801e-21 7.303986045383937958e-18 8.900166017654596335e-14
2.074060200668896403e+00 4.137951718359057972e-40 3.431828208940504776e-36 3.718808133747002116e-33 1.423715885895050340e-30 3.313632544601455515e-28 7.167107454815861967e-26 1.394786852659636318e-23 4.783034010937381502e-21 5.379647304195896573e-18 8.170323429757266532e-14
2.087434782608695638e+00 2.551351203454209347e-40 2.116552266910460160e-36 2.306203898572034169e-33 8.910793600516146226e-31 2.101144180234606807e-28 4.628495755670427576e-26 9.228288625724145084e-24 3.285423489684294494e-21 3.952729517925381886e-18 7.489954959040325514e-14
2.100809364548494873e+00 1.575623317587501763e-40 1.307039995533577839e-36 1.431551430653989205e-33 5.580587578269780840e-31 1.332661032211766012e-28 2.988569109699793884e-26 6.101707971977849084e-24 2.253808096992211445e-21 2.897732810421853279e-18 6.856283859169213377e-14
2.114183946488294552e+00 9.746898470436405290e-41 8.082428926076188623e-37 8.895454880920313346e-34 3.497430963606334249e-31 8.455291855802457004e-29 1.929494183642870504e-26 4.032029977571199672e-24 1.544189323231818511e-21 2.119606014853611080e-18 6.266823385407617091e-14
2.127558528428093787e+00 6.046711230352047095e-41 5.010686101061485955e-37 5.539478479603765340e-34 2.195708691204575795e-31 5.371346947870811864e-29 1.246569225704803729e-26 2.664398977949998661e-24 1.057086439071882529e-21 1.547222626300458839e-18 5.719195583957913494e-14
2.140933110367893022e+00 3.753557384486796622e-41 3.107353296744531055e-37 3.449700297770829903e-34 1.378120210410825835e-31 3.410298041709988486e-29 8.046252610003972844e-27 1.758380658530031992e-24 7.223458202109753000e-22 1.126589023253334000e-18 5.210989832692049141e-14
2.154307692307692257e+00 2.331868578618656541e-41 1.927921810397572723e-37 2.148696709891786449e-34 8.648858787887103125e-32 2.164372625453266705e-29 5.189853844695987789e-27 1.159171944973955931e-24 4.928212747148506558e-22 8.184166312543284431e-19 4.740006088520434296e-14
2.167682274247491492e+00 1.455089427153924710e-41 1.201138219883338857e-37 1.343439063923799230e-34 5.446235233614068999e-32 1.377588694603713992e-29 3.355007698353041703e-27 7.653096716908216510e-25 3.363915876088046719e-22 5.939148663024380993e-19 4.304221600200773683e-14
2.181056856187291171e+00 9.090433684163849889e-42 7.490010966488188380e-38 8.404685637689496774e-35 3.430562191136374184e-32 8.767930387964508200e-30 2.167990058410275654e-27 5.048541185426244069e-25 2.292961632449385983e-22 4.300467427320420689e-19 3.901577384731890419e-14
2.194431438127090406e+00 5.682469043254753387e-42 4.672025585883834089e-38 5.258251515655112240e-35 2.160407959565600885e-32 5.577699107203068577e-30 1.399793504846698853e-27 3.326477286401358237e-25 1.560412986479752353e-22 3.106741181456177632e-19 3.530094685737867992e-14
2.207806020066889641e+00 3.558185033042119126e-42 2.918433077925655636e-38 3.293486766696646920e-35 1.361646634585160684e-32 3.549915802342380570e-30 9.038443148762548043e-28 2.190874255809521964e-25 1.060767620923555872e-22 2.239907691273315575e-19 3.187988346789534062e-14
2.221180602006688876e+00 2.234816393392903881e-42 1.828138785809512107e-38 2.068025014500827895e-35 8.600632984397746143e-33 2.263315648680728400e-30 5.843513244685619884e-28 1.443936192372245973e-25 7.210258283746488982e-23 1.612786921206290743e-19 2.873408983259593761e-14
2.234555183946488555e+00 1.405420260389356111e-42 1.146319835249615817e-38 1.299510350435143448e-35 5.435067817181913426e-33 1.443294274050361642e-30 3.777371900435835788e-28 9.511407749261136585e-26 4.895754635300754458e-23 1.159077515241833573e-19 2.584728282438953613e-14
2.247929765886287790e+00 8.846922926891035180e-43 7.193013801989960435e-39 8.169578203297896925e-36 3.435269347551776535e-33 9.202834794007312953e-31 2.440721008518357448e-28 6.260239548711395345e-26 3.319877343599698788e-23 8.313070198152193483e-20 2.320282907397028188e-14
2.261304347826087024e+00 5.583099214413179800e-43 4.523924536532001358e-39 5.146338186569032958e-36 2.174986810833595062e-33 5.875778334060984403e-31 1.578422134442763462e-28 4.121709239398178253e-26 2.250315789249587899e-23 5.953239619184575275e-20 2.078497443634182615e-14
2.274678929765886259e+00 3.527571498680707771e-43 2.847923578027015142e-39 3.244140013941733011e-36 1.377680124961348488e-33 3.752235722205991569e-31 1.020646536991821439e-28 2.712425948444384501e-26 1.523883256898588729e-23 4.256060799954179661e-20 1.857887609307168886e-14
2.288053511705685494e+00 2.234141349125347260e-43 1.796709822620053421e-39 2.048940250025921737e-36 8.740786914260227136e-34 2.399331702336172845e-31 6.606002106675422067e-29 1.785888419817206212e-26 1.031816914567975780e-23 3.039275211163516192e-20 1.657099088789304929e-14
2.301428093645485173e+00 1.417873003624239019e-43 1.135604322876438759e-39 1.296135239622630613e-36 5.552934139223764611e-34 1.535746613014382442e-31 4.278181360799668959e-29 1.175994551027508371e-26 6.982828376266224928e-24 2.167170645045637157e-20 1.474707195204016359e-14
2.314802675585284408e+00 9.009493170129887149e-44 7.184787538801165138e-40 8.205538761963749173e-37 3.529582509395441219e-34 9.832391834837272953e-32 2.770445895558609700e-29 7.740415015997513962e-27 4.721161256948693181e-24 1.542665178628896704e-20 1.309351071879045684e-14
2.328177257525083643e+00 5.729725879117791249e-44 4.548514655104574946e-40 5.196765519621086582e-37 2.243845111811913834e-34 6.294468935713847757e-32 1.793389944842377260e-29 5.091138268907524075e-27 3.188357276553393377e-24 1.096129091309528790e-20 1.159858585386600826e-14
2.341551839464882878e+00 3.653259214165085626e-44 2.886395313344037094e-40 3.298300952120305547e-37 1.429157746710344623e-34 4.035928725322900071e-32 1.162300900944400472e-29 3.351077909212823091e-27 2.153383229407719095e-24 7.781006870490731878e-21 1.024966350417888134e-14
2.354926421404682113e+00 2.334636220385611782e-44 1.835501436012497144e-40 2.097313104277855158e-37 9.117421182084690319e-35 2.591202251063892317e-32 7.540030025244300273e-30 2.206834002775675443e-27 1.454180353907857781e-24 5.517304436372037268e-21 9.036081855306363162e-15
2.368301003344481792e+00 1.493301389319005669e-44 1.168014735054133293e-40 1.334250603651464792e-37 5.817950935239913963e-35 1.663651783969756286e-32 4.890023959192690898e-30 1.452450368240196429e-27 9.810188446448546649e-25 3.905699360063116619e-21 7.947033761198376935e-15
2.381675585284281027e+00 9.558654865921207440e-45 7.436464148641904521e-41 8.490702171715265670e-38 3.712855853717329137e-35 1.067985252637943342e-32 3.170131789954687234e-30 9.552846522052682419e-28 6.610942003601148198e-25 2.760138466711460968e-21 6.971744459168341761e-15
2.395050167224080262e+00 6.137652192366981989e-45 4.748727337329854012e-41 5.418176719445806639e-38 2.375419946869866353e-35 6.871140534757294662e-33 2.058893456100355229e-30 6.291368710051417098e-28 4.457896184218437983e-25 1.949664880913180803e-21 6.101138874786852723e-15
2.408424749163879497e+00 3.949327716882429181e-45 3.038284892571258107e-41 3.463513731318089219e-38 1.522055661308060328e-35 4.426274612749441494e-33 1.338437920842282591e-30 4.145710552508664650e-28 3.006086374158281103e-25 1.375970958802213464e-21 5.325728935995349249e-15
2.421799331103679176e+00 2.543285285871507653e-45 1.945095647038226142e-41 2.214903592936723363e-38 9.754556784532258965e-36 2.851287214433781534e-33 8.698551922876827338e-31 2.730317216982851090e-28 2.025187124071226071e-25 9.695932669656743909e-22 4.637080341907534244e-15
2.435173913043478411e+00 1.640588179417300618e-45 1.247132997088230634e-41 1.418300369720352669e-38 6.258448346222615660e-36 1.838305666615946658e-33 5.656364043591362951e-31 1.798502684128372007e-28 1.363930272624218189e-25 6.824755843958134932e-22 4.027379347711604934e-15
2.448548494983277646e+00 1.059814311741857765e-45 8.006375828095310690e-42 9.091817328422061622e-39 4.018879293998053906e-36 1.185962193998668712e-33 3.679417104473780882e-31 1.184710308378696955e-28 9.181543105079534211e-26 4.797947984106070885e-22 3.488712284281610235e-15
2.461923076923076881e+00 6.860667219745421875e-46 5.149892213091334220e-42 5.838397699571985365e-39 2.584732992090956201e-36 7.661145693782633466e-34 2.395868652381590067e-31 7.809101201674480931e-29 6.181654229795906859e-26 3.370710385991125841e-22 3.014340729340974019e-15
2.475297658862876116e+00 4.447444869119727729e-46 3.316613025347020529e-42 3.753118873421736799e-39 1.663785572999013529e-36 4.952125977956029695e-34 1.560651996666221524e-31 5.147681502015797395e-29 4.160282434267794295e-26 2.365414992813216160e-22 2.597643213214151789e-15
2.488672240802675795e+00 2.888567745760225802e-46 2.139739210852044285e-42 2.416497301813969005e-39 1.072475737845444708e-36 3.204749396919327790e-34 1.017472275606183214e-31 3.394973672776677357e-29 2.799806228592248589e-26 1.658503478024082492e-22 2.232685052881247109e-15
2.502046822742475030e+00 1.877930536242389273e-46 1.381565242910122485e-42 1.556848691098096158e-39 6.916155914970575569e-37 2.074429004744008893e-34 6.633491298752881227e-32 2.238465846450218059e-29 1.883070576784190599e-26 1.161480617066226421e-22 1.914166407611699112e-15
2.515421404682274265e+00 1.222852615540473663e-46 8.933250231570861099e-43 1.004291116773018805e-39 4.464944366505808441e-37 1.343965438244809833e-34 4.327522581608805786e-32 1.476435425494911378e-29 1.266407894933382157e-26 8.127828943461873371e-23 1.636778521391916288e-15
2.528795986622073499e+00 7.986631220167339953e-47 5.793078361602619148e-43 6.496403944433767295e-40 2.889910137460022553e-37 8.727442626206469366e-35 2.828803676900485202e-32 9.753558552454398339e-30 8.525031097704579460e-27 5.687246790972284702e-23 1.395974767968094295e-15
2.542170568561873178e+00 5.221241301275335542e-47 3.759742709326814793e-43 4.204966856649672402e-40 1.871344267434275057e-37 5.668972746243460545e-35 1.849212884661618248e-32 6.441965576519464253e-30 5.735441014733982446e-27 3.974888041580492345e-23 1.187466019868640334e-15
2.555545150501672413e+00 3.416122400813631563e-47 2.441637453219911970e-43 2.723034151754369097e-40 1.212132601635154361e-37 3.682724240044208865e-35 1.208720052119492910e-32 4.253258167639601529e-30 3.856017253360610681e-27 2.774690783019711147e-23 1.007428813847174746e-15
2.568919732441471648e+00 2.238593346199970622e-47 1.587921695390683154e-43 1.765639324815089523e-40 7.860140318872480681e-38 2.394587191688525747e-35 7.905935493381965247e-33 2.809206990928769053e-30 2.592296277829915574e-27 1.935433568477004134e-23 8.525494770319477371e-16
2.582294314381270883e+00 1.470857520765207870e-47 1.035373914638341977e-43 1.147666032719091156e-40 5.108607483203658850e-38 1.560241086388609554e-35 5.180340020795846272e-33 1.858095800114970100e-30 1.744298235184133643e-27 1.350004472003170320e-23 7.196157314524451038e-16
2.595668896321070118e+00 9.673297084561726029e-48 6.756252883818962347e-44 7.464512494340257336e-41 3.321828733127181506e-38 1.016901126853409533e-35 3.394680705045485521e-33 1.228805111304721339e-30 1.173115983586985491e-27 9.406736220498353120e-24 6.058283630653816638e-16
2.609043478260869797e+00 6.368866004385353858e-48 4.413024696511763162e-44 4.858965687541486539e-41 2.161419272689552580e-38 6.630937436606297977e-36 2.225127733573107000e-33 8.126477390397682625e-31 7.886955397149296596e-28 6.548431580185268056e-24 5.087182168311983372e-16
2.622418060200669032e+00 4.201668316644205896e-48 2.888005248077528199e-44 3.168558551977274932e-41 1.408668799285130045e-38 4.330087903584519211e-36 1.460261091991066202e-33 5.379096268691185481e-31 5.304831278587086692e-28 4.557240857159048634e-24 4.260879357992433151e-16
2.635792642140468267e+00 2.776458989677982154e-48 1.892848189921312191e-44 2.069072916402301468e-41 9.191979269660403425e-39 2.830564345097807044e-36 9.591080186633200861e-34 3.562586856755567611e-31 3.568790602428511148e-28 3.170166329009867843e-24 3.560176954473084259e-16
2.649167224080267502e+00 1.837708783285441145e-48 1.242517394218797198e-44 1.353014152386094767e-41 6.005613053051759335e-39 1.852344229177684890e-36 6.304953313264072861e-34 2.360927837896373816e-31 2.401387558898854793e-28 2.204282549581191171e-24 2.967225031085415123e-16
2.662541806020067181e+00 1.218381417044421031e-48 8.169037508788833382e-45 8.860503665826721490e-42 3.928914198866285751e-39 1.213559210707148071e-36 4.148481148897761537e-34 1.565566767729530848e-31 1.616207874917273099e-28 1.531959728034511894e-24 2.466792747022977284e-16
2.675916387959866416e+00 8.086044226985889616e-49 5.375613106599355912e-45 5.806886394312301955e-42 2.571897505510571734e-39 7.954190594847670086e-37 2.730284971488113605e-34 1.038180364150719188e-31 1.087437855346602768e-28 1.063824717037556979e-24 2.045667269882885233e-16
2.689290969899665651e+00 5.371466046649444284e-49 3.540218438869959227e-45 3.808141124711316644e-42 1.684446095311703089e-39 5.215361951322478390e-37 1.797207962119403627e-34 6.884136549835698013e-32 7.313954098340332811e-29 7.380951137926237927e-25 1.692162258612261047e-16
2.702665551839464886e+00 3.577300615210542184e-49 2.337321956396881996e-45 2.503392538138697263e-42 1.105734630959479793e-39 3.426806924098488290e-37 1.185238859083135004e-34 4.572087260908128414e-32 4.924837404527646328e-29 5.122727415019441635e-25 1.396545410790873508e-16
2.716040133779264121e+00 2.385650045146550628e-49 1.545084340672873621e-45 1.647550973200061689e-42 7.265754773523697429e-40 2.253526955717153968e-37 7.821612147903912442e-35 3.037795744133766799e-32 3.316346192050527861e-29 3.553574046200563448e-25 1.149793840355001352e-16
2.729414715719063800e+00 1.592469190264820260e-49 1.022220051931817165e-45 1.085053418808935987e-42 4.776988084066044324e-40 1.482566782144461616e-37 5.162821593450122548e-35 2.018418673431491320e-32 2.232578406018685658e-29 2.463167635162668925e-25 9.443190074519701402e-17
2.742789297658863035e+00 1.064488357701058068e-49 6.771634607850094242e-46 7.154303989895103758e-43 3.143942495141851422e-40 9.762210579334370282e-38 3.410214915833499333e-35 1.341756162406602471e-32 1.503238304450378236e-29 1.706740511875035073e-25 7.737952886555949265e-17
2.756163879598662270e+00 7.131369438823262431e-50 4.495629450761923364e-46 4.727126277106822485e-43 2.073285292049766579e-40 6.439908226131487481e-38 2.256228462171112192e-35 8.931490956003823880e-33 1.013105638017903808e-29 1.182836356028677530e-25 6.325937257474360296e-17
2.769538461538461505e+00 4.784759665589799380e-50 2.988853364263049829e-46 3.127505746262671683e-43 1.368869045974425589e-40 4.252723205442729810e-38 1.494038436321381618e-35 5.949152484306967001e-33 6.829997751511474576e-30 8.195541446810261952e-26 5.160026619094366426e-17
2.782913043478261184e+00 3.213297164099952378e-50 1.988700033469084251e-46 2.070598807362515094e-43 9.042871253994218661e-41 2.809541242235039419e-38 9.895764560181012308e-36 3.962880323232570103e-33 4.603549795689856708e-30 5.674690762341184549e-26 4.199442539269648458e-17
2.796287625418060419e+00 2.160969780836941177e-50 1.324976736883280881e-46 1.372542531169717326e-43 5.980432808730992612e-41 1.857910359834310591e-38 6.559643585296868291e-36 2.641273469645996983e-33 3.103619310716802182e-30 3.927930917084304124e-26 3.409808395687839823e-17
2.809662207357859653e+00 1.455082503988480649e-50 8.837894544435320499e-47 9.107763247255574893e-44 3.958804454934215411e-41 1.229588945055679987e-38 4.350941279504847435e-36 1.761156919797667004e-33 2.092645178496432950e-30 2.717785204000285241e-26 2.762531799686326191e-17
2.823036789297658888e+00 9.815732162555588787e-51 5.905600819899652781e-47 6.053930237153496467e-44 2.624762063159818677e-41 8.149518546781230234e-39 2.889659240430934200e-36 1.175561559843240360e-33 1.412005919861705910e-30 1.880681724490868108e-26 2.233271162549681030e-17
2.836411371237458123e+00 6.629290071171771918e-51 3.950469890924643609e-47 4.027983954873526490e-44 1.741771388540866099e-41 5.405332186199781752e-39 1.920252275538705652e-36 7.849752713063797560e-34 9.528346445581209373e-31 1.300908154175596156e-26 1.801504490384531251e-17
2.849785953177257802e+00 4.484437727911529968e-51 2.646685528546640310e-47 2.683919684511933617e-44 1.157386750315792358e-41 3.589578217016000070e-39 1.277405600987327545e-36 5.246086402015346118e-34 6.433286908478127383e-31 8.998661904587023108e-27 1.450273350675382078e-17
2.863160535117057037e+00 3.036996971401724598e-51 1.775050195829218814e-47 1.790034708353324179e-44 7.697112504647424941e-42 2.385457512280175979e-39 8.502366989285329127e-37 3.507319305900521928e-34 4.344031806671919861e-31 6.222375913063200380e-27 1.165034412621597956e-17
2.876535117056856272e+00 2.059933834284472844e-51 1.192244701516068423e-47 1.195540085495399189e-44 5.125598489484216980e-42 1.587136323467132140e-39 5.664955476241899934e-37 2.346791406837162167e-34 2.934829301102151129e-31 4.302652082301491225e-27 9.340036768854468737e-18
2.889909698996655507e+00 1.399810063721199011e-51 8.022675412358900069e-48 7.999107725250175785e-45 3.419000516876619695e-42 1.057654668683665374e-39 3.779807101077401494e-37 1.572159361629320316e-34 1.984493013204610369e-31 2.975975387508685287e-27 7.472798995730404102e-18
2.903284280936454742e+00 9.521075140445976729e-52 5.402959447014584463e-48 5.355909833737063752e-45 2.282029929309976195e-42 7.051621930153917699e-40 2.522874570055596285e-37 1.053409900802116217e-34 1.341804868429079956e-31 2.057395206850855231e-27 5.966489959633789553e-18
2.916658862876254421e+00 6.482473253389222721e-52 3.641982278597782265e-48 3.588998414662242766e-45 1.524209719396424825e-42 4.704174720539198125e-40 1.684648244711722277e-37 7.060139577545287475e-35 9.072808683335458714e-32 1.421830749323691174e-27 4.754690045600475257e-18
2.930033444816053656e+00 4.419950215173437146e-52 2.458364490864848435e-48 2.408160618294503343e-45 1.019299494277065512e-42 3.141686863306750781e-40 1.126013397960936072e-37 4.735521118162358727e-35 6.137731029082664306e-32 9.825845867409669814e-28 3.781489770189142524e-18
2.943408026755852891e+00 3.019283243917780922e-52 1.662480263678636105e-48 1.618738618291309145e-45 6.828169770125684142e-43 2.101560584225775858e-40 7.537267674496083622e-38 3.180345648059865315e-35 4.156182319358283375e-32 6.793169943906249676e-28 3.002040120077810852e-18
2.956782608695652126e+00 2.064328108657800411e-52 1.125164218383090418e-48 1.088869556881272408e-45 4.576894710833817298e-43 1.406488207696461938e-40 5.047084172155928394e-38 2.136323939657307637e-35 2.814281224700057541e-32 4.694530365790405707e-28 2.378588734545138179e-18
2.970157190635451805e+00 1.413396214726322748e-52 7.625413058263763138e-49 7.333854122572869462e-46 3.071548864129663678e-43 9.423328014614249473e-41 3.382843473977784970e-38 1.436150671257431962e-35 1.906637217020442230e-32 3.244438055843786879e-28 1.881131592756100243e-18
2.983531772575251040e+00 9.691889789746962993e-53 5.175445362643338264e-49 4.946467148871202442e-46 2.064018272868021923e-43 6.321162479940014556e-41 2.269808904264547849e-38 9.663299920139925126e-36 1.292560044057997391e-32 2.242713573750610873e-28 1.485271479931598660e-18
2.996906354515050275e+00 6.655639765389125678e-53 3.517663257158962281e-49 3.340834627311932441e-46 1.388779639965518956e-43 4.245320084360692871e-41 1.524615146986530696e-38 6.507893728078167615e-36 8.768172210039351621e-33 1.550521435029853635e-28 1.170620384551333732e-18
3.010280936454849510e+00 4.575815482213424999e-53 2.393495083113024869e-49 2.258680455100524617e-46 9.353114727062577305e-44 2.853534276000388002e-41 1.024789452760041723e-38 4.385205111461556979e-36 5.949757841751230805e-33 1.071848952917576048e-28 9.209545897394127847e-19
3.023655518394648745e+00 3.150054815417550892e-53 1.630664221110641263e-49 1.528911444452794187e-46 6.306289015426989586e-44 1.920033083056542072e-41 6.894565246384948546e-39 2.957103930392193959e-36 4.039326977790031661e-33 7.409966714040909432e-29 7.232902663265843037e-19
3.037030100334448424e+00 2.170438371214721258e-53 1.111845626057284389e-49 1.035672923342119629e-46 4.254670111256768911e-44 1.292602310752660941e-41 4.640406668447523552e-39 1.994598345512571859e-36 2.742438953605888056e-33 5.121011358209430848e-29 5.670013393187631989e-19
3.050404682274247659e+00 1.497536232685153811e-53 7.591007677904624282e-50 7.024360489737021718e-47 2.873863630997576697e-44 8.711386349376213587e-42 3.126211686989881309e-39 1.346456374791067549e-36 1.863015263194604149e-33 3.539791800295681965e-29 4.438239668368519696e-19
3.063779264214046893e+00 1.034925864103054055e-53 5.191040506139355217e-50 4.771727480698789886e-47 1.944131649706680545e-44 5.879394733267642850e-42 2.108880828220474030e-39 9.099774216935764167e-37 1.266735880881685013e-33 2.447836452938995027e-29 3.468532591170390173e-19
3.077153846153846128e+00 7.160009253126184937e-54 3.553532486975572658e-50 3.244647660376770118e-47 1.316362107984272613e-44 3.971261085593859939e-42 1.423591442481136213e-39 6.153258097322076259e-37 8.615823240274195770e-34 1.692620488739689509e-29 2.706097496778219512e-19
3.090528428093645807e+00 4.960044117639335906e-54 2.435646077842145799e-50 2.208925323515584916e-47 8.923082160741510512e-45 2.685192417696104099e-42 9.618783205954181955e-40 4.164076671626155757e-37 5.863442690924694430e-34 1.170615695195924187e-29 2.108079831315085686e-19
3.103903010033445042e+00 3.439184541471861453e-54 1.670861802648878219e-50 1.505001727464190518e-47 6.052894195385388028e-45 1.816734578908606407e-42 6.502413205301127077e-40 2.818975838750177576e-37 3.990968635051815773e-34 8.094368508362054209e-30 1.639443128233057013e-19
3.117277591973244277e+00 2.389281295117537884e-54 1.148454502015068821e-50 1.027378116009776898e-47 4.113659688566269419e-45 1.231383612643478949e-42 4.403199036426111076e-40 1.911343609497607846e-37 2.720029484378866064e-34 5.601714760044914555e-30 1.273426891704807571e-19
3.130652173913043512e+00 1.661638765911846590e-54 7.901736654918565459e-51 7.019916830992056802e-48 2.798147506511389500e-45 8.352853572413565829e-43 2.983694792473285141e-40 1.296641430792802380e-37 1.854450892352261851e-34 3.876604514048936881e-30 9.876213459835211559e-20
3.144026755852842747e+00 1.156570940824842347e-54 5.440912934290475464e-51 4.800035820285133669e-48 1.904543331975938207e-45 5.669129654597577845e-43 2.022709534782311406e-40 8.799073789495404105e-38 1.264472593641579909e-34 2.682187551129833738e-30 7.647069920531575803e-20
3.157401337792642426e+00 8.060014211193778729e-55 3.750883547091190530e-51 3.285846857753797236e-48 1.297698154933636195e-45 3.851463918990813200e-43 1.372445538256374803e-40 5.975559257876212688e-38 8.626600585782110856e-35 1.856110700461141338e-30 5.912782852616604788e-20
3.170775919732441661e+00 5.623113809269798083e-55 2.588568511704222155e-51 2.251613093971457637e-48 8.850619603124255916e-46 2.618900210820006993e-43 9.319573749580629237e-41 4.060715271831253675e-38 5.887960675772337335e-35 1.284560983690151226e-30 4.564940333169840794e-20
3.184150501672240896e+00 3.928772520891494339e-55 1.789024099999491508e-51 1.545087997039232386e-48 6.044530845216562090e-46 1.783074071713458266e-43 6.335945845873286618e-41 2.762390467025775274e-38 4.022180623980456757e-35 8.894394098360272283e-31 3.520079551314733848e-20
3.197525083612040131e+00 2.748520958289191575e-55 1.238005047585360165e-51 1.061555225579731134e-48 4.132911095142655180e-46 1.215324413118970849e-43 4.311781362901756489e-41 1.880801051277796818e-38 2.749474247189042627e-35 6.160512286536734318e-31 2.710987412440492685e-20
3.210899665551839366e+00 1.924987794710215703e-55 8.576437815154943725e-52 7.301187597372733638e-49 2.828707257079145565e-46 8.291311141215722342e-44 2.936763615671090537e-41 1.281485715822110253e-38 1.880471764156610105e-35 4.267673223315878145e-31 2.084878714992696797e-20
3.224274247491639045e+00 1.349567500133869858e-55 5.947108769208060717e-52 5.026109676835464670e-49 1.937660190315214544e-46 5.660793567103847293e-44 2.001527847755059602e-41 8.736010365403760952e-39 1.286578955078609728e-35 2.956553655788993199e-31 1.601306936731835811e-20
3.237648829431438280e+00 9.473805487176410345e-56 4.129216414130272645e-52 3.464356088494271573e-49 1.328926355009477537e-46 3.869353627641629622e-44 1.365597899406607078e-41 5.961130675613853574e-39 8.809224984727195003e-36 2.049045385110614380e-31 1.228317806729581750e-20
3.251023411371237515e+00 6.659099762475222980e-56 2.870679200370748696e-52 2.390858418014075700e-49 9.125236782493875530e-47 2.647838522337757268e-44 9.326905287242871991e-42 4.071429358510160285e-39 6.036176196834614295e-36 1.420665146537532395e-31 9.410946425045446603e-21
3.264397993311036750e+00 4.685696198141628576e-56 1.997786308065382861e-52 1.651612934088673688e-49 6.271665935583458981e-47 1.813459378069453470e-44 6.374927105831542862e-42 2.782522320617442335e-39 4.137963464350370943e-36 9.851543686838047548e-32 7.202031598066297935e-21
3.277772575250836429e+00 3.299600554399749131e-56 1.391304391745608277e-52 1.141688711867537728e-49 4.313002656920164510e-47 1.242654645676359213e-44 4.359124992058035876e-42 1.902250932547496426e-39 2.837109652328632736e-36 6.830517460852649486e-32 5.503749428712648888e-21
3.291147157190635664e+00 2.326768517115420380e-56 9.702828075326799309e-53 7.902770326099606965e-50 2.969963032214546416e-47 8.525943725080993530e-45 2.984263099096741797e-42 1.301854244739831454e-39 1.946944867506743864e-36 4.738540131573233429e-32 4.201624986931451031e-21
3.304521739130434899e+00 1.642553646999791930e-56 6.773961321039097991e-53 5.476023720091401178e-50 2.047184856063019371e-47 5.855217491705017850e-45 2.044784718779746380e-42 8.916251140303785145e-40 1.336848303237013958e-36 3.288121208176382971e-32 3.203723455409405222e-21
3.317896321070234134e+00 1.160941308520400087e-56 4.734848789994494997e-53 3.798892765831710849e-50 1.412699323937472658e-47 4.025360012095461287e-45 1.402439785632944105e-42 6.111985748610816275e-40 9.185830706730252759e-37 2.282568946370315475e-32 2.440171997213513598e-21
3.331270903010033368e+00 8.216106425525213148e-57 3.313797036884924554e-53 2.638697384351485148e-50 9.760288979900778364e-48 2.770513660438704446e-45 9.628963868073845213e-43 4.193684033807850083e-40 6.316813580145562617e-37 1.585311786957767809e-32 1.856908476171484458e-21
3.344645484949833047e+00 5.819409639301670045e-57 2.321084068842799832e-53 1.834214310734583114e-50 6.748108848155598675e-48 1.908075304332497060e-45 6.614839654650543711e-43 2.878780136494893228e-40 4.345183539836426581e-37 1.101058476274316987e-32 1.411251049988546472e-21
3.358020066889632282e+00 4.127467176921423816e-57 1.627980840210173627e-53 1.276722025187337247e-50 4.671677083468842131e-48 1.315771680821468671e-45 4.549644177939427664e-43 1.978318893965612348e-40 2.991732114337340894e-37 7.652000396707255100e-33 1.071597113130012106e-21
3.371394648829431517e+00 2.930063794992313074e-57 1.142826982420721837e-53 8.893964471017775215e-51 3.236630062576097665e-48 9.079612749753988706e-46 3.131137487455548522e-43 1.360213288113957109e-40 2.060605872883365868e-37 5.318402329018813921e-33 8.127927038468701379e-22
3.384769230769230752e+00 2.082027332800584460e-57 8.030123192983411824e-54 6.201441926005228179e-51 2.244368196229748803e-48 6.270636014408768644e-46 2.156514147347167771e-43 9.358385558914177631e-41 1.419985186348111766e-37 3.697256119325500393e-33 6.157928598740798864e-22
3.398143812709030431e+00 1.481361788818331589e-57 5.649640636904048676e-54 4.329442177220864519e-51 1.558180003384927829e-48 4.335644049179469550e-46 1.486851694830621827e-43 6.444932507785584484e-41 9.793376885952073746e-38 2.571705187944044875e-33 4.661917002640268343e-22
3.411518394648829666e+00 1.054912421444779870e-57 3.978261034620611786e-54 3.025047845682945001e-51 1.082641576632232009e-48 2.999965269501288357e-46 1.025822739510878197e-43 4.441034071325883832e-41 6.757173099353094561e-38 1.789067956082976452e-33 3.525374222467933588e-22
3.424892976588628901e+00 7.521033070573502798e-58 2.804618249653539263e-54 2.116089835051181804e-51 7.530790374997972205e-49 2.078013418882500010e-46 7.084645865305967711e-44 3.063033502509195299e-41 4.665899958005128558e-38 1.245220581626381460e-33 2.663476793092070644e-22
3.438267558528428136e+00 5.368736276381623946e-58 1.979628568157161501e-54 1.482021614089804927e-51 5.244439534723040626e-49 1.440992350028571322e-46 4.897964125740873505e-44 2.114617747611816585e-41 3.224456501847677182e-38 8.671626343144303668e-34 2.010792987399497851e-22
3.451642140468227371e+00 3.834974853692381136e-58 1.398226111492800589e-54 1.038585570159707901e-51 3.654307527172899128e-49 9.997657341609937854e-47 3.387700189775081207e-44 1.460374916986178353e-41 2.228794332960761386e-38 6.038634663072622113e-34 1.516265783807649083e-22
3.465016722408027050e+00 2.743426697383829297e-58 9.890419559582232501e-55 7.288995219315800409e-52 2.549978326665669668e-49 6.946111696236624979e-47 2.346250488729913933e-44 1.009810860761749939e-41 1.542293343367628318e-38 4.208676838502402959e-34 1.142755736654475383e-22
3.478391304347826285e+00 1.964552392970285516e-58 7.003171842419548396e-55 5.120720432501277534e-52 1.781128232636134747e-49 4.830539802159678023e-47 1.626404653203063883e-44 6.988186319858717214e-42 1.067954894077957810e-38 2.934432152385755222e-34 8.604560567786728073e-23
3.491765886287625520e+00 1.407922331944181577e-58 4.962612821553054365e-55 3.600110436185889956e-52 1.244965697824868092e-49 3.361481697928201221e-47 1.128066701083465104e-44 4.838420043221113739e-42 7.397695626941246288e-39 2.046238016458090354e-34 6.472442031174588638e-23
3.505140468227424755e+00 1.010073510501854220e-58 3.520280340645870766e-55 2.533601768274105568e-52 8.710437507702180792e-50 2.341339076683492249e-47 7.830881376290840915e-45 3.352553129640443560e-42 5.127633554524512506e-39 1.427457201472543533e-34 4.865079814346703088e-23
3.518515050167224434e+00 7.251426690096498307e-59 2.498797453856923261e-55 1.784161190098036195e-52 6.097875147167320164e-50 1.631669825267416135e-47 5.438667811666663687e-45 2.323899901503717242e-42 3.555095010146608871e-39 9.958210595828058028e-35 3.653016035379188075e-23
3.531889632107023669e+00 5.214458637360584423e-59 1.776708369438252708e-55 1.258534163406337412e-52 4.276102410854276280e-50 1.138989881953605777e-47 3.783324437304350585e-45 1.613343924167768318e-42 2.468302225947632515e-39 6.955040052065705932e-35 2.742111260758249427e-23
3.545264214046822904e+00 3.752788465781220137e-59 1.264325510694794054e-55 8.884757289632419509e-53 3.000920987092680449e-50 7.956582072426880410e-48 2.633593080037114363e-45 1.120719274998977600e-42 1.714557055354084194e-39 4.858721944208185853e-35 2.056457902985136228e-23
3.558638795986622139e+00 2.702926074867241158e-59 9.003990666077306826e-56 6.276987265113830536e-53 2.107527755260087809e-50 5.561958683956524141e-48 1.834397545635373217e-45 7.789385720247811848e-43 1.191486545329045836e-39 3.394906464695695257e-35 1.540797406637305748e-23
3.572013377926421374e+00 1.949070561336658191e-59 6.419862837683492095e-56 4.439815891303790540e-53 1.481795728214708497e-50 3.892318441116946599e-48 1.279067991397731715e-45 5.419168512534058328e-43 8.287010695482027158e-40 2.373598775174669686e-35 1.153828996375961183e-23
3.585387959866221053e+00 1.406084173877991770e-59 4.579295935677741830e-56 3.141580060429555950e-53 1.042213441416815262e-50 2.724721291970559130e-48 8.920732483657810852e-46 3.770814876835488858e-43 5.764059504938804811e-40 1.659262994934686418e-35 8.630355801009594160e-24
3.598762541806020288e+00 1.015908949628503049e-59 3.271549393644101173e-56 2.226495817555843429e-53 7.342022043379860790e-51 1.910377642383377282e-48 6.231243682054745716e-46 2.627715277727445188e-43 4.014674880813798486e-40 1.161207747784755549e-35 6.453497959684567537e-24
3.612137123745819522e+00 7.346138832038730049e-60 2.339221270077191254e-56 1.579257990689857413e-53 5.176323751889019108e-51 1.340440046165502389e-48 4.355694936971768756e-46 1.832311961743197748e-43 2.797702296750959143e-40 8.129069563000850707e-36 4.821934993994971945e-24
3.625511705685618757e+00 5.314455185662203249e-60 1.673330715198495297e-56 1.120644601529129068e-53 3.650879817800897144e-51 9.408670700325072465e-49 3.045572544445591552e-46 1.277962592813223131e-43 1.949852983241903286e-40 5.690253491723215035e-36 3.598885283617136119e-24
3.638886287625418436e+00 3.848935775989739586e-60 1.198364527739799346e-56 7.961267422420686898e-54 2.577915533278752214e-51 6.611401495110880232e-49 2.131800691175727651e-46 8.922281353616323925e-44 1.360175779705482583e-40 3.985862173994137453e-36 2.684664022368053419e-24
3.652260869565217671e+00 2.788803261117632002e-60 8.586140673647938692e-57 5.658432147201103825e-54 1.821090056086783703e-51 4.647689843300622467e-49 1.492734191533426108e-46 6.231086179803021997e-44 9.490127881868562976e-41 2.791945976618675203e-36 2.000494003075588779e-24
3.665635451505016906e+00 2.022829771865795828e-60 6.158882360727471816e-57 4.026427649635741642e-54 1.287980541484889684e-51 3.271096571915656820e-49 1.046453035294840428e-46 4.356434223073122725e-44 6.628048411414619135e-41 1.957188327457715659e-36 1.489829238415030777e-24
3.679010033444816141e+00 1.468296765115038195e-60 4.421217993415841110e-57 2.867403377674046835e-54 9.116595640159014633e-52 2.304032786475071577e-49 7.341449220944494870e-47 3.047894587224815334e-44 4.631891995695302980e-41 1.372552636501913555e-36 1.108608135287686719e-24
3.692384615384615376e+00 1.066060370294622812e-60 3.174745567923955754e-57 2.042615609089321068e-54 6.454759925110769370e-52 1.623294254244123511e-49 5.151569580812796694e-47 2.132745283788356256e-44 3.237122003306439129e-41 9.624324091385679622e-37 8.239550734901053451e-25
3.705759197324415055e+00 7.745569910082295325e-61 2.281515044646196917e-57 1.456317342991005692e-54 4.574157740427640951e-52 1.144702753091905177e-49 3.618080804078937221e-47 1.493626329871324713e-44 2.264049142732874402e-41 6.752237774455800310e-37 6.118690285965750410e-25
3.719133779264214290e+00 5.627220216546191747e-61 1.639582751568921858e-57 1.038323042250030323e-54 3.241542503857882157e-52 8.072224311002092094e-50 2.541030132112178993e-47 1.045964136259302888e-44 1.583236501906069187e-41 4.735616555617887715e-37 4.536988592176384655e-25
3.732508361204013525e+00 4.089033578741394916e-61 1.178637743132698836e-57 7.405850859392867420e-55 2.298127999999692673e-52 5.694847951928655456e-50 1.785364710386752984e-47 7.327624562195129967e-45 1.107498265453921263e-41 3.321677963047752387e-37 3.359901586350509221e-25
3.745882943143812760e+00 2.970688239349028147e-61 8.472237661308418411e-58 5.282324739401061052e-55 1.629395789903251523e-52 4.018026606009356365e-50 1.254549427517364903e-47 5.133850602963958838e-45 7.747164004290340008e-42 2.329465711015758881e-37 2.484090373843857506e-25
3.759257525083611995e+00 2.156418438009106309e-61 6.085624290990301250e-58 3.765237648300140016e-55 1.154545909171226382e-52 2.833229355045537402e-50 8.810165116207651883e-48 3.594558813033662437e-45 5.415434704859730551e-42 1.632183388230141296e-37 1.832613480637165370e-25
3.772632107023411674e+00 1.564516199839684452e-61 4.369968725800055195e-58 2.683416023022427513e-55 8.180243897371853052e-53 1.997789292235533658e-50 6.187224832251748057e-48 2.516895038807602691e-45 3.785460111000700771e-42 1.143382281624264239e-37 1.349351230004645443e-25
3.786006688963210909e+00 1.133083642098485165e-61 3.133031525036014935e-58 1.909618539655269480e-55 5.787844361674314224e-53 1.406805539546826222e-50 4.339448979577931225e-48 1.759985492561665851e-45 2.642441689631245817e-42 7.997220484814678602e-38 9.905013341966717156e-26
3.799381270903010144e+00 8.186855769482871462e-62 2.241417083926890780e-58 1.356255849770854247e-55 4.087413187018470926e-53 9.888509477418284426e-51 3.038122161005013738e-48 1.228542140653141623e-45 1.841245385804212050e-42 5.582512988295168938e-38 7.244430254142471175e-26
3.812755852842809379e+00 5.898758201131445569e-62 1.599538265986072128e-58 9.610291675505282531e-56 2.880326636752372073e-53 6.936409547157600269e-51 2.122830365572826584e-48 8.559052248084566601e-46 1.280450485056548064e-42 3.888554738242924072e-38 5.277035685121570723e-26
3.826130434782609058e+00 4.230364679569361159e-62 1.136457480724314755e-58 6.781016026523399530e-56 2.021402562515089501e-53 4.846148136359469648e-51 1.477445706954040366e-48 5.939642423638968947e-46 8.869585060916300741e-43 2.697531888381358156e-38 3.821663802099371439e-26
3.839505016722408293e+00 3.016838401520154268e-62 8.031890636288483578e-59 4.760623511599448123e-56 1.411732196534815458e-53 3.369822733555328016e-51 1.023533133757144146e-48 4.103136902797362885e-46 6.115973906707491103e-43 1.862494745875728520e-38 2.748971274374481709e-26
3.852879598662207528e+00 2.135167798288231086e-62 5.635676401940272497e-59 3.319010339601622454e-56 9.792897769182095880e-54 2.327782315865832174e-51 7.044794547036971181e-49 2.816305108714915934e-46 4.190267903888336295e-43 1.277527885000679113e-38 1.960316695363537788e-26
3.866254180602006763e+00 1.495591031699530885e-62 3.915034546871863652e-59 2.291550929597818244e-56 6.728726565073030640e-54 1.592975317027452877e-51 4.804194479361465363e-49 1.915422530931712412e-46 2.844781911608799193e-43 8.681892529453294193e-39 1.382143789719680601e-26
3.879628762541805997e+00 1.033426220596946792e-62 2.684088830883760794e-59 1.561916159501317052e-56 4.565263861518433107e-54 1.076641615662778601e-51 3.236211840733338108e-49 1.286947686908939449e-46 1.908037942626541392e-43 5.828112820234672294e-39 9.603965651468076182e-27
3.893003344481605676e+00 7.009933722629358114e-63 1.807205587559834082e-59 1.045846870151844894e-56 3.043570579932440090e-54 7.151561672513992968e-52 2.142838277458422300e-49 8.500438987603927515e-47 1.258146218738728401e-43 3.845856955577672553e-39 6.545560815542756284e-27
3.906377926421404911e+00 4.636943024807719791e-63 1.187117584327542502e-59 6.834329733199827663e-57 1.980745942014634855e-54 4.638197639506748170e-52 1.385595208289446344e-49 5.483667273108781879e-47 8.103127534104587275e-44 2.478476776400482754e-39 4.346962705769153508e-27
3.919752508361204146e+00 2.962188517530211549e-63 7.534269736786977587e-60 4.316506144006717640e-57 1.246229974453894500e-54 2.908822007691503778e-52 8.665300620146873412e-50 3.421846892626313464e-47 5.048555527276468173e-44 1.544981745386426064e-39 2.785997058224611059e-27
3.933127090301003381e+00 1.799931259434499549e-63 4.550410022380006063e-60 2.595255134202832211e-57 7.466146139877428238e-55 1.737448285840697696e-52 5.162276977318397024e-50 2.034337344458091922e-47 2.997032600766237943e-44 9.175515279256105404e-40 1.697321721592920279e-27
3.946501672240803060e+00 1.014423495409623800e-63 2.550280673931406326e-60 1.448479107590719612e-57 4.153394194574083229e-55 9.638708678429149613e-53 2.856936386147895093e-50 1.123711614256698433e-47 1.653208360315075540e-44 5.063049261461364224e-40 9.585671328482481546e-28
3.959876254180602295e+00 5.054336347063659447e-64 1.264140818439495556e-60 7.152476873912743522e-58 2.044723378045645180e-55 4.733095430463603501e-53 1.399784138060173619e-50 5.496048904220190430e-48 8.075464522822896847e-45 2.473813000678447984e-40 4.783638655695021704e-28
3.973250836120401530e+00 2.001672113745032598e-64 4.982892485961348474e-61 2.809482886225932242e-58 8.009563456300352954e-56 1.849751676500144114e-53 5.459454855219141478e-51 2.140131876672099797e-48 3.140839103885070640e-45 9.623490671548619417e-41 1.896698503100725750e-28
3.986625418060200765e+00 4.484353154001751392e-65 1.111549423368636521e-61 6.247353585998699371e-59 1.776615408670119287e-56 4.094353844242868110e-54 1.206209655158546268e-51 4.721492708434176195e-49 6.921746815777696458e-46 2.121132066541658470e-41 4.252718809624562865e-29
4.000000000000000000e+00 0.000000000000000000e+00 0.000000000000000000e+00 0.000000000000000000e+00 0.000000000000000000e+00 0.000000000000000000e+00 0.000000000000000000e+00 0.000000000000000000e+00 0.000000000000000000e+00 0.000000000000000000e+00 0.000000000000000000e+00
