1.000000000000000021e-03 1.069538901905345466e-07 1.071132211081448210e-07 1.071542142963012338e-07 1.071787939054437304e-07 1.071963898013454566e-07 1.072103920895091456e-07 1.072221503408415122e-07 1.072331625642076371e-07 1.072442383978694348e-07 1.072594371229990619e-07
1.437458193979933296e-02 1.475293135669963318e-06 1.508325001298917059e-06 1.516870017545302459e-06 1.522009819027791508e-06 1.525648758862120193e-06 1.528543960130187342e-06 1.531010766051072826e-06 1.533288451414499523e-06 1.535674469337821089e-06 1.538751803016443623e-06
2.774916387959866504e-02 2.725915866460148722e-06 2.849635672192128687e-06 2.881687753636988489e-06 2.900972331960044878e-06 2.914587611346980341e-06 2.925499064011524919e-06 2.934747804339932340e-06 2.943278294384066425e-06 2.952237087683239055e-06 2.963766668372228740e-06
4.112374581939799711e-02 3.856172732718268061e-06 4.128950781938367509e-06 4.199808697247477302e-06 4.242419828803126742e-06 4.272518706293817998e-06 4.296632316537865489e-06 4.317067967717994341e-06 4.335926241225769927e-06 4.355736866455916515e-06 4.381208054997424782e-06
5.449832775919732919e-02 4.864187896706910914e-06 5.344265284440096802e-06 5.469468522159544431e-06 5.544775828130302285e-06 5.597962047499094353e-06 5.640573623050320080e-06 5.676680804505190393e-06 5.710016369023461063e-06 5.745010466279100434e-06 5.790037672336177964e-06
6.787290969899666127e-02 5.748876835203995245e-06 6.493703650934816562e-06 6.689015628156890170e-06 6.806531069098901171e-06 6.889536899095043003e-06 6.955937997181639706e-06 7.012356829728244172e-06 7.064352142886153911e-06 7.118921272994131036e-06 7.189219301583439844e-06
8.124749163879599334e-02 6.510017602785648933e-06 7.575346372496149757e-06 7.856898560192472112e-06 8.026245617694662842e-06 8.145853470948113831e-06 8.241668559943174775e-06 8.322897120161209961e-06 8.397823359341660072e-06 8.476496364545377422e-06 8.577776045944729395e-06
9.462207357859532542e-02 7.148263388102537985e-06 8.587567698285022440e-06 8.971571841412397076e-06 9.202542404798677174e-06 9.365663142864645606e-06 9.496355784209670249e-06 9.607122918273080259e-06 9.709326224890752331e-06 9.816647020113436402e-06 9.954787284881777391e-06
1.079966555183946575e-01 7.665220792169117684e-06 9.528689671846364895e-06 1.003161490196865202e-05 1.033411298308047497e-05 1.054804047192685354e-05 1.071891357028535087e-05 1.086398239848747887e-05 1.099782478243759700e-05 1.113839974553854458e-05 1.131929637290469742e-05
1.213712374581939896e-01 8.063437770102366642e-06 1.039715973490156070e-05 1.103566319821080085e-05 1.141970677721144021e-05 1.169094514254905503e-05 1.190846999016036131e-05 1.209243577357859095e-05 1.226239899148055138e-05 1.244089152851208599e-05 1.267043777564800665e-05
1.347458193979933216e-01 8.348767091498684464e-06 1.119150875178493400e-05 1.198242585629206503e-05 1.245814229090831756e-05 1.279412940596372431e-05 1.306330196317379545e-05 1.329142730090413128e-05 1.350193509770364721e-05 1.372300074037027482e-05 1.400751001819291245e-05
1.481204013377926398e-01 8.526150762673096958e-06 1.191034597844245004e-05 1.287068138438528108e-05 1.344819120581010868e-05 1.385625516014352526e-05 1.418308764474709265e-05 1.446012792292475088e-05 1.471568496705210839e-05 1.498404106371926608e-05 1.532953544748304921e-05
1.614949832775919858e-01 8.600146151944742704e-06 1.255237736310339268e-05 1.369926676966302469e-05 1.438909753121777265e-05 1.487632956638717207e-05 1.526665648471977810e-05 1.559748585716642588e-05 1.590270414943934321e-05 1.622329644122557109e-05 1.663582346133588870e-05
1.748695652173913317e-01 8.577005747459866882e-06 1.311633461573762931e-05 1.446709728369337136e-05 1.527958397441411429e-05 1.585335486392805331e-05 1.631311248093479836e-05 1.670275951269725219e-05 1.706221716180308356e-05 1.743973600732284400e-05 1.792561442003392299e-05
1.882441471571906499e-01 8.463662442587375722e-06 1.360115398919169220e-05 1.517330522688452025e-05 1.611875527348535878e-05 1.678657283946946777e-05 1.732153909537175612e-05 1.777504752159974843e-05 1.819349946141956677e-05 1.863287170043075117e-05 1.919829941481027876e-05
2.016187290969899681e-01 8.267761026444337108e-06 1.400561081688926988e-05 1.581652337553973435e-05 1.690574204128816158e-05 1.767502550649208650e-05 1.829132802506145395e-05 1.881369369851951302e-05 1.929565949854996241e-05 1.980171582862013982e-05 2.045312513920061946e-05
2.149933110367893141e-01 7.997549457376949380e-06 1.432882247990474876e-05 1.639622323636142370e-05 1.763970438352608727e-05 1.851789619726643829e-05 1.922154200892138849e-05 1.981788509508517875e-05 2.036809193661843933e-05 2.094584160972592408e-05 2.168952853270368213e-05
2.283678929765886600e-01 7.661663338333199517e-06 1.456979481105814432e-05 1.691144029881822605e-05 1.831987490514308298e-05 1.931458774851865239e-05 2.011151810877633502e-05 2.078694789810017508e-05 2.141012091564962086e-05 2.206454079077032330e-05 2.290682306242602180e-05
2.417424749163879782e-01 7.269395019905559590e-06 1.472768786090097459e-05 1.736137434677162100e-05 1.894546778076039475e-05 2.006428897287151021e-05 2.096054597359836197e-05 2.172043343539594118e-05 2.242114067973815386e-05 2.315715152948797463e-05 2.410450728435251303e-05
2.551170568561872964e-01 6.830321018631008490e-06 1.480165768389227553e-05 1.774536109314227842e-05 1.951584725454905277e-05 2.076642039223426241e-05 2.176806856160572913e-05 2.261715250566443894e-05 2.340055948879300881e-05 2.422316400576057988e-05 2.528195351649986197e-05
2.684916387959866424e-01 6.354503114227094580e-06 1.479104725135614084e-05 1.806266001563059336e-05 2.003035193189330203e-05 2.142012007492340809e-05 2.253343901965147961e-05 2.347707967728894575e-05 2.434777648303830069e-05 2.526204406799654570e-05 2.643881407213747285e-05
2.818662207357859883e-01 5.852280279617411630e-06 1.469534410771934670e-05 1.831268116250137328e-05 2.048839930426272105e-05 2.202507233718117375e-05 2.325616737271716248e-05 2.429965829258722544e-05 2.526233523155161067e-05 2.627323136945735972e-05 2.757442119072471017e-05
2.952408026755852788e-01 5.359788844089088909e-06 1.451506464804428355e-05 1.849483575411187128e-05 2.088948369847583729e-05 2.258068758545317769e-05 2.393570662743567290e-05 2.508410667024124594e-05 2.614370260384470308e-05 2.725638801774028783e-05 2.868838733230393983e-05
3.086153846153846247e-01 4.852173615951679211e-06 1.425026758249904142e-05 1.860862162012898288e-05 2.123302535444144149e-05 2.308658201675801248e-05 2.457153978182112763e-05 2.583014003949421695e-05 2.699144298384277004e-05 2.821075658640077790e-05 2.978030817400336477e-05
3.219899665551839707e-01 4.313802409601824372e-06 1.389992044292516828e-05 1.865357677812379625e-05 2.151865024976647647e-05 2.354217662001247170e-05 2.516330091518833879e-05 2.653735657706843661e-05 2.780503696109648160e-05 2.913632182292443968e-05 3.084970949434202294e-05
3.353645484949833167e-01 3.747976653679692546e-06 1.346178726598062389e-05 1.862915811159166401e-05 2.174585671706787194e-05 2.394706269698608443e-05 2.571046965824993273e-05 2.720521266862847368e-05 2.858432138639564182e-05 3.003235057769543056e-05 3.189628701056554947e-05
3.487391304347826626e-01 3.248644286937053956e-06 1.294630780003908587e-05 1.853508369577248519e-05 2.191431986227145948e-05 2.430090634358904827e-05 2.621284721140603312e-05 2.783352509968474152e-05 2.932871171828901403e-05 3.089879209434057247e-05 3.291964193951750798e-05
3.621137123745819530e-01 2.778648431461726119e-06 1.235441144283233315e-05 1.837096251379722638e-05 2.202368437768073594e-05 2.460374980047327440e-05 2.667008261536469086e-05 2.842160304875920152e-05 3.003795669580881011e-05 3.173502326089563773e-05 3.391941052194321309e-05
3.754882943143812990e-01 2.344320852462759918e-06 1.169186709743545053e-05 1.813655587979077287e-05 2.207363182339476120e-05 2.485430228951169635e-05 2.708168915895207699e-05 2.896980926665767065e-05 3.071170696993164349e-05 3.254092039615397565e-05 3.489536421776613938e-05
3.888628762541806450e-01 1.950306085820180029e-06 1.096697566787515203e-05 1.783117893923492924e-05 2.206390081183918632e-05 2.505290574399168633e-05 2.744752355190421592e-05 2.947715990527894844e-05 3.134944214247945606e-05 3.331615126314572392e-05 3.584713686670315584e-05
4.022374581939799354e-01 1.599479676241724002e-06 1.018982483383876000e-05 1.745543932442764122e-05 2.199425786255307724e-05 2.519944173337550851e-05 2.776694227734108916e-05 2.994363375594705532e-05 3.195198206679903665e-05 3.406040097540822739e-05 3.677432941646229236e-05
4.156120401337792813e-01 1.292791935353182672e-06 9.372635006932537521e-06 1.700865473894220834e-05 2.186448264658483092e-05 2.529357313856849223e-05 2.804075152427413969e-05 3.036924977826220123e-05 3.251747983051276648e-05 3.477343526274755744e-05 3.767700999800531800e-05
4.289866220735786273e-01 1.029596214173946566e-06 8.529290247204897801e-06 1.649153496753729829e-05 2.167439432146614129e-05 2.533506230305194266e-05 2.826773818921504889e-05 3.075346524681631436e-05 3.304684977338019088e-05 3.545504996507186659e-05 3.855443631986948000e-05
4.423612040133779733e-01 8.078407712670824093e-07 7.674846845676616035e-06 1.590458911947830359e-05 2.142384306770045752e-05 2.532378410899273284e-05 2.844809804935481831e-05 3.109623153335547817e-05 3.353947215139693061e-05 3.610492252009355146e-05 3.940728286798409922e-05
4.557357859531773192e-01 6.243350502371411486e-07 6.824876096315081200e-06 1.524954516505657386e-05 2.111264418375047793e-05 2.525957332692041688e-05 2.858164197088905898e-05 3.139741826459294132e-05 3.399534820057691493e-05 3.672338431765012612e-05 4.023445336949370212e-05
4.691103678929766096e-01 4.751083338597497824e-07 5.994401035525871291e-06 1.452897968965555909e-05 2.074073088631536553e-05 2.514231316017747809e-05 2.866827639865948435e-05 3.165680617689682857e-05 3.441414620024425933e-05 3.730957577733991421e-05 4.103610536114304637e-05
4.824849498327759556e-01 3.557733916304071110e-07 5.197906994751509220e-06 1.374679101497941747e-05 2.030790471170017250e-05 2.497184753096930699e-05 2.870773524730737479e-05 3.187433648700241216e-05 3.479582909461029623e-05 3.786368502599159257e-05 4.181219430374633625e-05
4.958595317725753016e-01 2.619700779481780223e-07 4.447305529443696833e-06 1.290874063295803807e-05 1.981413413244157722e-05 2.474848244144526365e-05 2.870079266873973146e-05 3.204985135888656432e-05 3.514034332288169934e-05 3.838554368845828083e-05 4.256239206781308750e-05
5.092341137123745920e-01 1.836381565235751023e-07 3.727658916963586746e-06 1.201362407877288701e-05 1.925883574889043304e-05 2.447170605216311925e-05 2.864573392510814424e-05 3.218349081438780999e-05 3.544766829048564150e-05 3.887512129795645048e-05 4.328661065851122357e-05
5.226086956521739380e-01 1.217145687763117276e-07 3.055919523030949340e-06 1.106792614903764324e-05 1.864149529225678272e-05 2.414163073591004587e-05 2.854382579769948963e-05 3.227518517857844301e-05 3.571737953046268463e-05 3.933220247305886294e-05 4.398487808038667874e-05
5.359832775919732839e-01 7.578286038845888448e-08 2.449223774190457306e-06 1.008347887032174282e-05 1.796181330223506085e-05 2.375826296353445707e-05 2.839472440503750463e-05 3.232418182303503949e-05 3.594964354561247467e-05 3.975682781641065887e-05 4.465687242216286013e-05
5.493578595317726299e-01 4.266016860157490919e-08 1.911526055452091131e-06 9.070982403393717711e-06 1.721845351232895150e-05 2.332143635592099997e-05 2.819831297688571729e-05 3.233141794460846614e-05 3.614452048816369580e-05 4.014867029521157038e-05 4.530267176953105528e-05
5.627324414715719758e-01 1.940734900953734457e-08 1.444131904866565500e-06 8.042579581113727116e-06 1.641089501110749068e-05 2.283094360760589423e-05 2.795481509652209090e-05 3.229630221968022755e-05 3.630199287985229979e-05 4.050811769896508878e-05 4.592206873038428378e-05
5.761070234113713218e-01 3.865868552096353567e-09 1.046343058386591515e-06 7.012317594451156696e-06 1.553825294490608167e-05 2.228643131374879847e-05 2.766406675993608171e-05 3.221914392910081977e-05 3.642177162366324889e-05 4.083494259307141500e-05 4.651505931212733720e-05
5.894816053511705567e-01 -5.911291096128607071e-09 7.154648432613879296e-07 5.995191252218920569e-06 1.460014184826474137e-05 2.168718392443831603e-05 2.732605683435955436e-05 3.209980705527846757e-05 3.650406675782886710e-05 4.112877490914016820e-05 4.708170962330420178e-05
6.028561872909699026e-01 -1.162614459579907801e-08 4.463597914120594175e-07 5.006242649953308948e-06 1.359613362973444962e-05 2.103205007199771039e-05 2.694092816865633656e-05 3.193831486059401633e-05 3.654880710138538224e-05 4.139025438690665588e-05 4.762167183160716857e-05
6.162307692307692486e-01 -1.439041075128948811e-08 2.334302130805678399e-07 4.060113971553806509e-06 1.252779453734289982e-05 2.031911268274019672e-05 2.650864577657502421e-05 3.173470550775415766e-05 3.655609157809652646e-05 4.161887998463453185e-05 4.813525459668416777e-05
6.296053511705685946e-01 -1.512995238694569551e-08 7.056387964855667036e-08 3.171442379202723283e-06 1.139829840870165746e-05 1.954589999045438795e-05 2.602910875194735938e-05 3.148915362639236526e-05 3.652587144839184184e-05 4.181483396231326584e-05 4.862220179734423901e-05
6.429799331103679405e-01 -1.460941104582445827e-08 -4.871147983938041061e-08 2.355067334726888095e-06 1.021387527053286083e-05 1.870846700059557453e-05 2.550210104930443640e-05 3.120168118098703194e-05 3.645834458735084998e-05 4.197809093505456787e-05 4.908274626359095030e-05
6.563545150501672865e-01 -1.333051230090224934e-08 -1.318076119847385642e-07 1.618950013965182736e-06 8.982757600061315158e-06 1.780212742198963649e-05 2.492712561392063610e-05 3.087228457338225227e-05 3.635324094312731614e-05 4.210870564904806168e-05 4.951654042782512228e-05
6.697290969899666324e-01 -1.167600679312857126e-08 -1.854025173272513156e-07 9.704979078224302329e-07 7.716620728466464183e-06 1.682107249434866263e-05 2.430326623852295520e-05 3.050110712947666779e-05 3.621093719921241551e-05 4.220671213519750008e-05 4.992387723645153958e-05
6.831036789297659784e-01 -9.950707320606392783e-09 -2.162639189206523697e-07 4.124613809162098687e-07 6.429233329491741892e-06 1.575777146291750964e-05 2.362884635743695905e-05 3.008822064851451885e-05 3.603142062451932665e-05 4.227215980823114663e-05 5.030465967135194517e-05
6.964782608695653243e-01 -8.258353977978364866e-09 -2.291097695954967733e-07 -5.395722439045855443e-08 5.138429414826020581e-06 1.460557637770921363e-05 2.290120931687639590e-05 2.963366237836519596e-05 3.581475767258415744e-05 4.230515093960281924e-05 5.065891888244851253e-05
7.098528428093645593e-01 -6.089546710613870123e-09 -2.020361435410901385e-07 -2.856515069040957873e-07 4.055087857894912158e-06 1.342299641849372321e-05 2.212131290381147723e-05 2.913747606310791306e-05 3.556109500304415551e-05 4.230570206641429755e-05 5.098672816823437124e-05
7.232274247491639052e-01 -4.291143898331093355e-09 -1.667978501597002215e-07 -3.979902625565559977e-07 3.127874614877514458e-06 1.221340526730603848e-05 2.128734894779280175e-05 2.859964753422668677e-05 3.527045669977626276e-05 4.227392098533272940e-05 5.128809040054643808e-05
7.366020066889632512e-01 -2.982812505271450747e-09 -1.351818848911864737e-07 -4.574334921048302818e-07 2.308301611631057768e-06 1.097471240067486950e-05 2.039664478201947298e-05 2.802003779695196902e-05 3.494300857913439930e-05 4.220984246898390647e-05 5.156310547766180933e-05
7.499765886287625971e-01 -2.048832851539392969e-09 -1.077790844132010967e-07 -4.764979810415127606e-07 1.603528568179066424e-06 9.724187651881342222e-06 1.944765555203422508e-05 2.739839541298939038e-05 3.457882692488823756e-05 4.211364294797289220e-05 5.181175296144477019e-05
7.633511705685619431e-01 -1.394293716585283430e-09 -8.472264475534432008e-08 -4.663137933416189154e-07 1.016248033001493924e-06 8.482265048477761663e-06 1.843962098558458637e-05 2.673420213052191341e-05 3.417805790169348731e-05 4.198527115364804292e-05 5.203391572359808610e-05
7.767257525083612890e-01 -9.366550933600202586e-10 -6.557535175181443260e-08 -4.361557873922585488e-07 5.421213436567265489e-07 7.270208951325576849e-06 1.737396524345601314e-05 2.602679544522148883e-05 3.374081802783452229e-05 4.182498369353322357e-05 5.223004406296041303e-05
7.901003344481606350e-01 -6.227225709934500870e-10 -5.009173031774738623e-08 -3.943492058716368808e-07 1.732458072849208430e-07 6.108587395589930881e-06 1.625324234084240597e-05 2.527523807034389293e-05 3.326718410117327624e-05 4.163280514544225123e-05 5.239994965346006083e-05
8.034749163879598699e-01 -4.107227481834866650e-10 -3.781929385170369219e-08 -3.469833280188468036e-07 -1.006595651385850851e-07 5.017482570218083785e-06 1.508270118816913818e-05 2.447823546290129113e-05 3.275731195365974742e-05 4.140881639090846254e-05 5.254384446296220539e-05
8.168494983277592159e-01 -2.678809516665427027e-10 -2.818612312066651495e-08 -2.981704371527510889e-07 -2.929184158662552742e-07 4.012591411302261798e-06 1.387082812821937963e-05 2.363446405304910121e-05 3.221118875829655735e-05 4.115322553146653271e-05 5.266166965258321157e-05
8.302240802675585618e-01 -1.732678068213146095e-10 -2.077688794915324619e-08 -2.512279274674774882e-07 -4.166758382906574364e-07 3.107468923855945775e-06 1.262829860457599033e-05 2.274229326761219069e-05 3.162893430236548436e-05 4.086609068587218044e-05 5.275358902677912870e-05
8.435986622073579078e-01 -1.112998826342647771e-10 -1.516381169302983919e-08 -2.080181860957916078e-07 -4.853131442465861858e-07 2.311141678810327602e-06 1.136890247004400460e-05 2.180013260382693759e-05 3.101056458522458972e-05 4.054755592978208421e-05 5.281970295294675059e-05
8.569732441471572537e-01 -7.078405970087294800e-11 -1.093800563904570775e-08 -1.694458871221351442e-07 -5.115644553217231479e-07 1.626024638243833668e-06 1.010844438439119510e-05 2.080753592934250247e-05 3.035581472738975683e-05 4.019769469810324374e-05 5.286004441813988705e-05
8.703478260869565997e-01 -4.471714284445250541e-11 -7.816956857639461382e-09 -1.360891047363365691e-07 -5.065559426313329379e-07 1.053150361231784812e-06 8.864507823798484939e-06 1.976381163258524750e-05 2.966449468560183089e-05 3.981680752846706147e-05 5.287476482041623000e-05
8.837224080267559456e-01 -2.808951427334259660e-11 -5.537010590550295585e-09 -1.078863300287387923e-07 -4.799327211572273747e-07 5.880748603033646368e-07 7.655416815367652232e-06 1.867005146105085690e-05 2.893615672331488012e-05 3.940483880632698649e-05 5.286383416511217980e-05
8.970969899665552916e-01 -1.748357176890668247e-11 -3.879969532379329991e-09 -8.438987247161475201e-08 -4.394585204105353997e-07 2.224585172115674048e-07 6.498453560889375922e-06 1.752911347359718838e-05 2.817028252032320956e-05 3.896198915259078374e-05 5.282768282895461447e-05
9.104715719063546375e-01 -1.118490502220924509e-11 -2.792695845837539894e-09 -6.791573794942372890e-08 -4.131155745915472381e-07 -1.186239015628002443e-07 5.339948220529323075e-06 1.632456292360564615e-05 2.736505878741355246e-05 3.848843705252287002e-05 5.276603573093802032e-05
9.238461538461538725e-01 -7.185189322618255419e-12 -2.013238025161806205e-09 -5.458841296589081848e-08 -3.826308580222162130e-07 -3.915220748253990978e-07 4.231225082677951160e-06 1.506483933834423962e-05 2.651891416330495656e-05 3.798430111654158703e-05 5.267920574883621683e-05
9.372207357859532184e-01 -4.582795820268157163e-12 -1.437856467040782067e-09 -4.336741891085136226e-08 -3.459089600277684841e-07 -5.888059671663800592e-07 3.201727286218384859e-06 1.375912216933722622e-05 2.563012501480444068e-05 3.744966720790298125e-05 5.256723277537835904e-05
9.505953177257525644e-01 -2.913389554740570184e-12 -1.019724971704059149e-09 -3.408983442011702225e-08 -3.061244263150650276e-07 -7.181017691398200623e-07 2.268436617097545068e-06 1.241680889274789952e-05 2.469613912613975579e-05 3.688464573622074857e-05 5.243026822552832023e-05
9.639698996655519103e-01 -1.842713848753964824e-12 -7.174129667009602186e-10 -2.650449568576875244e-08 -2.659024398423858849e-07 -7.907367109345336498e-07 1.440148049399664984e-06 1.104919802483038669e-05 2.371431991851228525e-05 3.628932288867735447e-05 5.226842120086895739e-05
9.773444816053512563e-01 -1.156269900828432917e-12 -4.997991295510038019e-10 -2.037044702274501837e-08 -2.270077784388579664e-07 -8.174292563341610978e-07 7.222624451022299801e-07 9.670336558175909503e-06 2.268204853916231422e-05 3.566368017814126168e-05 5.208179754163720198e-05
9.907190635451506022e-01 -7.244604402773087626e-13 -3.462768284821439041e-10 -1.552251127183498404e-08 -1.910967098946271830e-07 -8.088298919668400390e-07 1.178384823996911318e-07 8.296493290052448394e-06 2.159624176948381189e-05 3.500780302250203538e-05 5.187050394400623152e-05
1.004093645484949837e+00 -4.516521532715783130e-13 -2.381500533737563361e-10 -1.171675662975470420e-08 -1.586812644541435651e-07 -7.740363721243101678e-07 -3.752798508261849200e-07 6.945683930045230914e-06 2.045490888431693015e-05 3.432103577014162865e-05 5.163472703058466159e-05
1.017468227424749072e+00 -2.795197349917814405e-13 -1.623034207672636632e-10 -8.752544259112794203e-09 -1.299978487572241631e-07 -7.208177123891161665e-07 -7.618656333427480901e-07 5.636632525844083251e-06 1.925698929383786598e-05 3.360342415068463698e-05 5.137450258020425314e-05
1.030842809364548529e+00 -1.729962795416454429e-13 -1.101908175410886522e-10 -6.492850153676142861e-09 -1.053975613218856333e-07 -6.567835626265745036e-07 -1.049318916865878862e-06 4.388573298246331708e-06 1.800180057075585950e-05 3.285418106128042408e-05 5.108996753680908543e-05
1.044217391304347764e+00 -1.065581436620555559e-13 -7.428385725151557231e-11 -4.775059408748361074e-09 -8.451741390126553302e-08 -5.870248561630592531e-07 -1.248009248889929702e-06 3.218234809170043889e-06 1.669141092398856527e-05 3.207224734753866475e-05 5.078128945197200108e-05
1.057591973244147221e+00 -6.520143263044073190e-14 -4.966884624960457475e-11 -3.479173752503131301e-09 -6.700784155344994385e-08 -5.157372333241487681e-07 -1.368979270527910445e-06 2.140957526186052270e-06 1.532973685920435849e-05 3.125673785265688990e-05 5.044861564003189596e-05
1.070966555183946456e+00 -3.995909852656200917e-14 -3.313709287517563145e-11 -2.521757656742793226e-09 -5.269477510713055742e-08 -4.465926912758055197e-07 -1.424171251267291687e-06 1.171100568208983404e-06 1.392246856782857029e-05 3.040564051338963579e-05 5.009203131502248891e-05
1.084341137123745691e+00 -2.437644010241079653e-14 -2.196246889404580652e-11 -1.812792765348489864e-09 -4.104258541204746459e-08 -3.814243684414853243e-07 -1.425667556385348331e-06 3.167452823462819041e-07 1.247875485063800488e-05 2.951676237789521920e-05 4.971173907622292328e-05
1.097715719063545148e+00 -1.477827739667502906e-14 -1.444469049793541919e-11 -1.292031763632187413e-09 -3.165195114942723825e-08 -3.215176032005470378e-07 -1.384802370078490500e-06 -4.165437860577078969e-07 1.100987430501293218e-05 2.858790958174930847e-05 4.930774460913325699e-05
1.111090301003344383e+00 -8.989458274181486064e-15 -9.496617309021404664e-12 -9.177610284502024491e-10 -2.426427156355734908e-08 -2.682768404780675554e-07 -1.313587406638989227e-06 -1.026847477485333593e-06 9.528598978879009311e-06 2.761562675889737487e-05 4.888020695360761160e-05
1.124464882943143840e+00 -5.453924580398992480e-15 -6.216964755053771945e-12 -6.482077537717093817e-10 -1.847490254024447624e-08 -2.218408645123445184e-07 -1.223551141480790013e-06 -1.524669308837948133e-06 8.044706228035242889e-06 2.659653662819172305e-05 4.842928968711332049e-05
1.137839464882943075e+00 -3.289812353015546710e-15 -4.040973588908672374e-12 -4.541443375361698501e-10 -1.394004501781021821e-08 -1.814317200034517086e-07 -1.118671672109482318e-06 -1.905896340784735895e-06 6.580289608542487245e-06 2.552758164660009054e-05 4.795512617403370221e-05
1.151214046822742532e+00 -1.996652675595389341e-15 -2.633120089335641857e-12 -3.180102782237700766e-10 -1.048658864443165199e-08 -1.474749419716800788e-07 -1.009379957340674381e-06 -2.185464082278335047e-06 5.146429397924454502e-06 2.440385300115766704e-05 4.745776321396623858e-05
1.164588628762541767e+00 -1.229447838500491662e-15 -1.738641184073407170e-12 -2.254662769312307508e-10 -7.983290411843781461e-09 -1.212278999128181147e-07 -9.184028317755955293e-07 -2.444638957148368019e-06 3.674399219438196984e-06 2.320950386963581495e-05 4.693728584055730684e-05
1.177963210702341001e+00 -7.533954041581491523e-16 -1.140861033069027962e-12 -1.586692656194123222e-10 -6.026380410417344873e-09 -9.865277139624503671e-08 -8.232042693512757207e-07 -2.608974093153474607e-06 2.256853111015836338e-06 2.194725844838007973e-05 4.639371234604035759e-05
1.191337792642140458e+00 -4.636323679649422618e-16 -7.492647015440669768e-13 -1.114357662216013924e-10 -4.528888770253564113e-09 -7.969971254109820568e-08 -7.287825673225848609e-07 -2.689138505159831339e-06 9.142975398540111696e-07 2.061196214384362424e-05 4.582701639784641910e-05
1.204712374581939693e+00 -2.840110986100834918e-16 -4.891871605428100291e-13 -7.771683041190898065e-11 -3.376377982171528994e-09 -6.380094948582212973e-08 -6.371419185925141801e-07 -2.696753679268132894e-06 -3.375449322187696455e-07 1.920107399342452429e-05 4.523708580187606220e-05
1.218086956521739150e+00 -1.733226644959126431e-16 -3.177145129289481241e-13 -5.385029326739940795e-11 -2.498304978614555400e-09 -5.062497422553353034e-08 -5.505659964072074566e-07 -2.643209543562317168e-06 -1.481671787249437627e-06 1.771284595921964624e-05 4.462362239453448678e-05
1.231461538461538385e+00 -1.061892459477395684e-16 -2.065444570317765496e-13 -3.725078686796671919e-11 -1.841434992981655047e-09 -3.992488144765986429e-08 -4.711762494003715762e-07 -2.541457525095043148e-06 -2.503067621181716498e-06 1.614660351586131378e-05 4.398608800425604518e-05
1.244836120401337842e+00 -6.478140996181900356e-17 -1.335391737457535525e-13 -2.560094568288354642e-11 -1.347281760024774377e-09 -3.122511504304731646e-08 -3.990428617484475838e-07 -2.402215215560417201e-06 -3.393637466105816609e-06 1.450522325315372210e-05 4.332380509494373382e-05
1.258210702341137077e+00 -3.941355375547970230e-17 -8.597823822219767351e-14 -1.749863212933606678e-11 -9.792473384805308857e-10 -2.423323867060361337e-08 -3.347006648420195967e-07 -2.235987262206596015e-06 -4.145205256848581471e-06 1.279353287622340984e-05 4.263567991434147678e-05
1.271585284280936534e+00 -2.406422146774368992e-17 -5.540609921521040824e-14 -1.194292219413616816e-11 -7.092886012201582051e-10 -1.870539879952565739e-08 -2.784769846929856667e-07 -2.053365533643245203e-06 -4.753502958318152594e-06 1.101887879514600299e-05 4.192002904169494387e-05
1.284959866220735769e+00 -1.463326555395943374e-17 -3.552093745203301107e-14 -8.101356069472140870e-12 -5.101880000966377082e-10 -1.432733194403494810e-08 -2.295863100536740309e-07 -1.861471045390670638e-06 -5.220758397973745496e-06 9.191670082854542018e-06 4.117487011323501243e-05
1.298334448160535004e+00 -8.882476472337332253e-18 -2.269823790514350780e-14 -5.470327953275754986e-12 -3.648804141921281335e-10 -1.089933429232982835e-08 -1.876983686912698641e-07 -1.667507719512658504e-06 -5.549905170012385229e-06 7.325257733785091835e-06 4.039745431207948575e-05
1.311709030100334461e+00 -5.410964570415837085e-18 -1.452261832079667340e-14 -3.690558075293977564e-12 -2.602412145820179411e-10 -8.254305639623460583e-09 -1.524423260533822406e-07 -1.478501033910916754e-06 -5.750815528102682904e-06 5.433198640280591592e-06 3.958410753245056053e-05
1.325083612040133696e+00 -3.283369448489060042e-18 -9.245973077852377539e-15 -2.475336889686145112e-12 -1.843875474451304786e-10 -6.205585713731669399e-09 -1.227788244553180748e-07 -1.296864634863856565e-06 -5.831500179293022472e-06 3.534514455084339306e-06 3.873085453180143627e-05
1.338458193979933153e+00 -1.990325231974804218e-18 -5.871888585945250515e-15 -1.653899830855906351e-12 -1.299870561561579366e-10 -4.636857351116657881e-09 -9.815016226938852628e-08 -1.126208607498304719e-06 -5.802964639415659730e-06 1.650574718509571531e-06 3.783261905390416667e-05
1.351832775919732388e+00 -1.209693210160363803e-18 -3.731373226426404028e-15 -1.103635478945005836e-12 -9.136148154540660695e-11 -3.448863013472949635e-09 -7.796474691103584409e-08 -9.691408891206534411e-07 -5.679300914301922902e-06 -1.960070851003739139e-07 3.688359808940216077e-05
1.365207357859531845e+00 -7.323342356767656749e-19 -2.359537655231775722e-15 -7.322247538992627642e-13 -6.379867659848892902e-11 -2.546990422097909863e-09 -6.143965019141210889e-08 -8.259728758277358199e-07 -5.474980757636027366e-06 -1.983776064749616491e-06 3.587805691707349610e-05
1.378581939799331080e+00 -4.432160597373481888e-19 -1.489437422623199436e-15 -4.842949957100632327e-13 -4.435776028266197001e-11 -1.870579269369030580e-09 -4.808828729173969579e-08 -6.977785288170951494e-07 -5.205297776865629910e-06 -3.688675807887525308e-06 3.480930109926005906e-05
1.391956521739130537e+00 -2.687704582095109253e-19 -9.403834189324225896e-16 -3.198382263686037596e-13 -3.074719577674566580e-11 -1.367661262049655784e-09 -3.741272286028381451e-08 -5.846797457318343421e-07 -4.885912791383072782e-06 -5.287082409658587376e-06 3.367059814302356330e-05
1.405331103678929772e+00 -1.621657212550700509e-19 -5.902177113380459213e-16 -2.098130345591069848e-13 -2.115531757960938014e-11 -9.919410448312195773e-10 -2.885418046054107053e-08 -4.850325836886815628e-07 -4.524951807445049818e-06 -6.745486031610834298e-06 3.245818666792918791e-05
1.418705685618729007e+00 -9.773618103150615644e-20 -3.694980870429019816e-16 -1.370987795466362700e-13 -1.448034997806805386e-11 -7.148522671573164292e-10 -2.208311470540508775e-08 -3.985949727244527821e-07 -4.136549292799188919e-06 -8.035655597412685213e-06 3.116838566439577457e-05
1.432080267558528464e+00 -5.900735544897936497e-20 -2.313631917350388129e-16 -8.946912240447798135e-14 -9.884920174763019167e-12 -5.131091729279080626e-10 -1.681052224697782767e-08 -3.252432979999903304e-07 -3.742541117127015690e-06 -9.165520182442973989e-06 2.979535244440443628e-05
1.445454849498327698e+00 -3.550927050902967624e-20 -1.442783662274641400e-16 -5.810550510816151339e-14 -6.710953867508083839e-12 -3.660661145165355974e-10 -1.271173019511046588e-08 -2.633686425038978943e-07 -3.352599750959592651e-06 -1.012961479141734027e-05 2.833678236347634589e-05
1.458829431438127155e+00 -2.140941312824036015e-20 -9.001690860222091991e-17 -3.770402368620334439e-14 -4.546335773953989097e-12 -2.602781830625380044e-10 -9.567581030659873406e-09 -2.119443460037034593e-07 -2.976543826898533985e-06 -1.092196040596865845e-05 2.679078391401314266e-05
1.472204013377926390e+00 -1.293298677247391663e-20 -5.619435705549501024e-17 -2.444777946397092221e-14 -3.073854111639176628e-12 -1.844779636221539580e-10 -7.169728561248117120e-09 -1.695721627451938418e-07 -2.620767209301451318e-06 -1.154336544829655419e-05 2.515749920064116134e-05
1.485578595317725847e+00 -7.793592691630249173e-21 -3.496797429773253408e-17 -1.579066857811058438e-14 -2.068910668114430948e-12 -1.300877563555130349e-10 -5.342439450762429989e-09 -1.347959448638214514e-07 -2.288685609401196727e-06 -1.199850442666374957e-05 2.343897631662927563e-05
1.498953177257525082e+00 -4.711893997723336101e-21 -2.180078512806565918e-17 -1.020473319173283226e-14 -1.391474132627364458e-12 -9.154805071124250802e-11 -3.967628059842955542e-09 -1.066369987146114922e-07 -1.984352478114149753e-06 -1.229160576409352718e-05 2.163830150527692032e-05
1.512327759197324317e+00 -2.864222681649613582e-21 -1.364958152739776241e-17 -6.615414646413728574e-15 -9.377591728907919905e-13 -6.448904275705109434e-11 -2.946357438523154959e-09 -8.425278703968599668e-08 -1.714949464716682361e-06 -1.248447757697402313e-05 1.973749686906985215e-05
1.525702341137123774e+00 -1.737989220143153601e-21 -8.524741341541685174e-18 -4.275093383768189749e-15 -6.296244411422448983e-13 -4.523276162827117837e-11 -2.177357483641014095e-09 -6.619902941898607360e-08 -1.471881690319265046e-06 -1.253514850709437762e-05 1.775854498309581691e-05
1.539076923076923009e+00 -1.058680671069370223e-21 -5.337571980950870170e-18 -2.766040097558646542e-15 -4.226961071134433041e-13 -3.168163984162686002e-11 -1.604626260463589607e-09 -5.179467526290429693e-08 -1.255157030410109686e-06 -1.244556026764133595e-05 1.571405377577991295e-05
1.552451505016722466e+00 -6.457556625246723610e-22 -3.343098538251901416e-18 -1.788485537960185572e-15 -2.833174539652414656e-13 -2.213345772724072603e-11 -1.178380341574397555e-09 -4.033762185549081798e-08 -1.063611390985936285e-06 -1.223278677155588187e-05 1.361206204729644009e-05
1.565826086956521701e+00 -3.936257788431462830e-22 -2.091085997681465275e-18 -1.154158460755638703e-15 -1.894202600358100122e-13 -1.541575237688310391e-11 -8.622627545152731409e-10 -3.128361432343518999e-08 -8.965262608208494455e-07 -1.192619670514245534e-05 1.145004326862930090e-05
1.579200668896321158e+00 -2.409211360246057628e-22 -1.311638294006778763e-18 -7.459312912731985634e-16 -1.266676666943343996e-13 -1.072474439333038286e-11 -6.293502767301647677e-10 -2.416476084376551890e-08 -7.510652492632437968e-07 -1.151354560330450613e-05 9.261741130335963442e-06
1.592575250836120393e+00 -1.474282584985048510e-22 -8.218379267760028890e-19 -4.811611717423203000e-16 -8.446981623938332565e-14 -7.434355714562785478e-12 -4.573054232323788120e-10 -1.856565139022801283e-08 -6.249489288453720977e-07 -1.100898752307549490e-05 7.064994920125967679e-06
1.605949832775919628e+00 -8.983979615040926386e-23 -5.124634651393582513e-19 -3.087008275897745068e-16 -5.599636715623385075e-14 -5.120303107667301559e-12 -3.299807739669478030e-10 -1.415630550974384445e-08 -5.155769680499940829e-07 -1.041345100671518280e-05 4.897783883952339489e-06
1.619324414715719085e+00 -5.490006795769610868e-23 -3.200530448319682320e-19 -1.981136678308179507e-16 -3.708386815158327300e-14 -3.518275286310321959e-12 -2.372071680450388156e-10 -1.073718868831596571e-08 -4.222293989828327399e-07 -9.745984208169696111e-06 2.790035952906452674e-06
1.632698996655518320e+00 -3.351569025219366118e-23 -1.995344226678055727e-19 -1.268257865489152002e-16 -2.448017572774986431e-14 -2.407984153103334854e-12 -1.697189263387501292e-10 -8.099375561566363968e-09 -3.434997068082525142e-07 -9.041581376799175755e-06 7.357427344619351490e-07
1.646073578595317777e+00 -2.040520642999217757e-23 -1.239854060419280883e-19 -8.087681852861503762e-17 -1.608972120412426307e-14 -1.640087602829347819e-12 -1.207826923617133883e-10 -6.073725672693311882e-09 -2.775730125697058740e-07 -8.317502717021238500e-06 -1.253042386753306980e-06
1.659448160535117012e+00 -1.240573632413815047e-23 -7.684269279908683138e-20 -5.137855676592425531e-17 -1.052126939243386071e-14 -1.109886001515265173e-12 -8.527807160085145326e-11 -4.511710269053738558e-09 -2.217266339144542317e-07 -7.539358210911019510e-06 -3.031255104592593436e-06
1.672822742474916469e+00 -7.512224975527259834e-24 -4.740319298776646169e-20 -3.246663114601782513e-17 -6.839394097982797609e-15 -7.461884893619181371e-13 -5.977855467208549318e-11 -3.325117228982291213e-09 -1.755555647428066487e-07 -6.761655636027600142e-06 -4.651955576391567549e-06
1.686197324414715704e+00 -4.538242467920778048e-24 -2.915681765172099841e-20 -2.044563213684808756e-17 -4.428625479918370612e-15 -4.994782191351607083e-13 -4.170060865777749744e-11 -2.437509840353749479e-09 -1.381573023979209325e-07 -6.018845661109044709e-06 -6.163216703084081413e-06
1.699571906354515161e+00 -2.758567723315968875e-24 -1.802468721026563762e-20 -1.292530419395451103e-17 -2.875111947595669044e-15 -3.347632469656034246e-13 -2.908379624260564548e-11 -1.783687481893371768e-09 -1.083175285056323732e-07 -5.321917890965662580e-06 -7.559985613386045267e-06
1.712946488294314396e+00 -1.676089599845164308e-24 -1.113162235333505064e-20 -8.158468503728947933e-18 -1.862695459057839463e-15 -2.237853353512658384e-13 -2.022055296519234486e-11 -1.300402936352391003e-09 -8.454206301741792941e-08 -4.677860681341831709e-06 -8.866401220199460287e-06
1.726321070234113630e+00 -1.016471480889882320e-24 -6.857999477247888805e-21 -5.134668800802376092e-18 -1.202718798143665895e-15 -1.490251718075392275e-13 -1.399779957906680011e-11 -9.435107872270877056e-10 -6.562327352989617765e-08 -4.083816895279180110e-06 -1.006216565207608930e-05
1.739695652173913087e+00 -6.204677832221027524e-25 -4.248316852399561950e-21 -3.245705521999493699e-18 -7.790446128407769572e-16 -9.942657407515761560e-14 -9.694211715999801502e-12 -6.838005177351750332e-10 -5.078109896955104989e-08 -3.543921862923399708e-06 -1.114485253565585263e-05
1.753070234113712322e+00 -3.780567185352329432e-25 -2.625556830698727323e-21 -2.045894584751204734e-18 -5.029678985513988930e-16 -6.608843479358049299e-14 -6.685521781796018762e-12 -4.932489195355532593e-10 -3.908548166662903794e-08 -3.055064164322949739e-06 -1.211764706910250220e-05
1.766444816053511779e+00 -2.300575754508770922e-25 -1.619688619179908781e-21 -1.286604058961280908e-18 -3.238138524212839352e-16 -4.378353952710126038e-14 -4.592944318108586750e-12 -3.542401409015415772e-10 -2.993016860746367860e-08 -2.616750460538312682e-06 -1.298427229082718061e-05
1.779819397993311014e+00 -1.408222796962340035e-25 -1.004164591698442052e-21 -8.123395122527054259e-19 -2.090835505990677401e-16 -2.905759718627004159e-14 -3.156725025760021439e-12 -2.541553042633574092e-10 -2.285531981263691221e-08 -2.228986527037283113e-06 -1.374755432981354139e-05
1.793193979933110471e+00 -8.604669691372650207e-26 -6.211414097388592641e-22 -5.115013612848815741e-19 -1.345780793531920245e-16 -1.921539390642222877e-14 -2.160835364241268966e-12 -1.815230986354013227e-10 -1.736309593673390036e-08 -1.886699585277514837e-06 -1.441196039777061666e-05
1.806568561872909706e+00 -5.252853034355714135e-26 -3.836544820440326397e-22 -3.214390815352171835e-19 -8.640796076119314272e-17 -1.266885801713203947e-14 -1.473866696430467637e-12 -1.291088147228798139e-10 -1.312573791920871576e-08 -1.586973278894704234e-06 -1.497763643103059661e-05
1.819943143812709163e+00 -3.222829220939991417e-26 -2.379721205316116351e-22 -2.026766673421643265e-19 -5.561281527481786865e-17 -8.363978144935637844e-15 -1.005451121949736317e-12 -9.172275527899398598e-11 -9.894513256123258861e-09 -1.327743500571272312e-06 -1.544994914932384142e-05
1.833317725752508398e+00 -1.974028644005118036e-26 -1.472929407196413390e-22 -1.274659496958143082e-19 -3.568660362947194696e-17 -5.503235500517833428e-15 -6.832832997591101818e-13 -6.488360932919650217e-11 -7.422452194394033645e-09 -1.104257010052052579e-06 -1.584093225915703191e-05
1.846692307692307633e+00 -1.209178623941340933e-26 -9.112330334019483406e-23 -8.008550230156968824e-20 -2.286559433333574789e-17 -3.613560504481880298e-15 -4.631179442199686166e-13 -4.574718672455704559e-11 -5.545182952337899219e-09 -9.133475208105744386e-07 -1.615885422462641174e-05
1.860066889632107090e+00 -7.442430445587619156e-27 -5.660573013278289557e-23 -5.048453841430348483e-20 -1.468719026302428814e-17 -2.376428930614208322e-15 -3.140393523306393564e-13 -3.223118409978523994e-11 -4.133366903573283773e-09 -7.519896334346561658e-07 -1.641005764817256551e-05
1.873441471571906325e+00 -4.574011883293478606e-27 -3.509588442600983362e-23 -3.175068330741533675e-20 -9.408461327405139466e-18 -1.558001391904421672e-15 -2.122002559899803799e-13 -2.261854101108228760e-11 -3.067089128079855362e-09 -6.157271801234104865e-07 -1.659994955299897229e-05
1.886816053511705782e+00 -2.813267626207363077e-27 -2.176510817938981215e-23 -1.996343824267894722e-20 -6.022281310208758016e-18 -1.020074972067524482e-15 -1.431054950116040986e-13 -1.583087759267214056e-11 -2.267894285996137706e-09 -5.016686630054645658e-07 -1.673576531915106833e-05
1.900190635451505017e+00 -1.737874893349372072e-27 -1.354849116216162482e-23 -1.259051725767693085e-20 -3.863712367663416034e-18 -6.688593438109908852e-16 -9.655657669769642068e-14 -1.107360450101038674e-11 -1.673619407777524218e-09 -4.070545086650248664e-07 -1.682335006852444243e-05
1.913565217391304474e+00 -1.072817817423602224e-27 -8.424375011179785971e-24 -7.928722392914505191e-21 -2.474243926102312617e-18 -4.375929934047523430e-16 -6.497777649655095888e-14 -7.722277018339285221e-12 -1.230642666632505235e-09 -3.287962953248295513e-07 -1.688011131841024023e-05
1.926939799331103709e+00 -6.631793246891648425e-28 -5.242857999960668427e-24 -4.994915762268042161e-21 -1.584235428915658721e-18 -2.860880897791134040e-16 -4.366765932007411210e-14 -5.374063261490152310e-12 -9.022124978066920391e-10 -2.644005535555859627e-07 -1.689679003030190900e-05
1.940314381270902944e+00 -4.115117445991609211e-28 -3.273461199851216864e-24 -3.154981104466133180e-21 -1.016372027021430014e-18 -1.872672870076464971e-16 -2.935676850799735692e-14 -3.737549996571337939e-12 -6.601765196223824306e-10 -2.117973135459671806e-07 -1.687660175991973849e-05
1.953688963210702401e+00 -2.550142794577947593e-28 -2.040342593020269532e-24 -1.988682560697557000e-21 -6.504840563972562939e-19 -1.222424909304258756e-16 -1.967376336599759016e-14 -2.590146317478907661e-12 -4.811077475410702947e-10 -1.688231242426137699e-07 -1.682108729851579824e-05
1.967063545150501636e+00 -1.583266716323779193e-28 -1.273510637054524912e-24 -1.254654521655024653e-21 -4.164720667601501729e-19 -7.978108816733572474e-17 -1.317333896792304025e-14 -1.792123730949499152e-12 -3.497132482017009493e-10 -1.340198442309315372e-07 -1.673406581028960381e-05
1.980438127090301093e+00 -9.861001344098662774e-29 -7.970180198444754061e-25 -7.932574278687320143e-22 -2.670616093758688793e-19 -5.211554491396494778e-17 -8.821759179591464069e-15 -1.239022282371109236e-12 -2.537163720581841719e-10 -1.059982104209574032e-07 -1.661774247027837087e-05
1.993812709030100327e+00 -6.133394587861836028e-29 -4.979444424367571520e-25 -5.004982457432235751e-22 -1.708417659163946590e-19 -3.395053409302945143e-17 -5.889348081988112980e-15 -8.536356469325418591e-13 -1.833386247940096013e-10 -8.343404546158850918e-08 -1.647267202261511469e-05
2.007187290969899784e+00 -3.821121503777982720e-29 -3.114665304283071990e-25 -3.160102867801338023e-22 -1.093112122991909679e-19 -2.210882530055791456e-17 -3.927590042147103843e-15 -5.870571388680836159e-13 -1.321103668540408355e-10 -6.538541062224402623e-08 -1.628895363449835816e-05
2.020561872909699019e+00 -2.385381960757267937e-29 -1.951327172941396866e-25 -1.997467840473339592e-22 -6.998253621915425615e-20 -1.439743289454539256e-17 -2.617486280714146053e-15 -4.031294584286078995e-13 -9.495649846891607031e-11 -5.102962602783231902e-08 -1.607131118369021431e-05
2.033936454849498254e+00 -1.487203779888903682e-29 -1.220495911340391182e-25 -1.260098465324267481e-22 -4.470195635236944352e-20 -9.351444575243426707e-18 -1.739263067269706677e-15 -2.759104868544518330e-13 -6.799344622818097866e-11 -3.964474986385734898e-08 -1.583287010670733036e-05
2.047311036789297489e+00 -9.299017573787753345e-30 -7.652738348392009565e-26 -7.965323208778711393e-23 -2.859693315596754735e-20 -6.079687505835297360e-18 -1.156005417526569092e-15 -1.887409438685616804e-13 -4.861069630857428800e-11 -3.070200131412289266e-08 -1.557738449978525536e-05
2.060685618729097168e+00 -5.827124938970927809e-30 -4.807042080620688406e-26 -5.041939223699866476e-23 -1.831083443437055462e-20 -3.954169615613873062e-18 -7.681742226209547070e-16 -1.289925390397612828e-13 -3.468913910653221545e-11 -2.369826933398536364e-08 -1.530644691941308711e-05
2.074060200668896403e+00 -3.647473354515677959e-30 -3.015149260078470353e-26 -3.185862113355207012e-23 -1.170049815709654932e-20 -2.565700940615144669e-18 -5.090867777475745717e-16 -8.788994446948005592e-14 -2.466801184976205136e-11 -1.821506912518517987e-08 -1.502102823104494894e-05
2.087434782608695638e+00 -2.291080459572283976e-30 -1.897072438064734982e-26 -2.018408585248224114e-23 -7.492737002772014138e-21 -1.667447702376792706e-18 -3.376942876454911332e-16 -5.989206586387920272e-14 -1.752531647973214021e-11 -1.396402344125556623e-08 -1.472375179374945761e-05
2.100809364548494873e+00 -1.441709534555389674e-30 -1.195345978490667088e-26 -1.280148629303321990e-23 -4.801414280468021379e-21 -1.083910001176122851e-18 -2.239318136496787748e-16 -4.077465730440938881e-14 -1.242881931784482990e-11 -1.067243068559514050e-08 -1.441594936307095503e-05
2.114183946488294552e+00 -9.067410145752971526e-31 -7.525362167360507084e-27 -8.109748230395318004e-24 -3.072359634487043854e-21 -7.033701616055643875e-19 -1.481903668108146095e-16 -2.769326755487861886e-14 -8.789562471377551305e-12 -8.128144606752199068e-09 -1.410421045573883372e-05
2.127558528428093787e+00 -5.725617916772071548e-31 -4.754916334044273822e-27 -5.154114877698496766e-24 -1.971370324564935635e-21 -4.574328866822113918e-19 -9.821601382911112480e-17 -1.882213930819135999e-14 -6.213564821695919121e-12 -6.177466184708928826e-09 -1.378264729072065160e-05
2.140933110367893022e+00 -3.620214831437112997e-31 -3.007386876502154945e-27 -3.277806461992010639e-24 -1.265290559547470903e-21 -2.974559193173035266e-19 -6.505646369552578879e-17 -1.277830024325960180e-14 -4.384373221634060391e-12 -4.680886750415168724e-09 -1.345097962454684811e-05
2.154307692307692257e+00 -2.286871091033766062e-31 -1.899736388999019310e-27 -2.081361591036126978e-24 -8.106465250886327820e-22 -1.930271906672849319e-19 -4.299005623638003214e-17 -8.651747534986281581e-15 -3.084029525822613615e-12 -3.533506885788427833e-09 -1.310887383328987524e-05
2.167682274247491492e+00 -1.450970217137216686e-31 -1.204952320378494305e-27 -1.326516367621096084e-24 -5.210440694055369632e-22 -1.255973431022095647e-19 -2.846554717690981738e-17 -5.864892285482605494e-15 -2.169562703038976995e-12 -2.662947618991440535e-09 -1.275719577031172520e-05
2.181056856187291171e+00 -9.213560925242783428e-32 -7.646571440953344246e-28 -8.455979863119333365e-25 -3.348609147021120446e-22 -8.168387440917822560e-20 -1.883149781650671150e-17 -3.970303547945987638e-15 -1.523200473738246728e-12 -2.000866670867982735e-09 -1.239551524476772353e-05
2.194431438127090406e+00 -5.845124574903969691e-32 -4.846508338614280351e-28 -5.382244221135157653e-25 -2.148285992623866024e-22 -5.301720763093376181e-20 -1.242938773773565395e-17 -2.680714305580878657e-15 -1.066178837330926123e-12 -1.497927828902005901e-09 -1.202364704403002937e-05
2.207806020066889641e+00 -3.726052609804258138e-32 -3.085734668178803151e-28 -3.440089026830797055e-25 -1.383361079101835249e-22 -3.452102439275446347e-20 -8.224559505085719108e-18 -1.813123539834255117e-15 -7.467318037315241466e-13 -1.120069148772021820e-09 -1.164279248911738258e-05
2.221180602006688876e+00 -2.376346692363366778e-32 -1.965032612684593089e-28 -2.198545105684475962e-25 -8.904596805034532705e-23 -2.246213475742311152e-20 -5.436497216371947870e-18 -1.224529117770316365e-15 -5.219454878872924177e-13 -8.351245023494527718e-10 -1.125441783801823312e-05
2.234555183946488555e+00 -1.514503116914811159e-32 -1.250126608483806277e-28 -1.403336973395427241e-25 -5.723323476938285045e-23 -1.459035659545309946e-20 -3.586359988797115034e-18 -8.251040551566694484e-16 -3.638443565726264731e-13 -6.206247645209954261e-10 -1.085933528290211489e-05
2.247929765886287790e+00 -9.704392139726224830e-33 -7.994113582419461727e-29 -9.000604798619106971e-26 -3.694735569263306174e-23 -9.513915441622097913e-21 -2.373470837640028905e-18 -5.573111271847444319e-16 -2.539590583529188154e-13 -4.609672114558508455e-10 -1.045840334538334367e-05
2.261304347826087024e+00 -6.218720704679654882e-33 -5.110964698684289180e-29 -5.770126691502826849e-26 -2.383477267887593997e-23 -6.197644174091233847e-21 -1.568742392697501701e-18 -3.758120443745689996e-16 -1.768851653028954229e-13 -3.414070065522107881e-10 -1.005166437902116767e-05
2.274678929765886259e+00 -3.982400055524165793e-33 -3.264563638490302524e-29 -3.694717247642586187e-26 -1.535394154055229729e-23 -4.030623355537116678e-21 -1.034864832993953539e-18 -2.528618845123645336e-16 -1.228846700111209266e-13 -2.520612526008011107e-10 -9.639714118126247694e-06
2.288053511705685494e+00 -2.565002281684973070e-33 -2.096799175944904946e-29 -2.378207238782678719e-26 -9.938682551515841588e-24 -2.632710625734274910e-21 -6.852103721924724092e-19 -1.706325701441268887e-16 -8.552180312412888698e-14 -1.860829105070153724e-10 -9.223890695914335351e-06
2.301428093645485173e+00 -1.651494608686048372e-33 -1.345924522459018896e-29 -1.529487474893853641e-26 -6.426358252950556230e-24 -1.717340904357814376e-21 -4.529691950131100458e-19 -1.149247885860463073e-16 -5.938225024420887630e-14 -1.369749390986151359e-10 -8.804652529176543497e-06
2.314802675585284408e+00 -1.062975930239849374e-33 -8.634289758529672108e-30 -9.828336124209593214e-27 -4.150869390330803894e-24 -1.118779261820607306e-21 -2.989727006996202526e-19 -7.725994813206211122e-17 -4.113914715169764055e-14 -1.005382079738763523e-10 -8.383153304320441527e-06
2.328177257525083643e+00 -6.879474437271279863e-34 -5.568536303906054432e-30 -6.347467446148658646e-27 -2.693663817373683736e-24 -7.319246805178248036e-22 -1.980494593874241324e-19 -5.209033073162723624e-17 -2.855321654678422941e-14 -7.380075466431317224e-11 -7.961194033505202596e-06
2.341551839464882878e+00 -4.450266484032231080e-34 -3.588758655665780797e-30 -4.095532456286344037e-27 -1.745992605095971982e-24 -4.781732096786683181e-22 -1.309794296248535983e-19 -3.505305766955215030e-17 -1.977250974826758094e-14 -5.401976549656491438e-11 -7.539616124442264099e-06
2.354926421404682113e+00 -2.879157093552746404e-34 -2.312539805833370494e-30 -2.641565958911160327e-27 -1.131054525281254057e-24 -3.121340274134242278e-22 -8.652645261673414418e-20 -2.355453090662452607e-17 -1.366673214892311643e-14 -3.944138462131610788e-11 -7.119950089280804251e-06
2.368301003344481792e+00 -1.872023094739815947e-34 -1.497383080483874322e-30 -1.711602462977196522e-27 -7.358271542485506065e-25 -2.045374102413152484e-22 -5.735109640747940920e-20 -1.587025711717191576e-17 -9.462593506587849954e-15 -2.880028063588284343e-11 -6.704293067794456623e-06
2.381675585284281027e+00 -1.216649588194887727e-34 -9.689010057763987340e-31 -1.108031070882271827e-27 -4.781729910059130691e-25 -1.338529250420139752e-22 -3.795363435542798206e-20 -1.067324355952654633e-17 -6.537416145491955296e-15 -2.097281893995887725e-11 -6.293659813137268677e-06
2.395050167224080262e+00 -7.911388675605256070e-35 -6.271344708011347575e-31 -7.173641439982271208e-28 -3.106959636713565745e-25 -8.756260959604602274e-23 -2.510019417173571881e-20 -7.170978222335416925e-18 -4.509998028161274762e-15 -1.523981325385973230e-11 -5.889760498093517083e-06
2.408424749163879497e+00 -5.167644091572164188e-35 -4.076939044477809075e-31 -4.663618501601800872e-28 -2.026550782738873430e-25 -5.748095623466704263e-23 -1.664984297755341661e-20 -4.829612731414438261e-18 -3.116161247299469494e-15 -1.107488871402298768e-11 -5.494681520424436325e-06
2.421799331103679176e+00 -3.374019245446314606e-35 -2.648630294863511608e-31 -3.029204904475036717e-28 -1.320428395122981941e-25 -3.768559122816287083e-23 -1.102780873843645603e-20 -3.246993867634499562e-18 -2.148585456383720110e-15 -8.027177946541509149e-12 -5.109313016281571683e-06
2.435173913043478411e+00 -2.205031983106542366e-35 -1.721995560687502346e-31 -1.968643085753557401e-28 -8.606174206868109341e-26 -2.470924355382798828e-23 -7.302568394846312392e-21 -2.181779601178793385e-18 -1.479928000983468290e-15 -5.807770238028496252e-12 -4.735277375556421861e-06
2.448548494983277646e+00 -1.446870867354380092e-35 -1.123920319059713162e-31 -1.284137081351097465e-28 -5.628597361407471222e-26 -1.625166839821275510e-23 -4.848781838409519934e-21 -1.469195766331449132e-18 -1.020766328766360669e-15 -4.202184827780640463e-12 -4.374321149696622074e-06
2.461923076923076881e+00 -9.489959565917260284e-36 -7.330964845268725169e-32 -8.369321523626973343e-29 -3.677405113525392594e-26 -1.067584037323108442e-23 -3.214841515544189517e-21 -9.876712836812846785e-19 -7.026451803908450491e-16 -3.032834802040936952e-12 -4.026992433980223499e-06
2.475297658862876116e+00 -6.232786119399704150e-36 -4.787303948459540694e-32 -5.459946517070001054e-29 -2.404421383653996546e-26 -7.016656697803367695e-24 -2.131986207302298192e-21 -6.638848704913565497e-19 -4.833708266542440326e-16 -2.185780055025833515e-12 -3.694587621662567433e-06
2.488672240802675795e+00 -4.108163408819367555e-36 -3.137024253888897916e-32 -3.573592686420057586e-29 -1.576878370997616124e-26 -4.624353988634501540e-24 -1.417220030851787020e-21 -4.470888652817103668e-19 -3.329187239533092529e-16 -1.575265334885692994e-12 -3.378255779150348465e-06
2.502046822742475030e+00 -2.706696994522300115e-36 -2.054363530995066489e-32 -2.337060841240769024e-29 -1.033128258790485564e-26 -3.044095421307301346e-24 -9.407730353845688916e-22 -3.005994554118021416e-19 -2.288521838917037376e-16 -1.132537357634253865e-12 -3.078078768918006972e-06
2.515421404682274265e+00 -1.786397861477126342e-36 -1.347455772225969086e-32 -1.530503257996092315e-29 -6.776760022651621810e-27 -2.005744810719809180e-24 -6.249090833417688561e-22 -2.021690055924013927e-19 -1.572840610659318775e-16 -8.133878205007856081e-13 -2.794879905752401126e-06
2.528795986622073499e+00 -1.182688013548710665e-36 -8.864562965941614095e-33 -1.005153449958264280e-29 -4.456906363102204991e-27 -1.324718550565863318e-24 -4.159411294731131361e-22 -1.361878530247435004e-19 -1.082022020255587861e-16 -5.841067584441584393e-13 -2.529126819847783886e-06
2.542170568561873178e+00 -7.826969763081417808e-37 -5.828289946053517728e-33 -6.596148786973752266e-30 -2.928384765014300455e-27 -8.739287552508798897e-25 -2.764798730249624588e-22 -9.159708397525628316e-20 -7.429820847225314045e-17 -4.184837571583270584e-13 -2.280441818783230278e-06
2.555545150501672413e+00 -5.190646143195020207e-37 -3.839467309347406542e-33 -4.336336017373900746e-30 -1.927144749782226555e-27 -5.773262843057339954e-25 -1.839769805374814463e-22 -6.165098136438885200e-20 -5.102837834164367137e-17 -2.996236243899618330e-13 -2.049142274679011926e-06
2.568919732441471648e+00 -3.451575549735758283e-37 -2.535844852693244050e-33 -2.857662915011049903e-30 -1.271083318568068497e-27 -3.821538933267791804e-25 -1.226317362867386822e-22 -4.155006357345170990e-20 -3.507291404244856228e-17 -2.144746711174532779e-13 -1.835059356322977013e-06
2.582294314381270883e+00 -2.294286051766654479e-37 -1.673868735940565320e-33 -1.881776483563381932e-30 -8.375849498418589143e-28 -2.526822716101810012e-25 -8.163521292253586966e-23 -2.796053962868132388e-20 -2.406305698672462696e-17 -1.531806531710385111e-13 -1.637444519044602437e-06
2.595668896321070118e+00 -1.528735075743085798e-37 -1.107457511210761530e-33 -1.241846110505931522e-30 -5.530300249843142247e-28 -1.673713583482832515e-25 -5.442514117493658814e-23 -1.883708386303840514e-20 -1.651950159765541551e-17 -1.093723477048044742e-13 -1.456194358845000913e-06
2.609043478260869797e+00 -1.020951124894594679e-37 -7.343023872062770035e-34 -8.211975148813983859e-31 -3.658250719077080839e-28 -1.110453306569570907e-25 -3.633420617750883980e-23 -1.270361866692826919e-20 -1.134667578594829339e-17 -7.806524385182103658e-14 -1.290661325475948428e-06
2.622418060200669032e+00 -6.815797525721058126e-38 -4.866062515906378498e-34 -5.426341558089379316e-31 -2.417724590948409139e-28 -7.359619183936482827e-26 -2.422628056264591567e-23 -8.554740563193152085e-21 -7.780144269752595854e-18 -5.559962559792885731e-14 -1.139871495390091838e-06
2.635792642140468267e+00 -4.562745482747894929e-38 -3.233267999088938710e-34 -3.594771989151975762e-31 -1.601669091341134219e-28 -4.888234306271345048e-26 -1.618377240421919339e-23 -5.769738501192670613e-21 -5.340078609715573088e-18 -3.960283593089745428e-14 -1.003427992328098954e-06
2.649167224080267502e+00 -3.060192443435347198e-38 -2.152148652288735158e-34 -2.385300627297947981e-31 -1.062617176874774126e-28 -3.250895380738174509e-26 -1.082231790967184198e-23 -3.894218704329484820e-21 -3.666289658404901432e-18 -2.819440524018141889e-14 -8.803990931079032766e-07
2.662541806020067181e+00 -2.051702185192827600e-38 -1.431741711029734201e-34 -1.581627395149802955e-31 -7.043713573159208587e-29 -2.159756554163048018e-26 -7.228261469754846152e-24 -2.624652476424860891e-21 -2.512925313223326129e-18 -2.003075113017729464e-14 -7.697450874536662801e-07
2.675916387959866416e+00 -1.379800728921997334e-38 -9.553622870838371109e-35 -1.051786680426507821e-31 -4.681907671675413308e-29 -1.438522267486843127e-26 -4.838839662998804751e-24 -1.772421233221352625e-21 -1.724831284576446606e-18 -1.423763598070159464e-14 -6.709181222344992635e-07
2.689290969899665651e+00 -9.293158196128573307e-39 -6.383644008097760306e-35 -7.003117794090297201e-32 -3.115440162759320849e-29 -9.590188242483134988e-27 -3.241536972987847748e-24 -1.197418564096378299e-21 -1.183923981603314127e-18 -1.011325150920196516e-14 -5.828848752253583478e-07
2.702665551839464886e+00 -6.256852041482507368e-39 -4.263206030316026959e-35 -4.659638509917866906e-32 -2.071318954016016946e-29 -6.387063665684877810e-27 -2.168949558100339312e-24 -8.078510808110633712e-22 -8.113312228187542597e-19 -7.169218382706832292e-15 -5.046613345985372395e-07
2.716040133779264121e+00 -4.226849810069269659e-39 -2.856656851209219369e-35 -3.110475275819797289e-32 -1.381428695419607070e-29 -4.266267382145233898e-27 -1.455152740577388775e-24 -5.462982931171514699e-22 -5.570022854497963661e-19 -5.086559808146699492e-15 -4.356662315081913092e-07
2.729414715719063800e+00 -2.858641212217803860e-39 -1.916072057227027487e-35 -2.078153595736646931e-32 -9.219876126168877593e-30 -2.851276437282844145e-27 -9.766181662263844480e-25 -3.694703010561358465e-22 -3.823077739601136341e-19 -3.605886657047234977e-15 -3.749099280416164925e-07
2.742789297658863035e+00 -1.932645603850589154e-39 -1.284515801866199841e-35 -1.387505427779459412e-32 -6.148428326274701918e-30 -1.903741500825744680e-27 -6.547059996813681131e-25 -2.495486385793143222e-22 -2.619933940751837584e-19 -2.551281990256619954e-15 -3.215441082422881417e-07
2.756163879598662270e+00 -1.311411599963502052e-39 -8.642874643558047302e-36 -9.297173230249200362e-33 -4.114424852177792921e-30 -1.275283976916081924e-27 -4.402412371022880680e-25 -1.690089535017704504e-22 -1.799365262384368036e-19 -1.807341635489806103e-15 -2.750320826990970850e-07
2.769538461538461505e+00 -8.905325421294216581e-40 -5.818998696980886382e-36 -6.232800427729960969e-33 -2.754302909405622739e-30 -8.544715524318620853e-28 -2.960379119622897980e-25 -1.144409766340190042e-22 -1.235178809417674766e-19 -1.279013111013543758e-15 -2.345157044860906541e-07
2.782913043478261184e+00 -6.045239057223353227e-40 -3.915775434796592115e-36 -4.175702270592435151e-33 -1.842326871611671270e-30 -5.719762359306381674e-28 -1.988493270125175114e-25 -7.739220345820947731e-23 -8.466096816101839495e-20 -9.034338423684462697e-16 -1.993154714453197598e-07
2.796287625418060419e+00 -4.119964372273483095e-40 -2.645524299151835611e-36 -2.808515834515338565e-33 -1.237019036241243884e-30 -3.842759393084023565e-28 -1.340242792319175708e-25 -5.249952929501254896e-23 -5.817746430407793572e-20 -6.391720799827543282e-16 -1.689824128082971872e-07
2.809662207357859653e+00 -2.808960697238333629e-40 -1.787812146640637937e-36 -1.889230214060881144e-33 -8.305965532140851107e-31 -2.581372328745407071e-28 -9.030506762096743209e-26 -3.559571215084548209e-23 -3.994759918378010938e-20 -4.516536063010203622e-16 -1.428275182843483371e-07
2.823036789297658888e+00 -1.914486979256690564e-40 -1.207578649042753300e-36 -1.270026939003098345e-33 -5.572683174354637877e-31 -1.732439120971115394e-28 -6.078180577842876761e-26 -2.410456076688326202e-23 -2.738979137825902771e-20 -3.185701504334831993e-16 -1.203383943385642589e-07
2.836411371237458123e+00 -1.310363659095730807e-40 -8.191454160425525277e-37 -8.573896982135431209e-34 -3.754365747893452560e-31 -1.167345911021653710e-28 -4.106507434279911498e-26 -1.637958421438526697e-23 -1.883510690638648310e-20 -2.251478860958110778e-16 -1.011666836414311677e-07
2.849785953177257802e+00 -8.969256501342404871e-41 -5.556122504622834509e-37 -5.786985673888403283e-34 -2.528495524951134743e-31 -7.862050746511473770e-29 -2.772674481783353989e-26 -1.112133595640423063e-23 -1.293875426525845057e-20 -1.588932283635198994e-16 -8.479292789674066239e-08
2.863160535117057037e+00 -6.137598666620528026e-41 -3.766969274138413111e-37 -3.903688571483206666e-34 -1.701684367122482694e-31 -5.290597600353657988e-29 -1.870220297057163920e-26 -7.542357398054058925e-24 -8.876017245820074062e-21 -1.119430066887769111e-16 -7.085177429114616704e-08
2.876535117056856272e+00 -4.218363580061901155e-41 -2.565337040165554935e-37 -2.644983222344577817e-34 -1.150239548792332291e-31 -3.575268997030358431e-29 -1.266576696490042534e-26 -5.134202136359338331e-24 -6.108654438442151656e-21 -7.904582896572655915e-17 -5.908670976818342593e-08
2.889909698996655507e+00 -2.898630980722330058e-41 -1.746372294100996501e-37 -1.791238229844261615e-34 -7.770081266954605699e-32 -2.414261540481955959e-29 -8.569957535732266439e-27 -3.491218855616281837e-24 -4.198723672409354532e-21 -5.572597258866275751e-17 -4.912879736289069348e-08
2.903284280936454742e+00 -1.991860503199033440e-41 -1.188740715048363494e-37 -1.212792690806854308e-34 -5.247010645448967681e-32 -1.629493649386964612e-29 -5.795012494359975076e-27 -2.372122390887062232e-24 -2.883008646831215928e-21 -3.923143645134291509e-17 -4.073138237044811768e-08
2.916658862876254421e+00 -1.374233293569360322e-41 -8.124548001674298906e-38 -8.244712823146633109e-35 -3.557337373848435780e-32 -1.104069224727929160e-29 -3.933001896925747843e-27 -1.617240829718024795e-24 -1.985448303030584014e-21 -2.767710928385589876e-17 -3.370708144013616798e-08
2.930033444816053656e+00 -9.479087946979677721e-42 -5.550786311468070946e-38 -5.602117670133917229e-35 -2.410310754413504593e-32 -7.475157931378885282e-30 -2.666941287129706043e-27 -1.101448466306280927e-24 -1.365628775035175059e-21 -1.949515364705347924e-17 -2.781398595771175003e-08
2.943408026755852891e+00 -6.540684364536028214e-42 -3.793238104127524044e-38 -3.806975430704269608e-35 -1.633136769985431277e-32 -5.060486784736443176e-30 -1.807955442598573966e-27 -7.498349384662138617e-25 -9.386779294503145366e-22 -1.371744977270049471e-17 -2.288939697620911579e-08
2.956782608695652126e+00 -4.529522951332285298e-42 -2.601726082682598066e-38 -2.596558669744826295e-35 -1.110544636943920261e-32 -3.437808776430134122e-30 -1.229719972304271611e-27 -5.120427801746978495e-25 -6.469408844035366792e-22 -9.670407175575953763e-18 -1.880394588121200368e-08
2.970157190635451805e+00 -3.136078429294198272e-42 -1.783852073173450126e-38 -1.770142743834751415e-35 -7.547279596127467873e-33 -2.333777715220478396e-30 -8.357074483120444417e-28 -3.493100928735258145e-25 -4.453380087434977648e-22 -6.807013282865364480e-18 -1.540477458722335064e-08
2.983531772575251040e+00 -2.172708837361806959e-42 -1.223756562840977943e-38 -1.207297821081803905e-35 -5.130923958859230678e-33 -1.584664635314847889e-30 -5.679909353894661214e-28 -2.382771798903182495e-25 -3.064622885668066469e-22 -4.787987369515474662e-18 -1.258861483807241944e-08
2.996906354515050275e+00 -1.510186256900668191e-42 -8.422972288628175806e-39 -8.261307707881115000e-36 -3.499489798521067010e-33 -1.079386507035556958e-30 -3.871898134386996068e-28 -1.629874275412995115e-25 -2.114007162086351934e-22 -3.373526924132437305e-18 -1.027024557740988691e-08
3.010280936454849510e+00 -1.049458694144834744e-42 -5.795407951494559537e-39 -5.650403294630995333e-36 -2.385396964451029338e-33 -7.347041679309847908e-31 -2.637214911601000785e-28 -1.113786343756021801e-25 -1.456558704493938380e-22 -2.373426741412141310e-18 -8.356339378081202205e-09
3.023655518394648745e+00 -7.299700728003497325e-43 -3.990941137694485907e-39 -3.867640979958926089e-36 -1.627091572310917056e-33 -5.003757088455628584e-31 -1.797035422442220328e-28 -7.613203842526893996e-26 -1.003602553741012857e-22 -1.669149815789083214e-18 -6.783587152597158178e-09
3.037030100334448424e+00 -5.092216662568322667e-43 -2.756415342773450855e-39 -2.655120485415489782e-36 -1.113042807244061361e-33 -3.417351195264419479e-31 -1.227770035341182539e-28 -5.216704030306656128e-26 -6.929720104655624190e-23 -1.175593262698135247e-18 -5.498101591148605750e-09
3.050404682274247659e+00 -3.551523310287666423e-43 -1.903111226162404814e-39 -1.821889596687653562e-36 -7.609630092271915940e-34 -2.332306236897972151e-31 -8.381563695680108965e-29 -3.571180154541965561e-26 -4.779422227912210523e-23 -8.267948130506362105e-19 -4.444644659795406124e-09
3.063779264214046893e+00 -2.479973456533255386e-43 -1.315482591590900343e-39 -1.251500899544998080e-36 -5.207756618605414629e-34 -1.593211731656153204e-31 -5.726234275359047021e-29 -2.446206489679913549e-26 -3.297576949999776805e-23 -5.814447602939918960e-19 -3.585622476529775245e-09
3.077153846153846128e+00 -1.736175068039398002e-43 -9.116577500188535372e-40 -8.619025236230954694e-37 -3.573005419788247870e-34 -1.090990919544818437e-31 -3.921187095695366116e-29 -1.679193061352484428e-26 -2.279351680194105815e-23 -4.094164119863344284e-19 -2.888177282592293184e-09
3.090528428093645807e+00 -1.215195730950438537e-43 -6.315832851927844405e-40 -5.933190440190353796e-37 -2.450040982338072153e-34 -7.465824194688997798e-32 -2.683007195771245962e-29 -1.151609381074771590e-26 -1.573789102472967060e-23 -2.878846547129664004e-19 -2.320554535257811779e-09
3.103903010033445042e+00 -8.518038162828075623e-44 -4.381834553671346757e-40 -4.089982352566658856e-37 -1.682229396618231052e-34 -5.115252418077148447e-32 -1.837832899327413805e-29 -7.905355381923937244e-27 -1.087396125552188717e-23 -2.024808774746001113e-19 -1.861066317506451027e-09
3.117277591973244277e+00 -5.984161778681240739e-44 -3.046904390858743175e-40 -2.825676727866961521e-37 -1.157559340992209182e-34 -3.512113085277689861e-32 -1.261395433546193627e-29 -5.436599130050575572e-27 -7.524916902108771309e-24 -1.425595200333558683e-19 -1.490312695445164314e-09
3.130652173913043512e+00 -4.203137392707577647e-44 -2.117949498978107467e-40 -1.951326517812999175e-37 -7.960909007468040884e-35 -2.409822365609516691e-32 -8.650876699727190811e-30 -3.735424852302871154e-27 -5.201718128910426551e-24 -1.002355134160968032e-19 -1.190522560116157840e-09
3.144026755852842747e+00 -2.957302761214588397e-44 -1.474752897998210339e-40 -1.349793801090918324e-37 -5.483860798240657664e-35 -1.656039333811346358e-32 -5.941399765241795976e-30 -2.569843363154915396e-27 -3.599493441150537877e-24 -7.051798954784441677e-20 -9.495147448849376307e-10
3.157401337792642426e+00 -2.084733169759170866e-44 -1.028863303849004989e-40 -9.354659618510825332e-38 -3.784524931435105429e-35 -1.140052587610409684e-32 -4.087318727383126122e-30 -1.770634845046194863e-27 -2.493937528717039452e-24 -4.965060140917419577e-20 -7.561687116500313770e-10
3.170775919732441661e+00 -1.469303850151924956e-44 -7.175487994355293657e-41 -6.480339572586894554e-38 -2.610368191326421487e-35 -7.843316203819317227e-33 -2.809693481041138110e-30 -1.218897054320852701e-27 -1.726125339393989952e-24 -3.491224577706138978e-20 -6.007788355832276257e-10
3.184150501672240896e+00 -1.037603445704717535e-44 -5.014270579715025572e-41 -4.498005098692640567e-38 -1.803948883512759016e-35 -5.405996478630056430e-33 -1.934795514903901480e-30 -8.404226861770967926e-28 -1.196324711669079689e-24 -2.457100721011903035e-20 -4.766705802662478992e-10
3.197525083612040131e+00 -7.339214991841383455e-45 -3.509616902041361905e-41 -3.126969469157668920e-38 -1.248549340282218137e-35 -3.731463678985157223e-33 -1.334117005929725768e-30 -5.801642575797921737e-28 -8.299499194014624504e-25 -1.730260443682614669e-20 -3.776371429219230030e-10
3.210899665551839366e+00 -5.190081033433607278e-45 -2.455660352453540500e-41 -2.172897012333666881e-38 -8.636872042011016541e-36 -2.573999393205394398e-33 -9.192425954518498228e-31 -4.001549727066996154e-28 -5.751856205895629106e-25 -1.216867538184774805e-20 -2.984987541090480938e-10
3.224274247491639045e+00 -3.678416601072836926e-45 -1.722074530186385215e-41 -1.513304440221279173e-38 -5.987754489358640214e-36 -1.779377606602685083e-33 -6.346808131333823931e-31 -2.765252142264206826e-28 -3.992942523031421457e-25 -8.568514456758484834e-21 -2.356814587282677077e-10
3.237648829431438280e+00 -2.610456096692908813e-45 -1.209194646646283755e-41 -1.055254599288589773e-38 -4.156155411495122070e-36 -1.231450555153999405e-33 -4.386592349044876253e-31 -1.912634599564083447e-28 -2.773837390098947689e-25 -6.035407980236825720e-21 -1.858035376099292377e-10
3.251023411371237515e+00 -1.852157328529648815e-45 -8.487859245852625663e-42 -7.355332159235570652e-39 -2.883316690621253151e-36 -8.517189863763239849e-34 -3.029582014510776761e-31 -1.321785872551370910e-28 -1.925006832254158862e-25 -4.245850715736210009e-21 -1.461586990102949294e-10
3.264397993311036750e+00 -1.317349596637025208e-45 -5.972875088556970170e-42 -5.139655411156402872e-39 -2.005257455034660170e-36 -5.905156185625669324e-34 -2.097281389007558195e-31 -9.154878540121949228e-29 -1.338592822486163479e-25 -2.991506010254509384e-21 -1.148734632718709533e-10
3.277772575250836429e+00 -9.379242090730622783e-46 -4.207253968627714112e-42 -3.594809797812359864e-39 -1.395832527395047776e-36 -4.097517000974126974e-34 -1.452928160526532145e-31 -6.344613797366875825e-29 -9.312052918985818997e-26 -2.107893017829353505e-21 -9.014609520093453458e-11
3.291147157190635664e+00 -6.676365487622241684e-46 -2.962597533062233302e-42 -2.513240501400363979e-39 -9.711191718234068812e-37 -2.841483135001986702e-34 -1.005821499794696111e-31 -4.393361775219529620e-29 -6.471652384259619389e-26 -1.483464595720963086e-21 -7.059037331135135202e-11
3.304521739130434899e+00 -4.765077960128080331e-46 -2.091868823499472335e-42 -1.761936124109862428e-39 -6.774945567733627804e-37 -1.975817478837308586e-34 -6.981398792454046609e-32 -3.049869131038518261e-29 -4.507994504798243191e-26 -1.045942991391201849e-21 -5.524334602365927250e-11
3.317896321070234134e+00 -3.403467434451882503e-46 -1.478083088850783729e-42 -1.236020912661924623e-39 -4.729248961751911353e-37 -1.374580668680477115e-34 -4.847813301048101414e-32 -2.117863441108954322e-29 -3.140582021103570770e-26 -7.373358088719399263e-22 -4.316444740844038742e-11
3.331270903010033368e+00 -2.430404533852298204e-46 -1.044053738071601687e-42 -8.667219602161002774e-40 -3.299573229408146756e-37 -9.557249063142882633e-35 -3.363909216847474953e-32 -1.469470726011897184e-29 -2.185842044866224691e-26 -5.191644304342059828e-22 -3.365669954239232893e-11
3.344645484949833047e+00 -1.740546681124810309e-46 -7.396664290464336755e-43 -6.095926000645590358e-40 -2.309037340011453197e-37 -6.664867153855109151e-35 -2.341049428866217761e-32 -1.022453821161951350e-29 -1.525306293786362411e-26 -3.663367128188447549e-22 -2.623410702733670877e-11
3.358020066889632282e+00 -1.247086862512403632e-46 -5.242375577727030293e-43 -4.288962463773396325e-40 -1.616324021650923381e-37 -4.648814865034610312e-35 -1.629408292294590732e-32 -7.114303764564339517e-30 -1.064223533480523504e-26 -2.583895142139600317e-22 -2.041486334765932931e-11
3.371394648829431517e+00 -8.933321791339455199e-47 -3.714334452224303214e-43 -3.016374394663278690e-40 -1.130858515313431614e-37 -3.240682520504062697e-35 -1.133312401176984942e-32 -4.946228379202734911e-30 -7.418212237666590146e-27 -1.820385957855339683e-22 -1.585449595971511798e-11
3.384769230769230752e+00 -6.419014813606334399e-47 -2.640100073871962518e-43 -2.128277782143340597e-40 -7.937897586071115692e-38 -2.266425711376949410e-35 -7.907823585381299234e-33 -3.449528666702993802e-30 -5.185894257803167627e-27 -1.285640848424825789e-22 -1.231183272130443775e-11
3.398143812709030431e+00 -4.613322585482046593e-47 -1.876805719152992242e-43 -1.501761024005733191e-40 -5.571878211702186054e-38 -1.584937858218970975e-35 -5.516849038405108235e-33 -2.405064943969797037e-30 -3.623812586657259971e-27 -9.073751752010782139e-23 -9.544352839136678059e-12
3.411518394648829666e+00 -3.314851356921166956e-47 -1.333765756201826509e-43 -1.059242675060696144e-40 -3.909153928943886628e-38 -1.107720387632733518e-35 -3.846187426965214105e-33 -1.675533300779484259e-30 -2.529917483526468084e-27 -6.396747428438137908e-23 -7.384499743035204820e-12
3.424892976588628901e+00 -2.389676817779115617e-47 -9.510873594449730650e-44 -7.497231640872619622e-41 -2.752248797606599254e-38 -7.769093383012456386e-36 -2.690753288849456406e-33 -1.171235484777045614e-30 -1.771865428004333867e-27 -4.521983203750928241e-23 -5.714474149664316493e-12
3.438267558528428136e+00 -1.722638194387701962e-47 -6.781171296335219865e-44 -5.305373793566458360e-41 -1.937176858580372339e-38 -5.446941498794751632e-36 -1.881569742814119463e-33 -8.182655388057361508e-31 -1.240092408078535021e-27 -3.193754618052249964e-23 -4.414157584769366600e-12
3.451642140468227371e+00 -1.241690422551937019e-47 -4.834092154077550697e-44 -3.753371151333374713e-41 -1.363035550911676456e-38 -3.817297425257549924e-36 -1.315066906419718928e-33 -5.713220468584919111e-31 -8.672702113064305483e-28 -2.253497628802731013e-23 -3.403547757510475114e-12
3.465016722408027050e+00 -8.978838846728444953e-48 -3.457552593363743339e-44 -2.664415683194957061e-41 -9.623534173595544024e-39 -2.684414101741483579e-36 -9.222538431315467367e-34 -4.002281870781985343e-31 -6.084431253879477645e-28 -1.594421651477837597e-23 -2.625053089211566109e-12
3.478391304347826285e+00 -6.491724600929976540e-48 -2.472392685996678499e-44 -1.890785433088149502e-41 -6.791853244527393501e-39 -1.886838462305316400e-36 -6.464069890445634451e-34 -2.801846082776406986e-31 -4.265185589091616768e-28 -1.126967366313914149e-23 -2.020954673788389277e-12
3.491765886287625520e+00 -4.694247756731859514e-48 -1.768078615929312102e-44 -1.341801826896105874e-41 -4.793119358567827447e-39 -1.326063898597749444e-36 -4.529698878435862417e-34 -1.960858680932537156e-31 -2.988564199201313106e-28 -7.960303224558996336e-24 -1.553384034074223515e-12
3.505140468227424755e+00 -3.404357008997784841e-48 -1.268233612394285580e-44 -9.551599446429191295e-42 -3.393147286149225968e-39 -9.348654990868171090e-37 -3.184004371260597696e-34 -1.376440100401669242e-31 -2.100043086518292434e-28 -5.636764974128694126e-24 -1.194274892562599111e-12
3.518515050167224434e+00 -2.468517856548521336e-48 -9.094770328174423959e-45 -6.797113654419039442e-42 -2.401127716959674325e-39 -6.587615283437205307e-37 -2.236838892417963801e-34 -9.655688535982502280e-32 -1.474527529311190535e-28 -3.987509964738837510e-24 -9.165670208226653065e-13
3.531889632107023669e+00 -1.790611443302484750e-48 -6.524172093563376281e-45 -4.838273346752773120e-42 -1.699496306000478529e-39 -4.642712794822932639e-37 -1.571544470271071298e-34 -6.773298118098043764e-32 -1.035168986554173237e-28 -2.819740442991470117e-24 -7.024588170305648864e-13
3.545264214046822904e+00 -1.302293181638235087e-48 -4.692951114007306618e-45 -3.453566342333229100e-42 -1.206279016807920817e-39 -3.281238608390296867e-37 -1.107204687437880407e-34 -4.764276015378337043e-32 -7.285968071965145939e-29 -1.998432510243393011e-24 -5.384632878067137538e-13
3.558638795986622139e+00 -9.469935102887885607e-49 -3.374901574874408357e-45 -2.464373003529594118e-42 -8.558640208455353026e-40 -2.317930814808614460e-37 -7.796310734009673420e-35 -3.348983110451058164e-32 -5.124226853965408984e-29 -1.414979117242245095e-24 -4.120468832079830724e-13
3.572013377926421374e+00 -6.890404163232269037e-49 -2.428402571967943494e-45 -1.759428642371013091e-42 -6.075303235524688781e-40 -1.638118491779264512e-37 -5.491644094427136583e-35 -2.354744340455132194e-32 -3.604364371848804052e-29 -1.001776615742541358e-24 -3.149412155455603830e-13
3.585387959866221053e+00 -5.025364132977310817e-49 -1.751637354162764136e-45 -1.259278575944704551e-42 -4.323396453154815825e-40 -1.160601147186262687e-37 -3.877892155427295769e-35 -1.659690890714116005e-32 -2.541116962564789470e-29 -7.106497306949903524e-25 -2.407471370443316991e-13
3.598762541806020288e+00 -3.664540504348381424e-49 -1.263168807876001449e-45 -9.010175619731168561e-43 -3.075476833587374666e-40 -8.219000926200513622e-38 -2.736854491394562251e-35 -1.169051734848625537e-32 -1.790156359569070110e-29 -5.036493442864388960e-25 -1.837246322322616762e-13
3.612137123745819522e+00 -2.674381732828832606e-49 -9.116395019892096936e-46 -6.451744245900441760e-43 -2.189357059840884261e-40 -5.824408066529737469e-38 -1.932759465744625599e-35 -8.239028319886341315e-33 -1.261652440322481316e-29 -3.570133855440635477e-25 -1.400758512643506880e-13
3.625511705685618757e+00 -1.955863025804343369e-49 -6.593696802291114279e-46 -4.630015199588498813e-43 -1.562028012994598893e-40 -4.136665656571682615e-38 -1.367908567338922352e-35 -5.818962091979733077e-33 -8.909701124706762149e-30 -2.535100206385670706e-25 -1.068004128561653927e-13
3.638886287625418436e+00 -1.430150154816654553e-49 -4.767913351824071979e-46 -3.321617527502370789e-43 -1.114019385796049503e-40 -2.936632576686791644e-38 -9.676139023511556521e-36 -4.107166495956194828e-33 -6.287275691600402042e-30 -1.798463962182795860e-25 -8.129731411158716026e-14
3.652260869565217671e+00 -1.046806022910855014e-49 -3.451193452182735153e-46 -2.385349832165744499e-43 -7.952815730463499320e-41 -2.086686043715008922e-38 -6.850661642009442765e-36 -2.901303711725966842e-33 -4.439819027369967460e-30 -1.276478768866984346e-25 -6.183977637622057123e-14
3.665635451505016906e+00 -7.676282614092143254e-50 -2.502865083373626107e-46 -1.716307856399146646e-43 -5.688450698164200192e-41 -1.485613722549792758e-38 -4.859496064772695561e-36 -2.053277326866525460e-33 -3.140672423092638478e-30 -9.073401785377734203e-26 -4.703633547628241197e-14
3.679010033444816141e+00 -5.628113371077488555e-50 -1.814675157770562610e-46 -1.234527442400004289e-43 -4.067242067046663683e-41 -1.057200240115928488e-38 -3.445232893506627053e-36 -1.452222406610133251e-33 -2.220042083065770587e-30 -6.443623668570007333e-26 -3.571993571948788132e-14
3.692384615384615376e+00 -4.131451396878044626e-50 -1.317333982488907252e-46 -8.890809174683006809e-44 -2.911620269477386199e-41 -7.532263401930759969e-39 -2.445365183443044401e-36 -1.028225665448223940e-33 -1.570803136612849401e-30 -4.579472479082637924e-26 -2.711292081946340601e-14
3.705759197324415055e+00 -3.037633789186317765e-50 -9.578708096800822584e-47 -6.413652318589032558e-44 -2.087827855405623234e-41 -5.375436850419009456e-39 -1.738502404349552235e-36 -7.291655419834574187e-34 -1.113060706444805585e-30 -3.258640974065195653e-26 -2.057653074581379972e-14
3.719133779264214290e+00 -2.233029684488156813e-50 -6.963237901510681452e-47 -4.625222420458296382e-44 -1.496541987309431938e-41 -3.834481372711383748e-39 -1.235316864233212081e-36 -5.167717337296245192e-34 -7.881379744606652755e-31 -2.316692171757469175e-26 -1.559182287045877436e-14
3.732508361204013525e+00 -1.643861642556178081e-50 -5.069231343223199511e-47 -3.340346665749440366e-44 -1.074269513416331565e-41 -2.739189045443267799e-39 -8.789997506134290775e-37 -3.667364761176849899e-34 -5.587580716390172962e-31 -1.648707536691621727e-26 -1.181166791210097491e-14
3.745882943143812760e+00 -1.211783807972532869e-50 -3.695534322835696192e-47 -2.415795885718713595e-44 -7.722293242241672502e-42 -1.959471938817582843e-39 -6.263056634623083602e-37 -2.605991400219524158e-34 -3.966116891574570920e-31 -1.174481997774138448e-26 -8.945577726265366931e-15
3.759257525083611995e+00 -8.931213004464171328e-51 -2.693428398410561998e-47 -1.746596142151322782e-44 -5.548999922390129060e-42 -1.401078612642539821e-39 -4.460237907522581377e-37 -1.850675411316658591e-34 -2.813184711091220112e-31 -8.359237072755133829e-27 -6.764734483155300599e-15
3.772632107023411674e+00 -6.593088451752515127e-51 -1.966295676836705319e-47 -1.264884004647324999e-44 -3.994038090148691576e-42 -1.003486637726838083e-39 -3.181589401791926954e-37 -1.316379078734342539e-34 -1.998404117947998662e-31 -5.957268725858781831e-27 -5.115466096234341099e-15
3.786006688963210909e+00 -4.872545372975129141e-51 -1.437109736411893066e-47 -9.170817853361726345e-45 -2.878093525022122108e-42 -7.195266701273813319e-40 -2.271960934207059800e-37 -9.373000133883470269e-35 -1.420933916975500904e-31 -4.248617061091988423e-27 -3.866799043785837966e-15
3.799381270903010144e+00 -3.600374721371783947e-51 -1.050084270872178440e-47 -6.647060849589988224e-45 -2.073166820749694647e-42 -5.156921299512609383e-40 -1.621564815859503495e-37 -6.669881975195091564e-35 -1.009625066374627974e-31 -3.027416116549234919e-27 -2.918629553433933943e-15
3.812755852842809379e+00 -2.665092350079078257e-51 -7.687058416173990815e-48 -4.826911757203580647e-45 -1.496199478539558582e-42 -3.703060579133115195e-40 -1.159544206704120099e-37 -4.755103187326472255e-35 -7.186397698442915689e-32 -2.160591268457055274e-27 -2.203445976623933159e-15
3.826130434782609058e+00 -1.974549711746064792e-51 -5.632363784439742953e-48 -3.508333343750777974e-45 -1.080760873626007841e-42 -2.661367483703766797e-40 -8.298451674582178003e-38 -3.392614405481269801e-35 -5.118646194371231783e-32 -1.542717111482690579e-27 -1.662661384895099673e-15
3.839505016722408293e+00 -1.462677508421444036e-51 -4.125863277499061819e-48 -2.549163258632821631e-45 -7.803834209915300573e-43 -1.911874780621543557e-40 -5.935899141503933035e-38 -2.419104838324567140e-35 -3.643338510240681075e-32 -1.100603358315145321e-27 -1.252799585654492887e-15
3.852879598662207528e+00 -1.085624438567309787e-51 -3.028485190306651492e-48 -1.856105913852266179e-45 -5.646862345938772961e-43 -1.376384685858891079e-40 -4.254991494104747263e-38 -1.728558820077917999e-35 -2.598482332391855277e-32 -7.866216935685305132e-28 -9.444102625333783308e-16
3.866254180602006763e+00 -8.063206006581872008e-52 -2.224490483601284075e-48 -1.352369821331587609e-45 -4.088688350450019887e-43 -9.914810949287188083e-41 -3.051803571316405717e-38 -1.235761698115458637e-35 -1.854052549441435761e-32 -5.623525409954885189e-28 -7.114770571014595955e-16
3.879628762541805997e+00 -5.987716236227505133e-52 -1.633542907718125905e-48 -9.850434165048685811e-46 -2.959385729535103268e-43 -7.139086804910486617e-41 -2.187750910555039959e-38 -8.829486189048813772e-36 -1.321996858400465672e-32 -4.016886713442291623e-28 -5.352452346910418773e-16
3.893003344481605676e+00 -4.455956492100208784e-52 -1.202263557361757845e-48 -7.191371863119415710e-46 -2.147003420738761944e-43 -5.152568948598554824e-41 -1.572038703641016013e-38 -6.323400390770350289e-36 -9.447655627264876736e-33 -2.875242880713892707e-28 -4.029509050571106747e-16
3.906377926421404911e+00 -3.317619435964117313e-52 -8.852509176954075469e-49 -5.252363028940590445e-46 -1.558251283883205886e-43 -3.720170100671980424e-41 -1.129968162530973211e-38 -4.529790470814369783e-36 -6.752915866069453081e-33 -2.058084093533565916e-28 -3.031188310157645140e-16
3.919752508361204146e+00 -2.469662775459150003e-52 -6.516719075841496869e-49 -3.835011362099108315e-46 -1.130538659998128292e-43 -2.684840413999530224e-41 -8.118137379463768810e-39 -3.243099505941876435e-36 -4.823589991226188408e-33 -1.471963992357044635e-28 -2.277086521666503594e-16
3.933127090301003381e+00 -1.842667250555056559e-52 -4.808832742561133252e-49 -2.807110983845381955e-46 -8.223113105399754461e-44 -1.942633199623128222e-41 -5.847479431513762651e-39 -2.327872213853401352e-36 -3.454150197064453661e-33 -1.055227976299549737e-28 -1.712216028526805877e-16
3.946501672240803060e+00 -1.375214736061413809e-52 -3.549367874864079056e-49 -2.055125511487903919e-46 -5.982145776535880942e-44 -1.405772236367867330e-41 -4.212218249724559817e-39 -1.670942314677554600e-36 -2.473302259713090602e-33 -7.562999716949117770e-29 -1.286274977815313803e-16
3.959876254180602295e+00 -1.026158673962388468e-52 -2.619113671594273190e-49 -1.504122010679144975e-46 -4.350295288890824608e-44 -1.016844302529522643e-41 -3.032771819022431655e-39 -1.198723102143152081e-36 -1.769809005721812979e-33 -5.416146733276904606e-29 -9.649911682076313946e-17
3.973250836120401530e+00 -7.675691915481334893e-53 -1.937642687133517362e-49 -1.103779895771467273e-46 -3.172210506950164612e-44 -7.375538580030201328e-42 -2.189668325193849239e-39 -8.623526245230519356e-37 -1.269883619146700487e-33 -3.888688827214818784e-29 -7.248063357449149504e-17
3.986625418060200765e+00 -5.741585816474708410e-53 -1.433459488155546985e-49 -8.099451493264503942e-47 -2.312917242972738360e-44 -5.348936777507440070e-42 -1.580620404132509516e-39 -6.202032370084847719e-37 -9.108485173068758031e-34 -2.790596708131967524e-29 -5.437954041911702718e-17
4.000000000000000000e+00 -4.293776116864121927e-53 -1.060138569087469009e-49 -5.941126670045431309e-47 -1.685675360324562005e-44 -3.877322209269084291e-42 -1.140353753485795554e-39 -4.457743615366919678e-37 -6.528590859809319346e-34 -2.000870194789128106e-29 -4.074266461795943203e-17
