0.	1.
0.001	0.9994683907309384
0.002	0.9989369856377184
0.003	0.9984057853834644
0.004	0.9978747906285713
0.005	0.9973440020307112
0.006	0.996813420244839
0.007	0.9962830459231987
0.008	0.9957528797153298
0.009000000000000001	0.9952229222680726
0.01	0.9946931742255755
0.011	0.9941636362292993
0.012	0.9936343089180257
0.013000000000000001	0.9931051929278615
0.014	0.9925762888922448
0.015	0.9920475974419524
0.016	0.9915191192051047
0.017	0.9909908548071724
0.018000000000000002	0.9904628048709821
0.019	0.9899349700167229
0.02	0.9894073508619522
0.021	0.9888799480216016
0.022	0.9883527621079838
0.023	0.987825793730798
0.024	0.987299043497136
0.025	0.9867725120114885
0.026000000000000002	0.9862461998757515
0.027	0.9857201076892314
0.028	0.9851942360486524
0.029	0.9846685855481616
0.03	0.9841431567793356
0.031	0.9836179503311866
0.032	0.983092966790168
0.033	0.9825682067401811
0.034	0.9820436707625807
0.035	0.9815193594361729
0.036000000000000004	0.9809952733365864
0.037	0.9804714130359679
0.038	0.9799477791040654
0.039	0.9794243721083273
0.04	0.9789011926138883
0.041	0.9783782411835575
0.042	0.9778555183778069
0.043000000000000003	0.9773330247547573
0.044	0.9768107608701674
0.045	0.9762887272774208
0.046	0.975766924527513
0.047	0.9752453531690399
0.048	0.9747240137481853
0.049	0.9742029068087074
0.05	0.9736820328919277
0.051000000000000004	0.973161392536718
0.052000000000000005	0.972640986279488
0.053	0.9721208146541727
0.054	0.9716008781922205
0.055	0.9710811774225803
0.056	0.9705617128716889
0.057	0.9700424850634596
0.058	0.9695234945192684
0.059000000000000004	0.9690047417579429
0.06	0.9684862272957488
0.061	0.9679679516463782
0.062	0.9674499153209365
0.063	0.9669321188279307
0.064	0.9664145626732571
0.065	0.9658972473601877
0.066	0.9653801733893586
0.067	0.964863341258758
0.068	0.9643467514637128
0.069	0.9638304044968772
0.07	0.9633143008483003
0.07100000000000001	0.9627984410065488
0.07200000000000001	0.962282825458558
0.073	0.9617674546888312
0.074	0.961252329179425
0.075	0.9607374494099555
0.076	0.9602228158576046
0.077	0.9597084289971254
0.078	0.9591942893008494
0.079	0.9586803972386919
0.08	0.9581667532781579
0.081	0.9576533578843496
0.082	0.9571402115199709
0.083	0.9566273146453342
0.084	0.9561146677183668
0.085	0.9556022711946174
0.08600000000000001	0.9550901255272602
0.08700000000000001	0.9545782311671039
0.088	0.9540665885625959
0.089	0.9535551981598287
0.09	0.9530440604025467
0.091	0.9525331757321515
0.092	0.9520225445877091
0.093	0.9515121674059547
0.094	0.9510020446213
0.095	0.950492176665839
0.096	0.9499825639693535
0.097	0.9494732069593201
0.098	0.9489641060609156
0.099	0.9484552616970244
0.1	0.9479466742882431
0.101	0.9474383442528869
0.10200000000000001	0.946930272006997
0.10300000000000001	0.9464224579643455
0.10400000000000001	0.9459149025364418
0.105	0.9454076061325389
0.106	0.9449005691596398
0.107	0.9443937920225026
0.108	0.943887275123648
0.109	0.9433810188633647
0.11	0.9428750236397153
0.111	0.9423692898485431
0.112	0.9418638178834774
0.113	0.941358608135941
0.114	0.9408536609951546
0.115	0.9403489768481442
0.116	0.9398445560797469
0.117	0.9393403990726168
0.11800000000000001	0.9388365062072314
0.11900000000000001	0.9383328778618977
0.12	0.9378295144127581
0.121	0.9373264162337969
0.122	0.9368235836968463
0.123	0.9363210171715922
0.124	0.9358187170255812
0.125	0.9353166836242254
0.126	0.9348149173308098
0.127	0.9343134185064879
0.128	0.9338121875097971
0.129	0.933311224696482
0.13	0.9328105304201947
0.131	0.9323101050325537
0.132	0.9318099488831455
0.133	0.9313100623195252
0.134	0.9308104456872175
0.135	0.9303110993297176
0.136	0.9298120235884925
0.137	0.929313218802982
0.138	0.9288146853105993
0.139	0.9283164234467322
0.14	0.9278184335447448
0.14100000000000001	0.927320715935977
0.14200000000000002	0.926823270949747
0.14300000000000002	0.9263260989133515
0.14400000000000002	0.9258292001520665
0.145	0.9253325749891494
0.146	0.924836223745839
0.147	0.9243401467413566
0.148	0.923844344292907
0.149	0.9233488167156805
0.15	0.9228535643228524
0.151	0.9223585874255846
0.152	0.9218638863330277
0.153	0.9213694613523198
0.154	0.9208753127885895
0.155	0.9203814409449558
0.156	0.9198878461225293
0.157	0.9193945286204139
0.158	0.9189014887357064
0.159	0.9184087267634993
0.16	0.9179162429968797
0.161	0.9174240377269325
0.162	0.9169321112427397
0.163	0.9164404638313821
0.164	0.9159490957779407
0.165	0.9154580073654965
0.166	0.9149671988751331
0.167	0.9144766705859361
0.168	0.9139864227749952
0.169	0.913496455717405
0.17	0.9130067696862657
0.171	0.912517364952684
0.17200000000000001	0.9120282417857751
0.17300000000000001	0.911539400452662
0.17400000000000002	0.9110508412184785
0.17500000000000002	0.9105625643463684
0.176	0.9100745700974877
0.177	0.9095868587310049
0.178	0.9090994305041027
0.179	0.9086122856719779
0.18	0.9081254244878441
0.181	0.9076388472029306
0.182	0.9071525540664853
0.183	0.9066665453257747
0.184	0.9061808212260859
0.185	0.9056953820115973
0.186	0.9052102279269757
0.187	0.904725359215267
0.188	0.9042407761174516
0.189	0.9037564788724559
0.19	0.9032724677171637
0.191	0.902788742886427
0.192	0.9023053046130775
0.193	0.901822153127937
0.194	0.9013392886598296
0.195	0.9008567114355925
0.196	0.9003744216800866
0.197	0.8998924196162086
0.198	0.8994107054649013
0.199	0.8989292794451653
0.2	0.8984481417740701
0.201	0.8979672926667649
0.202	0.8974867323364906
0.203	0.8970064609945899
0.20400000000000001	0.8965264788505191
0.20500000000000002	0.896046786111859
0.20600000000000002	0.8955673829843266
0.20700000000000002	0.8950882696717856
0.20800000000000002	0.8946094463762579
0.209	0.8941309132979346
0.21	0.8936526706351874
0.211	0.8931747185845794
0.212	0.8926970573408769
0.213	0.8922196870970597
0.214	0.8917426080443331
0.215	0.8912658203721384
0.216	0.8907893242681645
0.217	0.8903131199183588
0.218	0.889837207506939
0.219	0.8893615872164026
0.22	0.8888862592275403
0.221	0.8884112237194458
0.222	0.887936480869527
0.223	0.8874620308535174
0.224	0.8869878738454876
0.225	0.886514010017856
0.226	0.8860404395413998
0.227	0.8855671625852668
0.228	0.8850941793169862
0.229	0.8846214899024796
0.23	0.8841490945060726
0.231	0.8836769932905054
0.232	0.8832051864169446
0.233	0.882733674044994
0.234	0.8822624563327056
0.23500000000000001	0.8817915334365913
0.23600000000000002	0.8813209055116333
0.23700000000000002	0.8808505727112964
0.23800000000000002	0.8803805351875377
0.23900000000000002	0.8799107930908189
0.24	0.8794413465701173
0.241	0.8789721957729364
0.242	0.8785033408453176
0.243	0.8780347819318511
0.244	0.8775665191756878
0.245	0.8770985527185486
0.246	0.876630882700738
0.247	0.876163509261153
0.248	0.8756964325372965
0.249	0.8752296526652861
0.25	0.8747631697798672
0.251	0.8742969840144232
0.252	0.8738310955009869
0.253	0.8733655043702517
0.254	0.8729002107515826
0.255	0.8724352147730273
0.256	0.871970516561373
0.257	0.8715061162424037
0.258	0.8710420139404145
0.259	0.8705782097779335
0.26	0.8701147038757314
0.261	0.8696514963528339
0.262	0.8691885873265344
0.263	0.8687259769124064
0.264	0.8682636652243152
0.265	0.8678016523744311
0.266	0.8673399384732411
0.267	0.8668785236295619
0.268	0.8664174079505519
0.269	0.8659565915417232
0.27	0.8654960745069551
0.271	0.8650358569485053
0.272	0.8645759389670225
0.273	0.8641163206615597
0.274	0.8636570021295853
0.275	0.8631979834669964
0.276	0.8627392647681303
0.277	0.8622808461257784
0.278	0.8618227276311962
0.279	0.8613649093741181
0.28	0.8609073914427683
0.281	0.8604501739238736
0.28200000000000003	0.8599932569026757
0.28300000000000003	0.8595366404629436
0.28400000000000003	0.8590803246869865
0.28500000000000003	0.8586243096556645
0.28600000000000003	0.8581685954484032
0.28700000000000003	0.8577131821432046
0.28800000000000003	0.8572580698166601
0.289	0.8568032585439621
0.29	0.8563487483989173
0.291	0.8558945394539589
0.292	0.8554406317801581
0.293	0.8549870254472376
0.294	0.8545337205235835
0.295	0.8540807170762574
0.296	0.8536280151710094
0.297	0.8531756148722898
0.298	0.8527235162432617
0.299	0.8522717193458138
0.3	0.8518202242405722
0.301	0.8513690309869132
0.302	0.8509181396429749
0.303	0.8504675502656708
0.304	0.8500172629107011
0.305	0.8495672776325656
0.306	0.849117594484576
0.307	0.8486682135188681
0.308	0.8482191347864143
0.309	0.8477703583370362
0.31	0.8473218842194162
0.311	0.8468737124811109
0.312	0.8464258431685628
0.313	0.845978276327113
0.314	0.8455310120010128
0.315	0.8450840502334372
0.316	0.8446373910664972
0.317	0.8441910345412507
0.318	0.8437449806977163
0.319	0.8432992295748859
0.32	0.8428537812107355
0.321	0.8424086356422388
0.322	0.8419637929053796
0.323	0.8415192530351637
0.324	0.841075016065631
0.325	0.8406310820298691
0.326	0.840187450960024
0.327	0.8397441228873148
0.328	0.8393010978420239
0.329	0.8388583758531979
0.33	0.8384159569484336
0.331	0.8379738411538796
0.332	0.8375320284942482
0.333	0.8370905189928287
0.334	0.8366493126714981
0.335	0.8362084095507346
0.336	0.8357678096496297
0.337	0.8353275129858997
0.338	0.8348875195758986
0.339	0.8344478294346301
0.34	0.8340084425757601
0.341	0.8335693590116284
0.342	0.8331305787532619
0.343	0.8326921018103852
0.34400000000000003	0.8322539281914347
0.34500000000000003	0.83181605790357
0.34600000000000003	0.8313784909526857
0.34700000000000003	0.8309412273434241
0.34800000000000003	0.8305042670791881
0.34900000000000003	0.8300676101621518
0.35000000000000003	0.8296312565932744
0.35100000000000003	0.8291952063723119
0.352	0.8287594594978283
0.353	0.8283240159672096
0.354	0.8278888757766748
0.355	0.8274540389212887
0.356	0.8270195053949736
0.357	0.8265852751905224
0.358	0.8261513482996101
0.359	0.8257177247128061
0.36	0.8252844044195871
0.361	0.8248513874083483
0.362	0.8244186736664167
0.363	0.8239862631800627
0.364	0.8235541559345122
0.365	0.8231223519139597
0.366	0.8226908511015794
0.367	0.8222596534795384
0.368	0.8218287590290084
0.369	0.8213981677301783
0.37	0.8209678795622658
0.371	0.8205378945035308
0.372	0.8201082125312862
0.373	0.8196788336219112
0.374	0.8192497577508632
0.375	0.8188209848926903
0.376	0.8183925150210426
0.377	0.8179643481086859
0.378	0.8175364841275128
0.379	0.8171089230485552
0.38	0.8166816648419971
0.381	0.8162547094771858
0.382	0.8158280569226454
0.383	0.8154017071460878
0.384	0.8149756601144261
0.385	0.8145499157937858
0.386	0.8141244741495173
0.387	0.8136993351462092
0.388	0.8132744987476993
0.389	0.8128499649170866
0.39	0.8124257336167452
0.391	0.8120018048083347
0.392	0.8115781784528141
0.393	0.8111548545104521
0.394	0.8107318329408415
0.395	0.8103091137029097
0.396	0.8098866967549319
0.397	0.8094645820545431
0.398	0.8090427695587501
0.399	0.80862125922388
0.4	0.8082000510052099
0.401	0.8077791448568391
0.402	0.8073585407317154
0.403	0.8069382385816465
0.404	0.8065182383573116
0.405	0.8060985400082722
0.406	0.8056791434829839
0.40700000000000003	0.8052600487288071
0.40800000000000003	0.8048412556920188
0.40900000000000003	0.8044227643178233
0.41000000000000003	0.8040045745503642
0.41100000000000003	0.803586686332735
0.41200000000000003	0.8031690996069905
0.41300000000000003	0.802751814314158
0.41400000000000003	0.8023348303942496
0.41500000000000004	0.8019181477862717
0.41600000000000004	0.8015017664282378
0.417	0.8010856862571787
0.418	0.8006699072091544
0.419	0.8002544292192654
0.42	0.7998392522216633
0.421	0.799424376149563
0.422	0.799009800935253
0.423	0.7985955265101076
0.424	0.7981815528045975
0.425	0.797767879748301
0.426	0.7973545072699162
0.427	0.7969414352972714
0.428	0.7965286637573358
0.429	0.7961161925762329
0.43	0.7957040216792496
0.431	0.7952921509908479
0.432	0.7948805804346779
0.433	0.7944693099335863
0.434	0.7940583394096299
0.435	0.7936476687840859
0.436	0.793237297977463
0.437	0.7928272269095138
0.438	0.792417455499244
0.439	0.7920079836649262
0.44	0.7915988113241093
0.441	0.79118993839363
0.442	0.7907813647896252
0.443	0.7903730904275421
0.444	0.7899651152221497
0.445	0.7895574390875504
0.446	0.7891500619371913
0.447	0.788742983683875
0.448	0.788336204239771
0.449	0.7879297235164274
0.45	0.7875235414247818
0.451	0.7871176578751726
0.452	0.7867120727773501
0.453	0.7863067860404883
0.454	0.7859017975731957
0.455	0.7854971072835265
0.456	0.7850927150789924
0.457	0.7846886208665732
0.458	0.7842848245527286
0.459	0.7838813260434094
0.46	0.7834781252440683
0.461	0.7830752220596718
0.462	0.782672616394711
0.463	0.782270308153213
0.464	0.7818682972387522
0.465	0.7814665835544617
0.466	0.7810651670030446
0.467	0.7806640474867846
0.468	0.7802632249075583
0.46900000000000003	0.7798626991668454
0.47000000000000003	0.7794624701657179
0.47100000000000003	0.7790625378044749
0.47200000000000003	0.7786629019824187
0.47300000000000003	0.7782635625979661
0.47400000000000003	0.7778645195486612
0.47500000000000003	0.7774657727311852
0.47600000000000003	0.7770673220413664
0.47700000000000004	0.7766691673741899
0.47800000000000004	0.7762713086238078
0.47900000000000004	0.7758737456835488
0.48	0.775476478445928
0.481	0.775079506802657
0.482	0.7746828306446537
0.483	0.7742864498620515
0.484	0.7738903643442104
0.485	0.7734945739797259
0.486	0.773099078656439
0.487	0.7727038782614464
0.488	0.7723089726811102
0.489	0.7719143618010675
0.49	0.7715200455062404
0.491	0.7711260236808463
0.492	0.7707322962084071
0.493	0.7703388629717592
0.494	0.7699457238530639
0.495	0.7695528787338165
0.496	0.7691603274948564
0.497	0.7687680700163776
0.498	0.7683761061779374
0.499	0.7679844358584672
0.5	0.767593058936282
0.501	0.7672019752890902
0.502	0.7668111847940036
0.503	0.7664206873275471
0.504	0.7660304827656688
0.505	0.7656405709837494
0.506	0.7652509518566127
0.507	0.7648616252585351
0.508	0.7644725910632552
0.509	0.7640838491439842
0.51	0.7636953993734152
0.511	0.7633072416237336
0.512	0.7629193757666268
0.513	0.7625318016732936
0.514	0.7621445192144544
0.515	0.7617575282603615
0.516	0.7613708286808082
0.517	0.760984420345139
0.518	0.7605983031222595
0.519	0.7602124768806461
0.52	0.7598269414883561
0.521	0.7594416968130373
0.522	0.7590567427219379
0.523	0.7586720790819166
0.524	0.7582877057594521
0.525	0.757903622620653
0.526	0.7575198295312684
0.527	0.7571363263566965
0.528	0.7567531129619951
0.529	0.7563701892118919
0.53	0.7559875549707936
0.531	0.755605210102796
0.532	0.7552231544716944
0.533	0.7548413879409924
0.534	0.7544599103739126
0.535	0.7540787216334061
0.536	0.7536978215821625
0.537	0.7533172100826199
0.538	0.752936886996974
0.539	0.7525568521871893
0.54	0.7521771055150074
0.541	0.7517976468419562
0.542	0.7514184760291229
0.543	0.75103959293674
0.544	0.7506609974243594
0.545	0.7502826893508935
0.546	0.7499046685746235
0.547	0.7495269349532074
0.548	0.7491494883436888
0.549	0.7487723286025041
0.55	0.7483954555854918
0.551	0.7480188691479001
0.552	0.7476425691443952
0.553	0.7472665554290698
0.554	0.7468908278554511
0.555	0.746515386276509
0.556	0.7461402305446647
0.557	0.7457653605117982
0.558	0.7453907760292573
0.559	0.7450164769478655
0.56	0.7446424631179301
0.561	0.7442687343892507
0.562	0.7438952906111272
0.5630000000000001	0.7435221316323682
0.5640000000000001	0.7431492573012992
0.5650000000000001	0.7427766674657705
0.5660000000000001	0.7424043619731665
0.5670000000000001	0.7420323406704121
0.5680000000000001	0.7416606034039827
0.5690000000000001	0.7412891500199115
0.5700000000000001	0.740917980363798
0.5710000000000001	0.7405470942808161
0.5720000000000001	0.7401764916157226
0.5730000000000001	0.7398061722128649
0.5740000000000001	0.7394361359161898
0.5750000000000001	0.7390663825692515
0.5760000000000001	0.7386969120152199
0.577	0.7383277240968886
0.578	0.7379588186566831
0.579	0.7375901955366698
0.58	0.7372218545785632
0.581	0.7368537956237347
0.582	0.7364860185132206
0.583	0.7361185230877305
0.584	0.735751309187656
0.585	0.7353843766530774
0.586	0.7350177253237739
0.587	0.7346513550392301
0.588	0.7342852656386455
0.589	0.7339194569609421
0.59	0.7335539288447726
0.591	0.7331886811285289
0.592	0.7328237136503504
0.593	0.7324590262481319
0.594	0.7320946187595316
0.595	0.7317304910219804
0.596	0.7313666428726892
0.597	0.7310030741486568
0.598	0.7306397846866797
0.599	0.7302767743233586
0.6	0.7299140428951075
0.601	0.7295515902381621
0.602	0.7291894161885872
0.603	0.728827520582286
0.604	0.7284659032550074
0.605	0.7281045640423548
0.606	0.7277435027797943
0.607	0.7273827193026622
0.608	0.7270222134461743
0.609	0.7266619850454338
0.61	0.7263020339354388
0.611	0.7259423599510916
0.612	0.725582962927206
0.613	0.7252238426984422
0.614	0.7248649990988729
0.615	0.7245064319620207
0.616	0.724148141120958
0.617	0.7237901264083146
0.618	0.7234323876562838
0.619	0.723074924696629
0.62	0.7227177373606912
0.621	0.7223608254793957
0.622	0.722004188883258
0.623	0.7216478274023916
0.624	0.7212917408665145
0.625	0.7209359291049556
0.626	0.720580391946662
0.627	0.7202251292202054
0.628	0.7198701407537894
0.629	0.7195154263752553
0.63	0.7191609859120901
0.631	0.7188068191914325
0.632	0.71845292604008
0.633	0.7180993062844954
0.634	0.7177459597508138
0.635	0.7173928862648494
0.636	0.7170400856521025
0.637	0.7166875577377657
0.638	0.716335302346731
0.639	0.7159833193035969
0.64	0.7156316084326746
0.641	0.7152801695579951
0.642	0.7149290025033164
0.643	0.714578107092129
0.644	0.7142274831476645
0.645	0.7138771304929007
0.646	0.7135270489505696
0.647	0.7131772383431633
0.648	0.7128276984929411
0.649	0.7124784292219373
0.65	0.7121294303519659
0.651	0.711780701704629
0.652	0.7114322431013234
0.653	0.7110840543632467
0.654	0.7107361353114049
0.655	0.7103884857666183
0.656	0.7100411055495292
0.657	0.709693994480608
0.658	0.7093471523801604
0.659	0.7090005790683341
0.66	0.7086542743651253
0.661	0.7083082380903859
0.662	0.70796247006383
0.663	0.7076169701050405
0.664	0.707271738033477
0.665	0.7069267736684809
0.666	0.7065820768292834
0.667	0.7062376473350122
0.668	0.7058934850046972
0.669	0.7055495896572789
0.67	0.7052059611116142
0.671	0.7048625991864831
0.672	0.704519503700596
0.673	0.7041766744726002
0.674	0.7038341113210868
0.675	0.7034918140645972
0.676	0.7031497825216304
0.677	0.7028080165106492
0.678	0.7024665158500876
0.679	0.702125280358357
0.68	0.7017843098538533
0.681	0.7014436041549638
0.682	0.7011031630800737
0.683	0.7007629864475731
0.684	0.7004230740758521
0.685	0.7000834257830393
0.686	0.6997440413868226
0.687	0.6994049207045805
0.6880000000000001	0.6990660635533937
0.6890000000000001	0.6987274697500513
0.6900000000000001	0.698389139111056
0.6910000000000001	0.6980510714526301
0.6920000000000001	0.6977132665907211
0.6930000000000001	0.6973757243410071
0.6940000000000001	0.6970384445189028
0.6950000000000001	0.696701426939565
0.6960000000000001	0.6963646714178982
0.6970000000000001	0.6960281777685604
0.6980000000000001	0.6956919458059688
0.6990000000000001	0.6953559753443053
0.7000000000000001	0.6950202661975219
0.7010000000000001	0.6946848181793471
0.7020000000000001	0.6943496311032911
0.7030000000000001	0.6940147047826513
0.704	0.6936800390305182
0.705	0.6933456336597812
0.706	0.6930114884831338
0.707	0.6926776033130798
0.708	0.6923439779619385
0.709	0.6920106122418508
0.71	0.6916775059647844
0.711	0.6913446589425396
0.712	0.6910120709867554
0.713	0.6906797419089147
0.714	0.6903476715203496
0.715	0.6900158596322482
0.716	0.6896843060556591
0.717	0.6893530106014977
0.718	0.6890219730805518
0.719	0.688691193303487
0.72	0.6883606710808526
0.721	0.6880304062230873
0.722	0.6877003985405247
0.723	0.6873706478433985
0.724	0.6870411539418494
0.725	0.6867119166459297
0.726	0.6863829357656093
0.727	0.6860542111107814
0.728	0.6857257424912678
0.729	0.6853975297168253
0.73	0.6850695725971508
0.731	0.6847418709418871
0.732	0.6844144245606282
0.733	0.6840872332629256
0.734	0.683760296858294
0.735	0.6834336151562158
0.736	0.6831071879661484
0.737	0.6827810150975286
0.738	0.6824550963597789
0.739	0.6821294315623126
0.74	0.6818040205145405
0.741	0.6814788630258752
0.742	0.6811539589057379
0.743	0.6808293079635634
0.744	0.680504910008806
0.745	0.6801807648509453
0.746	0.6798568722994913
0.747	0.6795332321639909
0.748	0.6792098442540327
0.749	0.6788867083792536
0.75	0.6785638243493431
0.751	0.6782411919740509
0.752	0.6779188110631904
0.753	0.677596681426646
0.754	0.6772748028743779
0.755	0.6769531752164276
0.756	0.6766317982625873
0.757	0.676310671821813
0.758	0.6759897957028246
0.759	0.6756691697142269
0.76	0.6753487936645133
0.761	0.6750286673620679
0.762	0.6747087906151676
0.763	0.6743891632319854
0.764	0.6740697850205923
0.765	0.6737506557889605
0.766	0.6734317753449661
0.767	0.6731131434963904
0.768	0.6727947600509243
0.769	0.6724766248161695
0.77	0.6721587375996417
0.771	0.6718410982087731
0.772	0.6715237064509151
0.773	0.6712065621333402
0.774	0.6708896650632457
0.775	0.6705730150477553
0.776	0.6702566118939225
0.777	0.6699404554087324
0.778	0.6696245453991047
0.779	0.6693088816718963
0.78	0.668993464033904
0.781	0.6686782922918668
0.782	0.6683633662524683
0.783	0.66804868572234
0.784	0.6677342505080632
0.785	0.6674200604161721
0.786	0.6671061152531558
0.787	0.6667924148254616
0.788	0.6664789589394967
0.789	0.6661657474016319
0.79	0.6658527800182031
0.791	0.6655400565955146
0.792	0.6652275769398414
0.793	0.6649153408574316
0.794	0.6646033481545096
0.795	0.6642915986372782
0.796	0.6639800921119208
0.797	0.6636688283846052
0.798	0.663357807261485
0.799	0.6630470285487028
0.8	0.6627364920523925
0.801	0.6624261975786822
0.802	0.6621161449336963
0.803	0.6618063339235587
0.804	0.6614967643543949
0.805	0.6611874360323345
0.806	0.6608783487635147
0.807	0.6605695023540816
0.808	0.6602608966101936
0.809	0.6599525313380238
0.81	0.6596444063437626
0.811	0.6593365214336203
0.812	0.6590288764138293
0.8130000000000001	0.6587214710906476
0.8140000000000001	0.6584143052703604
0.8150000000000001	0.658107378759283
0.8160000000000001	0.6578006913637641
0.8170000000000001	0.6574942428901869
0.8180000000000001	0.6571880331449732
0.8190000000000001	0.6568820619345852
0.8200000000000001	0.656576329065528
0.8210000000000001	0.6562708343443525
0.8220000000000001	0.6559655775776583
0.8230000000000001	0.6556605585720952
0.8240000000000001	0.6553557771343667
0.8250000000000001	0.6550512330712326
0.8260000000000001	0.6547469261895111
0.8270000000000001	0.6544428562961532
0.8280000000000001	0.6541390231986762
0.8290000000000001	0.6538354267047689
0.8300000000000001	0.6535320666220209
0.8310000000000001	0.6532289427579244
0.8320000000000001	0.6529260549198781
0.833	0.6526234029151895
0.834	0.6523209865510792
0.835	0.652018805634684
0.836	0.6517168599730597
0.837	0.6514151493731853
0.838	0.6511136736419653
0.839	0.6508124325862337
0.84	0.6505114260127575
0.841	0.6502106537282394
0.842	0.6499101155393213
0.843	0.649609811252588
0.844	0.6493097406745701
0.845	0.6490099036117477
0.846	0.6487102998705532
0.847	0.6484109292573752
0.848	0.6481117915785615
0.849	0.6478128866404221
0.85	0.6475142142492335
0.851	0.6472157742112411
0.852	0.6469175663326627
0.853	0.6466195904196925
0.854	0.6463218462785032
0.855	0.6460243337152504
0.856	0.6457270525360755
0.857	0.6454300025471092
0.858	0.6451331835544744
0.859	0.6448365953642897
0.86	0.6445402377826733
0.861	0.6442441106157456
0.862	0.6439482136696327
0.863	0.6436525467504698
0.864	0.6433571096644046
0.865	0.6430619022176005
0.866	0.64276692421624
0.867	0.6424721754665279
0.868	0.6421776557746949
0.869	0.6418833649470004
0.87	0.6415893027897365
0.871	0.6412954691092306
0.872	0.6410018637118494
0.873	0.640708486404002
0.874	0.6404153369921429
0.875	0.6401224152827754
0.876	0.6398297210824555
0.877	0.6395372541977948
0.878	0.6392450144354634
0.879	0.6389530016021941
0.88	0.6386612155047849
0.881	0.6383696559501032
0.882	0.6380783227450881
0.883	0.6377872156967545
0.884	0.6374963346121962
0.885	0.6372056792985892
0.886	0.6369152495631947
0.887	0.6366250452133632
0.888	0.6363350660565372
0.889	0.6360453119002545
0.89	0.6357557825521518
0.891	0.635466477819968
0.892	0.6351773975115476
0.893	0.6348885414348434
0.894	0.6345999093979208
0.895	0.6343115012089603
0.896	0.6340233166762611
0.897	0.6337353556082449
0.898	0.6334476178134584
0.899	0.6331601031005769
0.9	0.6328728112784082
0.901	0.632585742155895
0.902	0.6322988955421192
0.903	0.6320122712463038
0.904	0.6317258690778181
0.905	0.6314396888461796
0.906	0.6311537303610578
0.907	0.6308679934322773
0.908	0.6305824778698217
0.909	0.6302971834838362
0.91	0.6300121100846316
0.911	0.629727257482687
0.912	0.6294426254886534
0.913	0.6291582139133571
0.914	0.6288740225677965
0.915	0.6285900512628723
0.916	0.6283062998092019
0.917	0.6280227680173699
0.918	0.6277394556979495
0.919	0.6274563626615061
0.92	0.6271734887185988
0.921	0.6268908336797828
0.922	0.6266083973556124
0.923	0.6263261795566424
0.924	0.6260441800934311
0.925	0.6257623987765427
0.926	0.6254808354165491
0.927	0.6251994898240327
0.928	0.6249183618095886
0.929	0.624637451183827
0.93	0.6243567577573753
0.931	0.6240762813408812
0.932	0.6237960217450139
0.933	0.6235159787804673
0.934	0.6232361522579623
0.935	0.6229565419882482
0.936	0.622677147782107
0.937	0.6223979694503535
0.9380000000000001	0.6221190068038391
0.9390000000000001	0.6218402596534539
0.9400000000000001	0.6215617278101283
0.9410000000000001	0.6212834110848366
0.9420000000000001	0.6210053092885983
0.9430000000000001	0.620727422232481
0.9440000000000001	0.6204497497276023
0.9450000000000001	0.6201722915851327
0.9460000000000001	0.6198950476162975
0.9470000000000001	0.6196180176323794
0.9480000000000001	0.6193412014447208
0.9490000000000001	0.6190645988647262
0.9500000000000001	0.6187882097038638
0.9510000000000001	0.6185120337736695
0.9520000000000001	0.6182360708857475
0.9530000000000001	0.6179603208517737
0.9540000000000001	0.6176847834834976
0.9550000000000001	0.6174094585927451
0.9560000000000001	0.61713434599142
0.9570000000000001	0.6168594454915075
0.9580000000000001	0.6165847569050754
0.9590000000000001	0.6163102800442775
0.96	0.6160360147213548
0.961	0.6157619607486391
0.962	0.6154881179385542
0.963	0.6152144861036192
0.964	0.61494106505645
0.965	0.6146678546097624
0.966	0.614394854576374
0.967	0.6141220647692067
0.968	0.6138494850012888
0.969	0.6135771150857579
0.97	0.6133049548358626
0.971	0.6130330040649651
0.972	0.612761262586544
0.973	0.6124897302141957
0.974	0.612218406761638
0.975	0.6119472920427108
0.976	0.6116763858713802
0.977	0.6114056880617396
0.978	0.6111351984280127
0.979	0.6108649167845553
0.98	0.6105948429458586
0.981	0.61032497672655
0.982	0.6100553179413971
0.983	0.6097858664053093
0.984	0.6095166219333396
0.985	0.6092475843406878
0.986	0.608978753442703
0.987	0.6087101290548849
0.988	0.6084417109928868
0.989	0.6081734990725182
0.99	0.6079054931097467
0.991	0.6076376929207006
0.992	0.6073700983216708
0.993	0.6071027091291138
0.994	0.6068355251596536
0.995	0.6065685462300842
0.996	0.606301772157372
0.997	0.6060352027586581
0.998	0.6057688378512603
0.999	0.6055026772526763
1.	0.605236720780585
1.0010000000000001	0.6049709682528497
1.002	0.6047054194874198
1.0030000000000001	0.6044400743020064
1.004	0.6041749325142921
1.0050000000000001	0.6039099939420125
1.006	0.603645258402957
1.0070000000000001	0.6033807257149713
1.008	0.6031163956959575
1.0090000000000001	0.6028522681638773
1.01	0.6025883429367516
1.0110000000000001	0.6023246198326635
1.012	0.6020610986697592
1.0130000000000001	0.6017977792662492
1.014	0.6015346614404105
1.0150000000000001	0.6012717450105871
1.016	0.6010090297951928
1.0170000000000001	0.6007465156127113
1.018	0.600484202281699
1.0190000000000001	0.600222089620785
1.02	0.5999601774486745
1.0210000000000001	0.5996984655841481
1.022	0.5994369538460652
1.0230000000000001	0.5991756420533643
1.024	0.598914530025065
1.025	0.5986536175802695
1.026	0.5983929045381634
1.027	0.5981323907180187
1.028	0.5978720759391933
1.029	0.5976119600211344
1.03	0.5973520427833782
1.031	0.5970923240455532
1.032	0.5968328036273802
1.033	0.5965734813486746
1.034	0.5963143570293475
1.035	0.5960554304894076
1.036	0.5957967015489622
1.037	0.595538170028219
1.038	0.5952798357474873
1.039	0.5950216985271803
1.04	0.5947637581878154
1.041	0.5945060145500163
1.042	0.5942484674345149
1.043	0.5939911166621518
1.044	0.5937339620538788
1.045	0.5934770034307598
1.046	0.5932202406139722
1.047	0.5929636734248088
1.048	0.5927073016846791
1.049	0.5924511252151106
1.05	0.5921951438377506
1.051	0.5919393573743679
1.052	0.5916837656468531
1.053	0.5914283684772217
1.054	0.5911731656876144
1.055	0.5909181571002992
1.056	0.5906633425376726
1.057	0.5904087218222613
1.058	0.5901542947767233
1.059	0.5899000612238502
1.06	0.5896460209865676
1.061	0.5893921738879372
1.062	0.5891385197511584
1.063	0.5888850583995698
1.064	0.58863178965665
1.065	0.58837871334602
1.066	0.588125829291444
1.067	0.5878731373168314
1.068	0.5876206372462379
1.069	0.5873683289038673
1.07	0.5871162121140725
1.071	0.5868642867013576
1.072	0.5866125524903789
1.073	0.5863610093059471
1.074	0.5861096569730275
1.075	0.5858584953167429
1.076	0.585607524162374
1.077	0.5853567433353619
1.078	0.5851061526613083
1.079	0.5848557519659785
1.08	0.5846055410753015
1.081	0.5843555198153721
1.082	0.5841056880124531
1.083	0.5838560454929753
1.084	0.58360659208354
1.085	0.5833573276109205
1.086	0.5831082519020628
1.087	0.5828593647840882
1.088	0.5826106660842939
1.089	0.5823621556301363
1.09	0.582113833248988
1.091	0.5818656987681599
1.092	0.5816177520150545
1.093	0.5813699928171726
1.094	0.5811224210021121
1.095	0.58087503639757
1.096	0.580627838831343
1.097	0.5803808281313277
1.098	0.5801340041255222
1.099	0.5798873666420261
1.1	0.579640915509042
1.101	0.5793946505548754
1.102	0.5791485716079365
1.103	0.5789026784967406
1.104	0.5786569710499081
1.105	0.5784114490961665
1.106	0.5781661124643505
1.107	0.577920960983403
1.108	0.5776759944823755
1.109	0.5774312127904295
1.11	0.5771866157368368
1.111	0.5769422031509805
1.112	0.5766979748623557
1.113	0.5764539307005704
1.114	0.5762100704953458
1.115	0.575966394076518
1.116	0.5757229012740378
1.117	0.5754795919179724
1.118	0.5752364658385051
1.119	0.5749935228659373
1.12	0.5747507628306882
1.121	0.5745081855632964
1.122	0.57426579089442
1.123	0.5740235786548381
1.124	0.5737815486754508
1.125	0.5735397007872808
1.1260000000000001	0.5732980348214732
1.127	0.5730565506092975
1.1280000000000001	0.5728152479821472
1.129	0.5725741267715413
1.1300000000000001	0.5723331868091248
1.131	0.5720924279266699
1.1320000000000001	0.571851849956076
1.133	0.5716114527293711
1.1340000000000001	0.5713712360787125
1.135	0.5711311998363874
1.1360000000000001	0.5708913438348135
1.137	0.570651667906541
1.1380000000000001	0.5704121718842511
1.139	0.570172855600759
1.1400000000000001	0.5699337188890138
1.141	0.5696947615820989
1.1420000000000001	0.5694559835132332
1.143	0.5692173845157722
1.1440000000000001	0.568978964423208
1.145	0.5687407230691707
1.1460000000000001	0.5685026602874289
1.147	0.5682647759118908
1.1480000000000001	0.5680270697766046
1.149	0.5677895417157592
1.1500000000000001	0.5675521915636855
1.151	0.5673150191548569
1.1520000000000001	0.5670780243238899
1.153	0.5668412069055451
1.154	0.566604566734728
1.155	0.5663681036464897
1.156	0.5661318174760276
1.157	0.5658957080586864
1.158	0.5656597752299587
1.159	0.5654240188254859
1.16	0.5651884386810588
1.161	0.5649530346326185
1.162	0.5647178065162575
1.163	0.5644827541682196
1.164	0.5642478774249019
1.165	0.5640131761228543
1.166	0.5637786500987816
1.167	0.5635442991895426
1.168	0.5633101232321531
1.169	0.5630761220637844
1.17	0.5628422955217657
1.171	0.5626086434435841
1.172	0.5623751656668858
1.173	0.5621418620294764
1.174	0.5619087323693223
1.175	0.5616757765245506
1.176	0.5614429943334509
1.177	0.5612103856344576
1.178	0.5609779502661086
1.179	0.5607456880670497
1.18	0.5605135988760378
1.181	0.5602816825319406
1.182	0.5600499388737376
1.183	0.5598183677405203
1.184	0.5595869689714935
1.185	0.5593557424059743
1.186	0.559124687883394
1.187	0.5588938052432975
1.188	0.5586630943253449
1.189	0.5584325549693111
1.19	0.5582021870150865
1.191	0.5579719903026776
1.192	0.5577419646722077
1.193	0.5575121099639168
1.194	0.5572824260181626
1.195	0.5570529126754209
1.196	0.5568235697762859
1.197	0.556594397161471
1.198	0.5563653946718086
1.199	0.5561365621482516
1.2	0.5559078994318731
1.201	0.5556794063638673
1.202	0.5554510827855497
1.203	0.5552229285383578
1.204	0.5549949434638517
1.205	0.5547671274037138
1.206	0.5545394801997509
1.207	0.5543120016938926
1.208	0.5540846917281937
1.209	0.5538575501448334
1.21	0.5536305767861165
1.211	0.5534037714944734
1.212	0.553177134112461
1.213	0.552950664482763
1.214	0.5527243624481905
1.215	0.5524982278516821
1.216	0.552272260536305
1.217	0.5520464603452548
1.218	0.5518208271218571
1.219	0.5515953607095662
1.22	0.5513700609519674
1.221	0.5511449276927763
1.222	0.5509199607758404
1.223	0.550695160045138
1.224	0.5504705253447801
1.225	0.5502460565190103
1.226	0.5500217534122054
1.227	0.5497976158688757
1.228	0.5495736437336657
1.229	0.5493498368513547
1.23	0.5491261950668571
1.231	0.5489027182252226
1.232	0.5486794061716374
1.233	0.5484562587514238
1.234	0.5482332758100418
1.235	0.5480104571930884
1.236	0.547787802746299
1.237	0.5475653123155475
1.238	0.5473429857468466
1.239	0.5471208228863487
1.24	0.5468988235803462
1.241	0.546676987675272
1.242	0.5464553150176998
1.243	0.5462338054543453
1.244	0.5460124588320654
1.245	0.5457912749978598
1.246	0.5455702537988716
1.247	0.5453493950823864
1.248	0.5451286986958347
1.249	0.5449081644867904
1.25	0.5446877923029732
1.2510000000000001	0.5444675819922475
1.252	0.5442475334026241
1.2530000000000001	0.5440276463822596
1.254	0.543807920779458
1.2550000000000001	0.5435883564426705
1.256	0.5433689532204956
1.2570000000000001	0.5431497109616807
1.258	0.5429306295151219
1.2590000000000001	0.5427117087298644
1.26	0.5424929484551033
1.2610000000000001	0.542274348540184
1.262	0.5420559088346024
1.2630000000000001	0.541837629188006
1.264	0.5416195094501938
1.2650000000000001	0.5414015494711171
1.266	0.54118374910088
1.2670000000000001	0.5409661081897392
1.268	0.5407486265881062
1.2690000000000001	0.5405313041465457
1.27	0.5403141407157774
1.2710000000000001	0.5400971361466762
1.272	0.5398802902902725
1.2730000000000001	0.5396636029977531
1.274	0.5394470741204609
1.2750000000000001	0.5392307035098965
1.276	0.5390144910177178
1.2770000000000001	0.5387984364957407
1.278	0.5385825397959397
1.2790000000000001	0.5383668007704485
1.28	0.5381512192715604
1.281	0.5379357951517283
1.282	0.5377205282635662
1.283	0.5375054184598478
1.284	0.5372904655934253
1.285	0.5370756695171415
1.286	0.5368610300839449
1.287	0.536646547146906
1.288	0.5364322205592166
1.289	0.5362180501741903
1.29	0.5360040358452631
1.291	0.5357901774259932
1.292	0.5355764747700611
1.293	0.5353629277312706
1.294	0.5351495361635479
1.295	0.5349362999209429
1.296	0.5347232188576291
1.297	0.5345102928279033
1.298	0.5342975216861866
1.299	0.5340849052870243
1.3	0.533872443485086
1.301	0.533660136135166
1.302	0.5334479830921838
1.303	0.5332359842111836
1.304	0.5330241393473352
1.305	0.532812448355934
1.306	0.5326009110924015
1.307	0.532389527412285
1.308	0.532178297171258
1.309	0.531967220225121
1.31	0.5317562964298009
1.311	0.5315455256413519
1.312	0.5313349077159555
1.313	0.5311244425099204
1.314	0.5309141298796832
1.315	0.5307039696818087
1.316	0.5304939617729895
1.317	0.5302841060100469
1.318	0.5300744022499309
1.319	0.5298648503497204
1.32	0.5296554501666233
1.321	0.5294462015579771
1.322	0.5292371043812487
1.323	0.5290281584940352
1.324	0.5288193637540634
1.325	0.5286107200191906
1.326	0.5284022271474048
1.327	0.5281938849968246
1.328	0.5279856934256999
1.329	0.5277776522924114
1.33	0.5275697614554719
1.331	0.5273620207735255
1.332	0.5271544301053483
1.333	0.5269469893098491
1.334	0.5267396982460685
1.335	0.5265325567731801
1.336	0.5263255647504905
1.337	0.5261187220374394
1.338	0.5259120284935996
1.339	0.5257054839786782
1.34	0.5254990883525155
1.341	0.5252928414750859
1.342	0.5250867432064988
1.343	0.5248807934069977
1.344	0.5246749919369605
1.345	0.5244693386569013
1.346	0.5242638334274681
1.347	0.5240584761094456
1.348	0.5238532665637532
1.349	0.5236482046514473
1.35	0.5234432902337198
1.351	0.5232385231718995
1.352	0.5230339033274513
1.353	0.5228294305619777
1.354	0.5226251047372178
1.355	0.5224209257150487
1.356	0.5222168933574844
1.357	0.5220130075266775
1.358	0.5218092680849181
1.359	0.521605674894635
1.36	0.5214022278183955
1.361	0.5211989267189056
1.362	0.5209957714590103
1.363	0.5207927619016942
1.364	0.5205898979100811
1.365	0.5203871793474348
1.366	0.5201846060771589
1.367	0.519982177962797
1.368	0.5197798948680337
1.369	0.5195777566566939
1.37	0.5193757631927436
1.371	0.5191739143402899
1.372	0.5189722099635813
1.373	0.5187706499270079
1.374	0.5185692340951018
1.375	0.518367962332537
1.3760000000000001	0.51816683450413
1.377	0.5179658504748399
1.3780000000000001	0.5177650101097684
1.379	0.5175643132741603
1.3800000000000001	0.5173637598334041
1.381	0.5171633496530312
1.3820000000000001	0.5169630825987173
1.383	0.5167629585362816
1.3840000000000001	0.5165629773316879
1.385	0.5163631388510441
1.3860000000000001	0.5161634429606031
1.387	0.5159638895267629
1.3880000000000001	0.5157644784160661
1.389	0.515565209495201
1.3900000000000001	0.5153660826310006
1.391	0.5151670976903538
1.3920000000000001	0.514968254540136
1.393	0.5147695530473368
1.3940000000000001	0.5145709930790751
1.395	0.5143725745025973
1.3960000000000001	0.5141742971852789
1.397	0.5139761609946236
1.3980000000000001	0.5137781657982635
1.399	0.5135803114639588
1.4000000000000001	0.5133825978595983
1.401	0.5131850248531987
1.4020000000000001	0.512987592312905
1.403	0.5127903001069903
1.4040000000000001	0.5125931481038559
1.405	0.5123961361720311
1.4060000000000001	0.5121992641801727
1.407	0.5120025319970664
1.408	0.511805939491625
1.409	0.5116094865328893
1.41	0.5114131729900283
1.411	0.5112169987323384
1.412	0.5110209636292438
1.413	0.5108250675502963
1.414	0.5106293103651758
1.415	0.510433691943689
1.416	0.5102382121557708
1.417	0.5100428708714834
1.418	0.5098476679610162
1.419	0.5096526032946864
1.42	0.5094576767429386
1.421	0.5092628881763441
1.422	0.5090682374656023
1.423	0.508873724481539
1.424	0.5086793490951079
1.425	0.5084851111773896
1.426	0.5082910105995917
1.427	0.5080970472330488
1.428	0.5079032209492228
1.429	0.5077095316197022
1.43	0.5075159791162027
1.431	0.5073225633105668
1.432	0.5071292840747638
1.433	0.5069361412808897
1.434	0.5067431348011675
1.435	0.5065502645079466
1.436	0.5063575302737032
1.437	0.5061649319710402
1.438	0.5059724694726868
1.439	0.505780142651499
1.44	0.5055879513804591
1.441	0.5053958955326757
1.442	0.5052039749813844
1.443	0.5050121895999463
1.444	0.5048205392618492
1.445	0.5046290238407074
1.446	0.5044376432102611
1.447	0.5042463972443765
1.448	0.5040552858170463
1.449	0.5038643088023889
1.45	0.5036734660746492
1.451	0.5034827575081977
1.452	0.5032921829775309
1.453	0.5031017423572712
1.454	0.5029114355221671
1.455	0.5027212623470925
1.456	0.5025312227070473
1.457	0.502341316477157
1.458	0.5021515435326731
1.459	0.5019619037489721
1.46	0.5017723970015566
1.461	0.5015830231660547
1.462	0.5013937821182198
1.463	0.5012046737339308
1.464	0.501015697889192
1.465	0.5008268544601331
1.466	0.500638143323009
1.467	0.5004495643542003
1.468	0.5002611174302121
1.469	0.5000728024276753
1.47	0.4998846192233455
1.471	0.4996965676941037
1.472	0.499508647716956
1.473	0.4993208591690331
1.474	0.4991332019275911
1.475	0.49894567587001065
1.476	0.4987582808737974
1.477	0.49857101681658206
1.478	0.49838388357611974
1.479	0.4981968810302905
1.48	0.4980100090570989
1.481	0.4978232675346745
1.482	0.49763665634127124
1.483	0.4974501753552674
1.484	0.4972638244551662
1.485	0.497077603519595
1.486	0.4968915124273057
1.487	0.49670555105717473
1.488	0.4965197192882025
1.489	0.49633401699951396
1.49	0.4961484440703583
1.491	0.49596300038010876
1.492	0.49577768580826287
1.493	0.4955925002344422
1.494	0.4954074435383925
1.495	0.4952225155999834
1.496	0.4950377162992085
1.497	0.4948530455161855
1.498	0.49466850313115573
1.499	0.4944840890244846
1.5	0.4942998030766612
1.5010000000000001	0.4941156451682983
1.502	0.4939316151801326
1.5030000000000001	0.49374771299302433
1.504	0.49356393848795727
1.5050000000000001	0.4933802915460388
1.506	0.49319677204849993
1.5070000000000001	0.49301337987669513
1.508	0.4928301149121023
1.5090000000000001	0.49264697703632254
1.51	0.4924639661310807
1.5110000000000001	0.49228108207822446
1.512	0.49209832475972526
1.5130000000000001	0.4919156940576773
1.514	0.4917331898542983
1.5150000000000001	0.49155081203192885
1.516	0.49136856047303284
1.5170000000000001	0.491186435060197
1.518	0.49100443567613117
1.5190000000000001	0.49082256220366816
1.52	0.4906408145257637
1.5210000000000001	0.4904591925254962
1.522	0.49027769608606697
1.5230000000000001	0.49009632509080026
1.524	0.4899150794231429
1.5250000000000001	0.48973395896666433
1.526	0.4895529636050568
1.5270000000000001	0.48937209322213493
1.528	0.4891913477018362
1.5290000000000001	0.4890107269282203
1.53	0.4888302307854695
1.5310000000000001	0.4886498591578885
1.532	0.4884696119298963
1.5330000000000001	0.4882894889859067
1.534	0.4881094902103556
1.5350000000000001	0.48792961548780045
1.536	0.4877498647029226
1.537	0.4875702377405273
1.538	0.48739073448554354
1.539	0.48721135482302375
1.54	0.48703209863814373
1.541	0.4868529658162027
1.542	0.48667395624262244
1.543	0.48649506980294804
1.544	0.4863163063828467
1.545	0.48613766586810875
1.546	0.48595914814464625
1.547	0.4857807530984938
1.548	0.48560248061580763
1.549	0.485424330582866
1.55	0.4852463028860687
1.551	0.48506839741193686
1.552	0.48489061404711303
1.553	0.4847129526783608
1.554	0.4845354131925646
1.555	0.4843579954767296
1.556	0.48418069941798175
1.557	0.484003524903567
1.558	0.48382647182085187
1.559	0.48364954005732286
1.56	0.48347272950058606
1.561	0.4832960400383676
1.562	0.4831194715585129
1.563	0.48294302394898686
1.564	0.48276669709787345
1.565	0.48259049089337575
1.566	0.48241440522381546
1.567	0.4822384399776332
1.568	0.48206259504338783
1.569	0.4818868703097567
1.57	0.481711265665535
1.571	0.48153578099963623
1.572	0.4813604162010914
1.573	0.4811851711590492
1.574	0.4810100457627757
1.575	0.48083503990165444
1.576	0.48066015346518565
1.577	0.4804853863429868
1.578	0.48031073842479205
1.579	0.48013620960045195
1.58	0.4799617997599334
1.581	0.47978750879331983
1.582	0.47961333659081046
1.583	0.4794392830427203
1.584	0.4792653480394802
1.585	0.4790915314716364
1.586	0.4789178332298505
1.587	0.4787442532048996
1.588	0.47857079128767505
1.589	0.4783974473691838
1.59	0.4782242213405469
1.591	0.4780511130930001
1.592	0.4778781225178933
1.593	0.4777052495066908
1.594	0.4775324939509704
1.595	0.477359855742424
1.596	0.47718733477285696
1.597	0.4770149309341883
1.598	0.47684264411844973
1.599	0.4766704742177865
1.6	0.47649842112445673
1.601	0.4763264847308311
1.602	0.4761546649293928
1.603	0.4759829616127376
1.604	0.47581137467357326
1.605	0.4756399040047198
1.606	0.4754685494991087
1.607	0.4752973110497835
1.608	0.4751261885498991
1.609	0.4749551818927216
1.61	0.4747842909716285
1.611	0.47461351568010807
1.612	0.4744428559117595
1.613	0.4742723115602924
1.614	0.4741018825195273
1.615	0.4739315686833945
1.616	0.4737613699459346
1.617	0.4735912862012981
1.618	0.4734213173437455
1.619	0.4732514632676465
1.62	0.4730817238674804
1.621	0.47291209903783576
1.622	0.4727425886734102
1.623	0.47257319266901016
1.624	0.4724039109195507
1.625	0.47223474332005566
1.6260000000000001	0.47206568976565705
1.627	0.4718967501515952
1.6280000000000001	0.4717279243732183
1.629	0.47155921232598247
1.6300000000000001	0.47139061390545156
1.631	0.47122212900729676
1.6320000000000001	0.4710537575272966
1.633	0.47088549936133683
1.6340000000000001	0.47071735440541024
1.635	0.47054932255561627
1.6360000000000001	0.47038140370816095
1.637	0.47021359775935684
1.6380000000000001	0.47004590460562284
1.639	0.4698783241434838
1.6400000000000001	0.4697108562695705
1.641	0.46954350088061964
1.6420000000000001	0.46937625787347315
1.643	0.46920912714507884
1.6440000000000001	0.46904210859248935
1.645	0.46887520211286254
1.6460000000000001	0.468708407603461
1.647	0.46854172496165236
1.6480000000000001	0.4683751540849083
1.649	0.4682086948708052
1.6500000000000001	0.46804234721702354
1.651	0.46787611102134774
1.6520000000000001	0.4677099861816661
1.653	0.4675439725959706
1.6540000000000001	0.46737807016235655
1.655	0.4672122787790228
1.6560000000000001	0.4670465983442712
1.657	0.4668810287565066
1.6580000000000001	0.4667155699142364
1.659	0.46655022171607113
1.6600000000000001	0.46638498406072315
1.661	0.46621985684700745
1.6620000000000001	0.4660548399738412
1.663	0.46588993334024315
1.6640000000000001	0.4657251368453339
1.665	0.46556045038833577
1.666	0.4653958738685723
1.667	0.4652314071854684
1.668	0.4650670502385498
1.669	0.4649028029274432
1.67	0.4647386651518761
1.671	0.4645746368116764
1.672	0.46441071780677246
1.673	0.46424690803719254
1.674	0.4640832074030506
1.675	0.46391961580447794
1.676	0.4637561331416877
1.677	0.46359275931500743
1.678	0.46342949422487933
1.679	0.4632663377718599
1.68	0.4631032898566197
1.681	0.4629403503799427
1.682	0.46277751924272686
1.683	0.46261479634598324
1.684	0.46245218159083573
1.685	0.4622896748785214
1.686	0.4621272761103896
1.687	0.46196498518790213
1.688	0.46180280201263274
1.689	0.461640726486267
1.69	0.46147875851060216
1.691	0.46131689798754666
1.692	0.4611551448191203
1.693	0.4609934989074533
1.694	0.4608319601547869
1.695	0.4606705284634724
1.696	0.46050920373597126
1.697	0.46034798587485504
1.698	0.4601868747828047
1.699	0.4600258703626104
1.7	0.45986497251717195
1.701	0.45970418114949757
1.702	0.4595434961627044
1.703	0.4593829174600178
1.704	0.4592224449447715
1.705	0.4590620785204069
1.706	0.4589018180904734
1.707	0.45874166355862733
1.708	0.45858161482863274
1.709	0.4584216718043603
1.71	0.4582618343897873
1.711	0.4581021024889978
1.712	0.4579424760061818
1.713	0.4577829548456354
1.714	0.4576235389117604
1.715	0.4574642281090639
1.716	0.4573050223421585
1.717	0.4571459215157615
1.718	0.4569869255346953
1.719	0.45682803430388635
1.72	0.4566692477283658
1.721	0.45651056571326853
1.722	0.45635198816383327
1.723	0.45619351498540217
1.724	0.45603514608342083
1.725	0.4558768813634378
1.726	0.45571872073110437
1.727	0.45556066409217433
1.728	0.45540271135250415
1.729	0.45524486241805173
1.73	0.4550871171948774
1.731	0.45492947558914243
1.732	0.45477193750711015
1.733	0.4546145028551443
1.734	0.4544571715397098
1.735	0.45429994346737224
1.736	0.4541428185447972
1.737	0.45398579667875066
1.738	0.4538288777760985
1.739	0.4536720617438058
1.74	0.4535153484889376
1.741	0.45335873791865755
1.742	0.45320222994022863
1.743	0.453045824461012
1.744	0.45288952138846766
1.745	0.45273332063015337
1.746	0.4525772220937251
1.747	0.45242122568693616
1.748	0.4522653313176378
1.749	0.4521095388937778
1.75	0.4519538483234014
1.7510000000000001	0.4517982595146503
1.752	0.45164277237576256
1.7530000000000001	0.4514873868150726
1.754	0.45133210274101077
1.7550000000000001	0.4511769200621031
1.756	0.45102183868697093
1.7570000000000001	0.4508668585243311
1.758	0.4507119794829954
1.7590000000000001	0.4505572014718701
1.76	0.45040252439995615
1.7610000000000001	0.45024794817634867
1.762	0.450093472710237
1.7630000000000001	0.44993909791090375
1.764	0.4497848236877257
1.7650000000000001	0.44963064995017227
1.766	0.4494765766078065
1.7670000000000001	0.4493226035702836
1.768	0.4491687307473518
1.7690000000000001	0.4490149580488513
1.77	0.44886128538471465
1.7710000000000001	0.44870771266496595
1.772	0.44855423979972103
1.7730000000000001	0.44840086669918683
1.774	0.44824759327366165
1.7750000000000001	0.4480944194335345
1.776	0.4479413450892848
1.7770000000000001	0.4477883701514824
1.778	0.4476354945307876
1.7790000000000001	0.44748271813794993
1.78	0.44733004088380907
1.7810000000000001	0.4471774626792937
1.782	0.44702498343542185
1.7830000000000001	0.4468726030633004
1.784	0.44672032147412466
1.7850000000000001	0.4465681385791785
1.786	0.4464160542898341
1.7870000000000001	0.4462640685175511
1.788	0.4461121811738773
1.7890000000000001	0.4459603921704474
1.79	0.44580870141898365
1.7910000000000001	0.4456571088312951
1.792	0.44550561431927754
1.793	0.445354217794913
1.794	0.44520291917027
1.795	0.4450517183575027
1.796	0.4449006152688511
1.797	0.4447496098166408
1.798	0.4445987019132824
1.799	0.4444478914712716
1.8	0.4442971784031887
1.801	0.4441465626216986
1.802	0.4439960440395505
1.803	0.4438456225695775
1.804	0.44369529812469616
1.805	0.44354507061790727
1.806	0.4433949399622941
1.807	0.4432449060710234
1.808	0.44309496885734473
1.809	0.4429451282345899
1.81	0.44279538411617314
1.811	0.44264573641559074
1.812	0.4424961850464208
1.813	0.442346729922323
1.814	0.4421973709570381
1.815	0.44204810806438827
1.816	0.4418989411582918
1.817	0.44174987015279443
1.818	0.44160089496204497
1.819	0.4414520155002906
1.82	0.44130323168187646
1.821	0.4411545434212455
1.822	0.4410059506329378
1.823	0.44085745323159137
1.824	0.4407090511319407
1.825	0.4405607442488178
1.826	0.44041253249715084
1.827	0.4402644157919649
1.828	0.4401163940483813
1.829	0.4399684671816174
1.83	0.4398206351069866
1.831	0.43967289773989776
1.832	0.43952525499585565
1.833	0.43937770679045995
1.834	0.4392302530394057
1.835	0.43908289365848296
1.836	0.4389356285635761
1.837	0.4387884576706644
1.838	0.43864138089582116
1.839	0.43849439815521396
1.84	0.43834750936510436
1.841	0.43820071444184744
1.842	0.4380540133018918
1.843	0.43790740586177945
1.844	0.43776089203814555
1.845	0.437614471747718
1.846	0.4374681449073174
1.847	0.43732191143385707
1.848	0.4371757712443423
1.849	0.43702972425587094
1.85	0.43688377038563225
1.851	0.43673790955090747
1.852	0.43659214166906934
1.853	0.43644646665758174
1.854	0.4363008844339997
1.855	0.4361553949159694
1.856	0.4360099980212272
1.857	0.43586469366760044
1.858	0.43571948177300646
1.859	0.4355743622554528
1.86	0.435429335033037
1.861	0.43528440002394597
1.862	0.4351395571464563
1.863	0.43499480631893406
1.864	0.434850147459834
1.865	0.43470558048770025
1.866	0.434561105321165
1.867	0.4344167218789494
1.868	0.4342724300798627
1.869	0.4341282298428025
1.87	0.43398412108675377
1.871	0.4338401037307896
1.872	0.4336961776940702
1.873	0.43355234289584355
1.874	0.43340859925544417
1.875	0.4332649466922939
1.8760000000000001	0.43312138512590087
1.877	0.4329779144758599
1.8780000000000001	0.4328345346618521
1.879	0.43269124560364464
1.8800000000000001	0.43254804722109036
1.881	0.43240493943412805
1.8820000000000001	0.43226192216278175
1.883	0.43211899532716097
1.8840000000000001	0.4319761588474601
1.885	0.43183341264395847
1.8860000000000001	0.4316907566370201
1.887	0.43154819074709344
1.8880000000000001	0.43140571489471125
1.889	0.43126332900049025
1.8900000000000001	0.4311210329851311
1.891	0.4309788267694181
1.8920000000000001	0.430836710274219
1.893	0.4306946834204849
1.8940000000000001	0.4305527461292497
1.895	0.4304108983216306
1.8960000000000001	0.4302691399188268
1.897	0.43012747084212083
1.8980000000000001	0.42998589101287654
1.899	0.42984440035254046
1.9000000000000001	0.42970299878264073
1.901	0.4295616862247873
1.9020000000000001	0.42942046260067135
1.903	0.42927932783206557
1.9040000000000001	0.42913828184082337
1.905	0.42899732454887923
1.9060000000000001	0.4288564558782482
1.907	0.4287156757510259
1.9080000000000001	0.4285749840893881
1.909	0.42843438081559054
1.9100000000000001	0.4282938658519688
1.911	0.4281534391209383
1.9120000000000001	0.4280131005449937
1.913	0.427872850046709
1.9140000000000001	0.4277326875487372
1.915	0.4275926129738101
1.9160000000000001	0.4274526262447383
1.917	0.4273127272844105
1.9180000000000001	0.42717291601579394
1.919	0.4270331923619339
1.92	0.4268935562459533
1.921	0.42675400759105275
1.922	0.4266145463205103
1.923	0.4264751723576813
1.924	0.42633588562599806
1.925	0.4261966860489698
1.926	0.4260575735501822
1.927	0.4259185480532975
1.928	0.42577960948205407
1.929	0.4256407577602664
1.93	0.4255019928118248
1.931	0.42536331456069515
1.932	0.42522472293091873
1.933	0.42508621784661205
1.934	0.4249477992319668
1.935	0.4248094670112491
1.936	0.42467122110880007
1.937	0.4245330614490352
1.938	0.4243949879564439
1.939	0.42425700055559
1.94	0.4241190991711108
1.941	0.4239812837277174
1.942	0.42384355415019426
1.943	0.42370591036339894
1.944	0.42356835229226236
1.945	0.4234308798617878
1.946	0.4232934929970514
1.947	0.42315619162320167
1.948	0.4230189756654593
1.949	0.42288184504911697
1.95	0.4227447996995393
1.951	0.42260783954216224
1.952	0.4224709645024935
1.953	0.4223341745061116
1.954	0.4221974694786664
1.955	0.4220608493458783
1.956	0.4219243140335384
1.957	0.4217878634675182
1.958	0.42165149757406584
1.959	0.42151521627984884
1.96	0.4213790195116116
1.961	0.42124290719615437
1.962	0.4211068792603344
1.963	0.4209709356310652
1.964	0.4208350762353174
1.965	0.4206993010001191
1.966	0.4205636098525555
1.967	0.42042800271976954
1.968	0.42029247952896204
1.969	0.42015704020739214
1.97	0.42002168468237727
1.971	0.41988641288129314
1.972	0.41975122473157483
1.973	0.4196161201607161
1.974	0.41948109909627007
1.975	0.41934616146584947
1.976	0.4192113071971268
1.977	0.41907653621783447
1.978	0.4189418484557651
1.979	0.418807243838772
1.98	0.4186727222947689
1.981	0.4185382837517305
1.982	0.4184039281376929
1.983	0.4182696553807532
1.984	0.4181354654090706
1.985	0.4180013581508657
1.986	0.4178673335344215
1.987	0.41773339148808314
1.988	0.41759953194025856
1.989	0.4174657548194182
1.99	0.4173320600540956
1.991	0.4171984475728878
1.992	0.417064917304455
1.993	0.4169314691775213
1.994	0.4167981031208746
1.995	0.41666481906336733
1.996	0.4165316169339161
1.997	0.41639849666150197
1.998	0.41626545817517135
1.999	0.4161325014040353
2.	0.41599962627727066
2.001	0.4158668327241197
2.0020000000000002	0.41573412067389015
2.003	0.4156014900559564
2.004	0.4154689407997588
2.005	0.4153364728348043
2.0060000000000002	0.4152040860906663
2.007	0.4150717804969856
2.008	0.4149395559834702
2.009	0.4148074124798952
2.0100000000000002	0.4146753499161036
2.011	0.41454336822200644
2.012	0.41441146732758266
2.013	0.4142796471628797
2.0140000000000002	0.4141479076580135
2.015	0.41401624874316917
2.016	0.4138846703486006
2.017	0.413753172404631
2.0180000000000002	0.41362175484165326
2.019	0.41349041759013
2.02	0.41335916058059385
2.021	0.41322798374364755
2.0220000000000002	0.4130968870099646
2.023	0.41296587031028903
2.024	0.4128349335754357
2.025	0.41270407673629106
2.0260000000000002	0.41257329972381235
2.027	0.412442602469029
2.028	0.4123119849030421
2.029	0.4121814469570248
2.0300000000000002	0.4120509885622227
2.031	0.41192060964995386
2.032	0.41179031015160933
2.033	0.411660089998653
2.0340000000000003	0.411529949122622
2.035	0.41139988745512723
2.036	0.41126990492785315
2.037	0.41114000147255825
2.0380000000000003	0.411010177021075
2.039	0.41088043150531073
2.04	0.4107507648572471
2.041	0.41062117700894085
2.0420000000000003	0.41049166789252367
2.043	0.4103622374402029
2.044	0.41023288558426113
2.045	0.41010361225705705
2.0460000000000003	0.40997441739102536
2.047	0.40984530091867716
2.048	0.40971626277259976
2.049	0.4095873028854575
2.05	0.4094584211899919
2.051	0.4093296176190209
2.052	0.4092008921054412
2.053	0.40907224458222596
2.054	0.408943674982427
2.055	0.408815183239174
2.056	0.4086867692856752
2.057	0.4085584330552174
2.058	0.40843017448116625
2.059	0.4083019934969665
2.06	0.4081738900361422
2.061	0.4080458640322971
2.062	0.4079179154191146
2.063	0.4077900441303581
2.064	0.40766225009987145
2.065	0.40753453326157885
2.066	0.4074068935494851
2.067	0.4072793308976764
2.068	0.4071518452403195
2.069	0.4070244365116632
2.07	0.40689710464603773
2.071	0.4067698495778549
2.072	0.406642671241609
2.073	0.4065155695718768
2.074	0.4063885445033173
2.075	0.4062615959706723
2.076	0.4061347239087671
2.077	0.4060079282525099
2.078	0.4058812089368926
2.079	0.40575456589699066
2.08	0.4056279990679638
2.081	0.4055015083850558
2.082	0.40537509378359476
2.083	0.4052487551989937
2.084	0.40512249256675065
2.085	0.40499630582244833
2.086	0.4048701949017554
2.087	0.40474415974042566
2.088	0.4046182002742992
2.089	0.4044923164393017
2.09	0.40436650817144565
2.091	0.40424077540682973
2.092	0.40411511808163963
2.093	0.40398953613214783
2.094	0.4038640294947144
2.095	0.4037385981057864
2.096	0.4036132419018991
2.097	0.4034879608196755
2.098	0.4033627547958267
2.099	0.4032376237671025
2.1	0.40311256766986925
2.101	0.40298758644031285
2.102	0.40286268001469305
2.103	0.4027378483293457
2.104	0.40261309132068307
2.105	0.40248840892519244
2.106	0.40236380107943714
2.107	0.4022392677200558
2.108	0.40211480878376193
2.109	0.401990424207344
2.11	0.4018661139276652
2.111	0.40174187788166305
2.112	0.4016177160063494
2.113	0.4014936282388101
2.114	0.4013696145162046
2.115	0.4012456747757661
2.116	0.40112180895480115
2.117	0.4009980169906893
2.118	0.4008742988208831
2.119	0.4007506543829077
2.12	0.4006270836143607
2.121	0.4005035864529122
2.122	0.40038016283630395
2.123	0.4002568127023498
2.124	0.4001335359889351
2.125	0.4000103326340165
2.126	0.39988720257562194
2.1270000000000002	0.39976414575185015
2.128	0.3996411621008707
2.129	0.39951825156092363
2.13	0.39939541407031914
2.1310000000000002	0.3992726495674376
2.132	0.39914995799072917
2.133	0.3990273392787138
2.134	0.3989047933699805
2.1350000000000002	0.3987823202031877
2.136	0.3986599197170629
2.137	0.39853759185040205
2.138	0.3984153365420698
2.1390000000000002	0.39829315373099905
2.14	0.3981710433561908
2.141	0.398049005356714
2.142	0.3979270396717052
2.1430000000000002	0.39780514624036817
2.144	0.39768332500197423
2.145	0.3975615758958616
2.146	0.397439898861435
2.1470000000000002	0.3973182938381661
2.148	0.3971967607655927
2.149	0.3970752995833186
2.15	0.3969539102310138
2.1510000000000002	0.3968325926484136
2.152	0.3967113467753193
2.153	0.39659017255159673
2.154	0.3964690699171774
2.1550000000000002	0.39634803881205716
2.156	0.3962270791762968
2.157	0.39610619095002114
2.158	0.39598537407341944
2.1590000000000003	0.3958646284867446
2.16	0.39574395413031344
2.161	0.3956233509445063
2.162	0.3955028188697666
2.1630000000000003	0.39538235784660075
2.164	0.3952619678155785
2.165	0.39514164871733154
2.166	0.39502140049255446
2.1670000000000003	0.39490122308200365
2.168	0.3947811164264978
2.169	0.39466108046691717
2.17	0.3945411151442034
2.1710000000000003	0.3944212203993597
2.172	0.3943013961734501
2.173	0.3941816424075998
2.174	0.39406195904299424
2.1750000000000003	0.39394234602087963
2.176	0.39382280328256225
2.177	0.3937033307694083
2.178	0.3935839284228439
2.179	0.39346459618435453
2.18	0.3933453339954851
2.181	0.39322614179783966
2.182	0.39310701953308114
2.183	0.3929879671429311
2.184	0.39286898456916947
2.185	0.3927500717536346
2.186	0.3926312286382227
2.187	0.3925124551648878
2.188	0.3923937512756416
2.189	0.39227511691255307
2.19	0.39215655201774835
2.191	0.3920380565334105
2.192	0.39191963040177913
2.193	0.3918012735651506
2.194	0.39168298596587736
2.195	0.39156476754636793
2.196	0.3914466182490866
2.197	0.39132853801655343
2.198	0.3912105267913437
2.199	0.39109258451608797
2.2	0.39097471113347154
2.201	0.3908569065862347
2.202	0.39073917081717213
2.203	0.3906215037691328
2.204	0.3905039053850197
2.205	0.3903863756077899
2.206	0.3902689143804537
2.207	0.3901515216460752
2.208	0.3900341973477715
2.209	0.3899169414287127
2.21	0.3897997538321217
2.211	0.38968263450127394
2.212	0.389565583379497
2.213	0.3894486004101709
2.214	0.38933168553672726
2.215	0.3892148387026495
2.216	0.38909805985147233
2.217	0.3889813489267819
2.218	0.3888647058722152
2.219	0.3887481306314601
2.22	0.3886316231482549
2.221	0.3885151833663885
2.222	0.38839881122969966
2.223	0.38828250668207726
2.224	0.3881662696674596
2.225	0.38805010012983476
2.226	0.38793399801324
2.227	0.3878179632617615
2.228	0.38770199581953413
2.229	0.3875860956307418
2.23	0.3874702626396164
2.231	0.3873544967904382
2.232	0.38723879802753514
2.233	0.3871231662952832
2.234	0.38700760153810576
2.235	0.3868921037004733
2.236	0.3867766727269036
2.237	0.3866613085619611
2.238	0.38654601115025716
2.239	0.38643078043644913
2.24	0.3863156163652408
2.241	0.38620051888119955
2.242	0.38608548792825587
2.243	0.3859705234502814
2.244	0.3858556253912655
2.245	0.38574079369531444
2.246	0.3856260283066499
2.247	0.3855113291696083
2.248	0.3853966962286393
2.249	0.38528212942830536
2.25	0.38516762871328014
2.251	0.3850531940283475
2.2520000000000002	0.3849388253184007
2.253	0.38482452252844124
2.254	0.3847102856035776
2.255	0.3845961144890245
2.2560000000000002	0.38448200913010144
2.257	0.38436796947223206
2.258	0.3842539954609428
2.259	0.3841400870418619
2.2600000000000002	0.38402624416071834
2.261	0.38391246676334095
2.262	0.38379875479565695
2.263	0.3836851082036913
2.2640000000000002	0.3835715269335652
2.265	0.3834580109314958
2.266	0.3833445601437941
2.267	0.38323117451686467
2.2680000000000002	0.3831178539972042
2.269	0.38300459853140084
2.27	0.3828914080661326
2.271	0.38277828254816654
2.2720000000000002	0.38266522192435787
2.273	0.38255222614164874
2.274	0.38243929514706704
2.275	0.38232642888772556
2.2760000000000002	0.3822136273108208
2.277	0.382100890363632
2.278	0.38198821799352
2.279	0.3818756101479262
2.2800000000000002	0.3817630667743714
2.281	0.381650587820455
2.282	0.38153817323385375
2.283	0.3814258229623206
2.2840000000000003	0.3813135369536837
2.285	0.3812013151558456
2.286	0.3810891575167819
2.287	0.3809770639845401
2.2880000000000003	0.3808650345072389
2.289	0.3807530690330668
2.29	0.38064116751028126
2.291	0.3805293298872075
2.2920000000000003	0.38041755611223743
2.293	0.38030584613382873
2.294	0.38019419990050374
2.295	0.3800826173608482
2.2960000000000003	0.3799710984635104
2.297	0.3798596431572002
2.298	0.3797482513906877
2.299	0.3796369231128022
2.3000000000000003	0.37952565827243157
2.301	0.3794144568185205
2.302	0.37930331870007
2.303	0.37919224386613615
2.3040000000000003	0.37908123226582885
2.305	0.37897028384831116
2.306	0.3788593985627978
2.307	0.3787485763585545
2.308	0.3786378171848965
2.309	0.37852712099118774
2.31	0.37841648772684017
2.311	0.3783059173413117
2.312	0.3781954097841062
2.313	0.3780849650047716
2.314	0.3779745829528996
2.315	0.37786426357812386
2.316	0.3777540068301195
2.317	0.3776438126586015
2.318	0.3775336810133244
2.319	0.37742361184408046
2.32	0.37731360510069906
2.321	0.3772036607330454
2.322	0.3770937786910198
2.323	0.376983958924556
2.324	0.37687420138362077
2.325	0.3767645060182124
2.326	0.37665487277835996
2.327	0.37654530161412186
2.328	0.37643579247558523
2.329	0.3763263453128642
2.33	0.3762169600760999
2.331	0.3761076367154582
2.332	0.37599837518112944
2.333	0.3758891754233271
2.334	0.3757800373922869
2.335	0.3756709610382653
2.336	0.37556194631153905
2.337	0.3754529931624036
2.338	0.3753441015411724
2.339	0.37523527139817575
2.34	0.37512650268375947
2.341	0.3750177953482841
2.342	0.374909149342124
2.343	0.37480056461566585
2.344	0.374692041119308
2.345	0.3745835788034589
2.346	0.3744751776185367
2.347	0.37436683751496774
2.348	0.37425855844318545
2.349	0.37415034035362965
2.35	0.3740421831967451
2.351	0.37393408692298064
2.352	0.37382605148278814
2.353	0.37371807682662134
2.354	0.3736101629049349
2.355	0.3735023096681831
2.356	0.37339451706681914
2.357	0.37328678505129387
2.358	0.37317911357205463
2.359	0.37307150257954436
2.36	0.3729639520242005
2.361	0.3728564618564539
2.362	0.3727490320267277
2.363	0.37264166248543645
2.364	0.37253435318298483
2.365	0.3724271040697666
2.366	0.3723199150961639
2.367	0.37221278621254567
2.368	0.37210571736927545
2.369	0.37199870851685557
2.37	0.3718917596059711
2.371	0.37178487058741094
2.372	0.37167804141206506
2.373	0.37157127203092316
2.374	0.371464562395074
2.375	0.37135791245570454
2.376	0.3712513221640985
2.3770000000000002	0.3711447914716361
2.378	0.3710383203297929
2.379	0.37093190869013876
2.38	0.370825556504337
2.3810000000000002	0.37071926372414366
2.382	0.3706130303014064
2.383	0.3705068561880636
2.384	0.37040074133614354
2.3850000000000002	0.3702946856977633
2.386	0.37018868922512826
2.387	0.37008275187053064
2.388	0.369976873586349
2.3890000000000002	0.3698710543250471
2.39	0.36976529403917324
2.391	0.369659592681359
2.392	0.36955395020431864
2.3930000000000002	0.36944836656084795
2.394	0.3693428417038236
2.395	0.369237375586202
2.396	0.36913196816101834
2.3970000000000002	0.369026619381386
2.398	0.36892132920049536
2.399	0.36881609757161304
2.4	0.36871092444808073
2.4010000000000002	0.36860580978331464
2.402	0.36850075353080447
2.403	0.36839575564411225
2.404	0.36829081607687175
2.4050000000000002	0.36818593478278727
2.406	0.3680811117156332
2.407	0.36797634682925257
2.408	0.36787164007755646
2.4090000000000003	0.3677669914145229
2.41	0.36766240079419626
2.411	0.36755786817068603
2.412	0.36745339349816586
2.4130000000000003	0.3673489767308731
2.414	0.3672446178231074
2.415	0.36714031672923
2.416	0.3670360734036629
2.4170000000000003	0.36693188780088776
2.418	0.36682775987544525
2.419	0.3667236895819337
2.42	0.36661967687500874
2.4210000000000003	0.36651572170938185
2.422	0.36641182403982
2.423	0.3663079838211442
2.424	0.366204201008229
2.4250000000000003	0.3661004755560012
2.426	0.36599680741943946
2.427	0.36589319655357283
2.428	0.3657896429134802
2.4290000000000003	0.36568614645428915
2.43	0.3655827071311754
2.431	0.36547932489936147
2.432	0.36537599971411594
2.433	0.36527273153075274
2.434	0.3651695203046298
2.435	0.36506636599114867
2.436	0.3649632685457532
2.437	0.36486022792392875
2.438	0.3647572440812012
2.439	0.3646543169731363
2.44	0.3645514465553386
2.441	0.36444863278345035
2.442	0.36434587561315085
2.443	0.3642431750001555
2.444	0.36414053090021475
2.445	0.36403794326911326
2.446	0.36393541206266916
2.447	0.3638329372367328
2.448	0.36373051874718626
2.449	0.3636281565499419
2.45	0.36352585060094184
2.451	0.36342360085615716
2.452	0.3633214072715865
2.453	0.36321926980325564
2.454	0.36311718840721624
2.455	0.36301516303954523
2.456	0.3629131936563435
2.457	0.36281128021373543
2.458	0.3627094226678676
2.459	0.3626076209749084
2.46	0.36250587509104626
2.461	0.36240418497248966
2.462	0.36230255057546545
2.463	0.36220097185621875
2.464	0.36209944877101125
2.465	0.3619979812761206
2.466	0.3618965693278397
2.467	0.36179521288247557
2.468	0.3616939118963485
2.469	0.3615926663257909
2.47	0.36149147612714694
2.471	0.3613903412567712
2.472	0.36128926167102776
2.473	0.36118823732628946
2.474	0.36108726817893694
2.475	0.36098635418535774
2.476	0.3608854953019453
2.477	0.36078469148509806
2.478	0.36068394269121873
2.479	0.36058324887671317
2.48	0.36048260999798953
2.481	0.3603820260114574
2.482	0.36028149687352684
2.483	0.3601810225406075
2.484	0.3600806029691077
2.485	0.35998023811543356
2.486	0.3598799279359878
2.487	0.35977967238716935
2.488	0.35967947142537215
2.489	0.35957932500698403
2.49	0.3594792330883862
2.491	0.359379195625952
2.492	0.35927921257604634
2.493	0.35917928389502446
2.494	0.35907940953923106
2.495	0.35897958946499986
2.496	0.35887982362871185
2.497	0.3587801119869237
2.498	0.35868045449629715
2.499	0.35858085111358123
2.5	0.35848130179561133
2.501	0.3583818064993085
2.5020000000000002	0.3582823651816789
2.503	0.35818297779981256
2.504	0.3580836443108831
2.505	0.35798436467214645
2.5060000000000002	0.3578851388409405
2.507	0.357785966774684
2.508	0.357686848430876
2.509	0.35758778376709477
2.5100000000000002	0.3574887727409974
2.511	0.35738981531031877
2.512	0.35729091143287084
2.513	0.35719206106654167
2.5140000000000002	0.357093264169295
2.515	0.35699452069916915
2.516	0.35689583061427654
2.517	0.3567971938728024
2.5180000000000002	0.3566986104330045
2.519	0.3566000802532123
2.52	0.3565016032918258
2.521	0.35640317950731504
2.5220000000000002	0.3563048088582192
2.523	0.35620649130314613
2.524	0.35610822680077114
2.525	0.35601001530983634
2.5260000000000002	0.35591185678914994
2.527	0.3558137511975855
2.528	0.3557156984940809
2.529	0.355617698637638
2.5300000000000002	0.3555197515873213
2.531	0.3554218573022576
2.532	0.35532401574163497
2.533	0.3552262268647022
2.5340000000000003	0.35512849063076746
2.535	0.3550308069991985
2.536	0.35493317592942075
2.537	0.35483559738091747
2.5380000000000003	0.35473807131322815
2.539	0.3546405976859485
2.54	0.3545431764587292
2.541	0.354445807591275
2.5420000000000003	0.3543484910433444
2.543	0.3542512267747486
2.544	0.35415401474535046
2.545	0.35405685491506433
2.5460000000000003	0.3539597472438547
2.547	0.3538626916917357
2.548	0.35376568821877025
2.549	0.3536687367850692
2.5500000000000003	0.3535718373507907
2.551	0.3534749898761393
2.552	0.3533781943213652
2.553	0.3532814506467635
2.5540000000000003	0.3531847588126732
2.555	0.3530881187794768
2.556	0.3529915305075993
2.557	0.35289499395750723
2.5580000000000003	0.3527985090897081
2.559	0.35270207586474983
2.56	0.3526056942432194
2.561	0.35250936418574247
2.562	0.35241308565298246
2.563	0.3523168586056398
2.564	0.35222068300445136
2.565	0.3521245588101891
2.566	0.3520284859836599
2.567	0.3519324644857042
2.568	0.35183649427719593
2.569	0.35174057531904107
2.57	0.35164470757217703
2.571	0.35154889099757214
2.572	0.3514531255562246
2.573	0.35135741120916175
2.574	0.3512617479174393
2.575	0.3511661356421405
2.576	0.35107057434437555
2.577	0.35097506398528044
2.578	0.35087960452601663
2.579	0.35078419592776977
2.58	0.3506888381517495
2.581	0.35059353115918795
2.582	0.3504982749113396
2.583	0.35040306936948007
2.584	0.3503079144949057
2.585	0.35021281024893247
2.586	0.3501177565928952
2.587	0.3500227534881469
2.588	0.34992780089605807
2.589	0.34983289877801577
2.59	0.34973804709542283
2.591	0.349643245809697
2.592	0.3495484948822705
2.593	0.34945379427458884
2.594	0.34935914394811024
2.595	0.34926454386430467
2.596	0.3491699939846534
2.597	0.349075494270648
2.598	0.3489810446837893
2.599	0.34888664518558715
2.6	0.34879229573755927
2.601	0.34869799630123055
2.602	0.34860374683813217
2.603	0.34850954730980094
2.604	0.3484153976777787
2.605	0.34832129790361094
2.606	0.3482272479488468
2.607	0.3481332477750375
2.608	0.3480392973437362
2.609	0.34794539661649676
2.61	0.34785154555487335
2.611	0.34775774412041915
2.612	0.3476639922746863
2.613	0.34757028997922423
2.614	0.3474766371955797
2.615	0.3473830338852953
2.616	0.34728948000990933
2.617	0.3471959755309546
2.618	0.3471025204099576
2.619	0.3470091146084379
2.62	0.3469157580879075
2.621	0.3468224508098697
2.622	0.3467291927358184
2.623	0.3466359838272495
2.624	0.3465428240457726
2.625	0.3464497133531142
2.626	0.3463566517110777
2.6270000000000002	0.34626363908154195
2.628	0.34617067542646085
2.629	0.3460777607078626
2.63	0.3459848948878487
2.6310000000000002	0.3458920779285938
2.632	0.3457993097923444
2.633	0.34570659044141877
2.634	0.34561391983820583
2.6350000000000002	0.3455212979451646
2.636	0.34542872472482367
2.637	0.34533620013978006
2.638	0.3452437241526992
2.6390000000000002	0.34515129672631356
2.64	0.3450589178234226
2.641	0.3449665874068914
2.642	0.34487430543965053
2.6430000000000002	0.34478207188469523
2.644	0.3446898867050846
2.645	0.34459774986394087
2.646	0.34450566132444893
2.6470000000000002	0.34441362104985546
2.648	0.34432162900346835
2.649	0.344229685148656
2.65	0.3441377894488465
2.6510000000000002	0.3440459418675271
2.652	0.3439541423682436
2.653	0.3438623909145993
2.654	0.3437706874702546
2.6550000000000002	0.34367903199892635
2.656	0.3435874244643871
2.657	0.34349586483046424
2.658	0.3434043530610395
2.6590000000000003	0.34331288912004815
2.66	0.3432214729714786
2.661	0.3431301045793712
2.662	0.3430387839078181
2.6630000000000003	0.34294751092096215
2.664	0.34285628558299636
2.665	0.3427651078581633
2.666	0.34267397771075425
2.6670000000000003	0.3425828951051087
2.668	0.34249186000561344
2.669	0.3424008723767021
2.67	0.34230993218285416
2.6710000000000003	0.34221903938859466
2.672	0.34212819395849325
2.673	0.3420373958571636
2.674	0.34194664504926237
2.6750000000000003	0.3418559414994893
2.676	0.34176528517258564
2.677	0.3416746760333342
2.678	0.341584114046558
2.6790000000000003	0.34149359917712
2.68	0.3414031313899227
2.681	0.3413127106499065
2.682	0.3412223369220499
2.6830000000000003	0.34113201017136857
2.684	0.34104173036291435
2.685	0.3409514974617751
2.686	0.3408613114330734
2.6870000000000003	0.34077117224196635
2.688	0.3406810798536448
2.689	0.3405910342333325
2.69	0.3405010353462853
2.691	0.3404110831577909
2.692	0.3403211776331678
2.693	0.3402313187377649
2.694	0.34014150643696034
2.695	0.3400517406961613
2.696	0.339962021480803
2.697	0.3398723487563484
2.698	0.33978272248828695
2.699	0.3396931426421343
2.7	0.3396036091834315
2.701	0.33951412207774445
2.702	0.3394246812906629
2.703	0.33933528678780006
2.704	0.33924593853479174
2.705	0.3391566364972958
2.706	0.33906738064099134
2.707	0.33897817093157806
2.708	0.33888900733477556
2.709	0.3387998898163227
2.71	0.3387108183419768
2.711	0.33862179287751315
2.712	0.338532813388724
2.713	0.3384438798414183
2.714	0.33835499220142073
2.715	0.3382661504345709
2.716	0.33817735450672304
2.717	0.3380886043837449
2.718	0.33799990003151753
2.719	0.3379112414159341
2.72	0.33782262850289946
2.721	0.3377340612583296
2.722	0.33764553964815064
2.723	0.33755706363829824
2.724	0.33746863319471715
2.725	0.3373802482833602
2.726	0.3372919088701879
2.727	0.33720361492116746
2.728	0.3371153664022722
2.729	0.3370271632794812
2.73	0.336939005518778
2.731	0.3368508930861504
2.732	0.33676282594758955
2.733	0.33667480406908945
2.734	0.33658682741664586
2.735	0.3364988959562562
2.736	0.3364110096539183
2.737	0.33632316847563015
2.738	0.3362353723873889
2.739	0.3361476213551902
2.74	0.3360599153450279
2.741	0.3359722543228928
2.742	0.3358846382547724
2.743	0.33579706710664997
2.744	0.33570954084450383
2.745	0.335622059434307
2.746	0.3355346228420261
2.747	0.3354472310336209
2.748	0.33535988397504357
2.749	0.33527258163223805
2.75	0.3351853239711416
2.751	0.3350981109578346
2.7520000000000002	0.33501094255866215
2.753	0.3349238187400437
2.754	0.3348367394684528
2.755	0.3347497047104171
2.7560000000000002	0.33466271443251744
2.757	0.334575768601388
2.758	0.3344888671837154
2.759	0.33440201014623844
2.7600000000000002	0.3343151974557479
2.761	0.334228429079086
2.762	0.33414170498314577
2.763	0.33405502513487106
2.7640000000000002	0.33396838950125574
2.765	0.3338817980493436
2.766	0.3337952507462278
2.767	0.33370874755905033
2.7680000000000002	0.33362228845500186
2.769	0.33353587340132135
2.77	0.3334495023652952
2.771	0.33336317531425746
2.7720000000000002	0.3332768922155889
2.773	0.333190653036717
2.774	0.33310445774511527
2.775	0.3330183063083028
2.7760000000000002	0.3329321986938443
2.777	0.33284613486934905
2.778	0.3327601148024711
2.779	0.3326741384609085
2.7800000000000002	0.3325882058124028
2.781	0.3325023168247391
2.782	0.33241647146574516
2.783	0.3323306697032914
2.7840000000000003	0.33224491150529
2.785	0.33215919683969514
2.786	0.3320735256745019
2.787	0.33198789797774647
2.7880000000000003	0.33190231371750517
2.789	0.33181677286189465
2.79	0.33173127537907093
2.791	0.33164582123722935
2.7920000000000003	0.331560410404604
2.793	0.3314750428494673
2.794	0.3313897185401299
2.795	0.3313044374449396
2.7960000000000003	0.3312191995322817
2.797	0.3311340047705782
2.798	0.33104885312828736
2.799	0.33096374457390343
2.8000000000000003	0.33087867907595614
2.801	0.33079365660301047
2.802	0.3307086771236661
2.803	0.33062374060655686
2.8040000000000003	0.3305388470203506
2.805	0.3304539963337487
2.806	0.3303691885154857
2.807	0.3302844235343286
2.8080000000000003	0.3301997013590768
2.809	0.33011502195856157
2.81	0.3300303853016458
2.811	0.3299457913572231
2.8120000000000003	0.3298612400942179
2.813	0.32977673148158504
2.814	0.32969226548830893
2.815	0.3296078420834035
2.816	0.32952346123591175
2.817	0.3294391229149051
2.818	0.3293548270894836
2.819	0.3292705737287746
2.82	0.32918636280193314
2.821	0.32910219427814114
2.822	0.32901806812660717
2.823	0.32893398431656584
2.824	0.32884994281727764
2.825	0.32876594359802835
2.826	0.3286819866281288
2.827	0.3285980718769142
2.828	0.328514199313744
2.829	0.32843036890800126
2.83	0.3283465806290926
2.831	0.32826283444644727
2.832	0.32817913032951723
2.833	0.32809546824777636
2.834	0.3280118481707204
2.835	0.32792827006786623
2.836	0.32784473390875174
2.837	0.32776123966293513
2.838	0.32767778729999486
2.839	0.3275943767895288
2.84	0.3275110081011543
2.841	0.32742768120450727
2.842	0.3273443960692424
2.843	0.32726115266503214
2.844	0.3271779509615667
2.845	0.3270947909285533
2.846	0.3270116725357162
2.847	0.32692859575279604
2.848	0.32684556054954916
2.849	0.3267625668957478
2.85	0.3266796147611792
2.851	0.3265967041156455
2.852	0.326513834928963
2.853	0.3264310071709622
2.854	0.3263482208114869
2.855	0.32626547582039417
2.856	0.32618277216755387
2.857	0.32610010982284793
2.858	0.32601748875617054
2.859	0.32593490893742716
2.86	0.3258523703365343
2.861	0.32576987292341947
2.862	0.3256874166680201
2.863	0.3256050015402837
2.864	0.3255226275101673
2.865	0.3254402945476368
2.866	0.32535800262266695
2.867	0.32527575170524065
2.868	0.32519354176534865
2.869	0.3251113727729891
2.87	0.32502924469816735
2.871	0.3249471575108951
2.872	0.3248651111811905
2.873	0.32478310567907726
2.874	0.32470114097458486
2.875	0.32461921703774743
2.876	0.3245373338386038
2.8770000000000002	0.3244554913471969
2.878	0.32437368953353035
2.879	0.3242919283673962
2.88	0.3242102078185646
2.8810000000000002	0.3241285278568661
2.882	0.32404688845219165
2.883	0.3239652895744915
2.884	0.3238837311937752
2.8850000000000002	0.32380221328011116
2.886	0.32372073580362576
2.887	0.32363929873450337
2.888	0.3235579020429855
2.8890000000000002	0.3234765456993707
2.89	0.3233952296740138
2.891	0.3233139539373254
2.892	0.3232327184597718
2.8930000000000002	0.32315152321187407
2.894	0.323070368164208
2.895	0.3229892532874032
2.896	0.322908178552143
2.8970000000000002	0.3228271439291638
2.898	0.32274614938925467
2.899	0.32266519490325696
2.9	0.3225842804420635
2.9010000000000002	0.3225034059766185
2.902	0.32242257147791703
2.903	0.3223417769170044
2.904	0.32226102226497577
2.9050000000000002	0.32218030749297566
2.906	0.3220996325721976
2.907	0.3220189974738835
2.908	0.3219384021693233
2.9090000000000003	0.3218578466298544
2.91	0.3217773308268613
2.911	0.3216968547317752
2.912	0.32161641831607307
2.9130000000000003	0.321536021551278
2.914	0.32145566440895795
2.915	0.3213753468607258
2.916	0.32129506887823844
2.9170000000000003	0.3212148304331968
2.918	0.3211346314973451
2.919	0.3210544720424704
2.92	0.3209743520404019
2.9210000000000003	0.3208942714630112
2.922	0.32081423028221095
2.923	0.3207342284699551
2.924	0.32065426599823793
2.9250000000000003	0.3205743428390938
2.926	0.3204944589645968
2.927	0.32041461434686
2.928	0.3203348089580353
2.9290000000000003	0.3202550427703126
2.93	0.3201753157559198
2.931	0.32009562788712176
2.932	0.3200159791362204
2.9330000000000003	0.31993636947555376
2.934	0.31985679887749596
2.935	0.3197772673144565
2.936	0.31969777475887956
2.9370000000000003	0.31961832118324407
2.938	0.3195389065600629
2.939	0.31945953086188245
2.94	0.31938019406128204
2.9410000000000003	0.3193008961308738
2.942	0.3192216370433021
2.943	0.31914241677124267
2.944	0.3190632352874026
2.945	0.31898409256451976
2.946	0.3189049885753622
2.947	0.318825923292728
2.948	0.3187468966894443
2.949	0.3186679087383673
2.95	0.3185889594123815
2.951	0.3185100486843996
2.952	0.31843117652736136
2.953	0.31835234291423387
2.954	0.3182735478180107
2.955	0.31819479121171157
2.956	0.31811607306838163
2.957	0.3180373933610913
2.958	0.3179587520629357
2.959	0.31788014914703416
2.96	0.3178015845865297
2.961	0.3177230583545887
2.962	0.31764457042440025
2.963	0.31756612076917595
2.964	0.3174877093621493
2.965	0.31740933617657496
2.966	0.3173310011857288
2.967	0.3172527043629072
2.968	0.3171744456814263
2.969	0.31709622511462204
2.97	0.3170180426358493
2.971	0.31693989821848184
2.972	0.3168617918359113
2.973	0.31678372346154704
2.974	0.31670569306881574
2.975	0.31662770063116097
2.976	0.3165497461220423
2.977	0.3164718295149354
2.978	0.316393950783331
2.979	0.3163161099007351
2.98	0.31623830684066784
2.981	0.31616054157666346
2.982	0.3160828140822696
2.983	0.31600512433104716
2.984	0.31592747229656926
2.985	0.3158498579524214
2.986	0.31577228127220053
2.987	0.315694742229515
2.988	0.31561724079798364
2.989	0.3155397769512356
2.99	0.3154623506629098
2.991	0.31538496190665444
2.992	0.31530761065612667
2.993	0.31523029688499177
2.994	0.31515302056692324
2.995	0.3150757816756018
2.996	0.31499858018471516
2.997	0.3149214160679576
2.998	0.3148442892990294
2.999	0.31476719985163654
3.	0.31469014769948994