4.226248404816618232e-02
4.592524688230982532e-02
4.958800971645346140e-02
5.325077255059710440e-02
5.691353538474074047e-02
6.027617611382996010e-02
6.325428539581819110e-02
6.623239467780642209e-02
6.921050395979466696e-02
7.218861324178289796e-02
7.488421311280644976e-02
7.754008509791308901e-02
8.019595708301972825e-02
8.285182906812636749e-02
8.544870478128303859e-02
8.791732772933107121e-02
9.038595067737911770e-02
9.285457362542716420e-02
9.532319657347519681e-02
9.770167980713355405e-02
1.000506627706279905e-01
1.023996457341224409e-01
1.047486286976168912e-01
1.070821768015479125e-01
1.093506779973187348e-01
1.116191791930895572e-01
1.138876803888603795e-01
1.161561815846312157e-01
1.183909629236138544e-01
1.206059521727425587e-01
1.228209414218712492e-01
1.250359306709999674e-01
1.272486783214354100e-01
1.294309402296424105e-01
1.316132021378494388e-01
1.337954640460564670e-01
1.359777259542634675e-01
1.381486336352278355e-01
1.403084939599560932e-01
1.424683542846843232e-01
1.446282146094125809e-01
1.467880749341408386e-01
1.489334163793486210e-01
1.510779161503812973e-01
1.532224159214139736e-01
1.553669156924466499e-01
1.575082574459737428e-01
1.596445238142240042e-01
1.617807901824742656e-01
1.639170565507245547e-01
1.660533229189748161e-01
1.675149670709024929e-01
1.688304430759602903e-01
1.701459190810180877e-01
1.714613950860758851e-01
1.725427016261547597e-01
1.729584738973462543e-01
1.733742461685377489e-01
1.737900184397292158e-01
1.742057907109207104e-01
1.745479969728023772e-01
1.748584688777268803e-01
1.751689407826513556e-01
1.754794126875758586e-01
1.757766951356454221e-01
1.759908840055288137e-01
1.762050728754122331e-01
1.764192617452956247e-01
1.766334506151790440e-01
1.768000872191475559e-01
1.769316257220836797e-01
1.770631642250198035e-01
1.771947027279559272e-01
1.773251195756021525e-01
1.773747772423763802e-01
1.774244349091506356e-01
1.774740925759248911e-01
1.775237502426991187e-01
1.775387404829577298e-01
1.775117096001671002e-01
1.774846787173764706e-01
1.774576478345858410e-01
1.774306169517952114e-01
1.773395085552601780e-01
1.772405136954950666e-01
1.771415188357299553e-01
1.770425239759648439e-01
1.769187844616910699e-01
1.767445246111287172e-01
1.765702647605663922e-01
1.763960049100040672e-01
1.762217450594417423e-01
1.759993641941008380e-01
1.757623751635593035e-01
1.755253861330177967e-01
1.752883971024762622e-01
1.750395857966636770e-01
1.747450616931363609e-01
1.744505375896090449e-01
1.741560134860817288e-01
1.738614893825544128e-01
1.735331098108728598e-01
1.731860016823400517e-01
1.728388935538072158e-01
1.724917854252744076e-01
1.721408641140585172e-01
1.717473622628818697e-01
1.713538604117052222e-01
1.709603585605285470e-01
1.705668567093518995e-01
1.701504666237302343e-01
1.697129952695407840e-01
1.692755239153513058e-01
1.688380525611618554e-01
1.684005812069724051e-01
1.679244819302430913e-01
1.674467271711192473e-01
1.669689724119953755e-01
1.664912176528715038e-01
1.659988463944520043e-01
1.654842983784805266e-01
1.649697503625090489e-01
1.644552023465375434e-01
1.639406543305660657e-01
1.633988203915891779e-01
1.628516187300538820e-01
1.623044170685185583e-01
1.617572154069832346e-01
1.592866364503041088e-01
1.517191076614942125e-01
1.441515788726843161e-01
1.365840500838744476e-01
1.290165212950645512e-01
1.271893973497744967e-01
1.276805138220594438e-01
1.281716302943443908e-01
1.286627467666293378e-01
1.291539488586359863e-01
1.296456335345285982e-01
1.301373182104211823e-01
1.306290028863137942e-01
1.311206875622064061e-01
1.358853141209104554e-01
1.436310629234361091e-01
1.513768117259617907e-01
1.591225605284874445e-01
1.666719513754261750e-01
1.672506347990335429e-01
1.678293182226409108e-01
1.684080016462482787e-01
1.689866850698556466e-01
1.695660627039814461e-01
1.701462366384077218e-01
1.707264105728340253e-01
1.713065845072603288e-01
1.718867584416866323e-01
1.724690195827423000e-01
1.730515020941980620e-01
1.736339846056537961e-01
1.742164671171095580e-01
1.748005581872406344e-01
1.753877376900283280e-01
1.759749171928159939e-01
1.765620966956036875e-01
1.771492761983913533e-01
1.777392640259582990e-01
1.783300401552176673e-01
1.789208162844770356e-01
1.795115924137364039e-01
1.801032309748804572e-01
1.806979419496135830e-01
1.812926529243467366e-01
1.818873638990798902e-01
1.824820748738130438e-01
1.830796023946119067e-01
1.836785968664866597e-01
1.842775913383614406e-01
1.848765858102361936e-01
1.854762366175768673e-01
1.860820757307391493e-01
1.866879148439014591e-01
1.872937539570637411e-01
1.878995930702260231e-01
1.885076978992504815e-01
1.891177779677444826e-01
1.897278580362385114e-01
1.903379381047325125e-01
1.909480181732265414e-01
1.915616296517484163e-01
1.921753406066090963e-01
1.927890515614697764e-01
1.934027625163304565e-01
1.940176799506541649e-01
1.946343266722082299e-01
1.952509733937622671e-01
1.958676201153163043e-01
1.964842668368703693e-01
1.970989729070827812e-01
1.977133346681861914e-01
1.983276964292896294e-01
1.989420581903930396e-01
1.995572500959915119e-01
2.001744975974825425e-01
2.007917450989735730e-01
2.014089926004646314e-01
2.020262401019556620e-01
2.026463371229680621e-01
2.032675094343658617e-01
2.038886817457636613e-01
2.045098540571614887e-01
2.051318575306305403e-01
2.057580860779618381e-01
2.063843146252931360e-01
2.070105431726244061e-01
2.076367717199556762e-01
2.082709853074780904e-01
2.089104617623991633e-01
2.095499382173202363e-01
2.101894146722413093e-01
2.108290997482801798e-01
2.114736526504009950e-01
2.121182055525218102e-01
2.127627584546426254e-01
2.134073113567634405e-01
2.147693612367858884e-01
2.169104078356726972e-01
2.190514544345596171e-01
2.211925010334464259e-01
2.233335476323333457e-01
2.255404506779201401e-01
2.277532513157488614e-01
2.299660519535775827e-01
2.321788525914061652e-01
2.344108489999852107e-01
2.366775454556897251e-01
2.389442419113943505e-01
2.412109383670988649e-01
2.434776348228034903e-01
2.457993835384600922e-01
2.481353699075526942e-01
2.504713562766451296e-01
2.528073426457377315e-01
2.551601335692893491e-01
2.575682806722358609e-01
2.599764277751824282e-01
2.623845748781288290e-01
2.647927219810753408e-01
2.672514127826047248e-01
2.697348596813993749e-01
2.722183065801938584e-01
2.747017534789885085e-01
2.771938281884454014e-01
2.797560038595343079e-01
2.823181795306231590e-01
2.848803552017121210e-01
2.874425308728009165e-01
2.900498962529207692e-01
2.926945431429910927e-01
2.953391900330613051e-01
2.979838369231316286e-01
3.006284838132017856e-01
3.033584978471610127e-01
3.060896975358963212e-01
3.088208972246317408e-01
3.115520969133670492e-01
3.143219410885617626e-01
3.171441423099269907e-01
3.199663435312923854e-01
3.227885447526575580e-01
3.256107459740229526e-01
3.285272544644897708e-01
3.314587323627503634e-01
3.343902102610110671e-01
3.373216881592716598e-01
3.402835977613458684e-01
3.433160535858965079e-01
3.463485094104473139e-01
3.493809652349980088e-01
3.524134210595488148e-01
3.555237179896353350e-01
3.586614034568549325e-01
3.617990889240744190e-01
3.649367743912940165e-01
3.680836476741686791e-01
3.712729262600660829e-01
3.744622048459637087e-01
3.776514834318611680e-01
3.808407620177587383e-01
3.840965705092951876e-01
3.873937753865627220e-01
3.906909802638300899e-01
3.939881851410976243e-01
3.972915531130342126e-01
4.007012344680145333e-01
4.041109158229946874e-01
4.075205971779749525e-01
4.109302785329552732e-01
4.143978040495794879e-01
4.179247805101158897e-01
4.214517569706521249e-01
4.249787334311884712e-01
4.285057098917247065e-01
4.321467022558608817e-01
4.357960781423204089e-01
4.394454540287801025e-01
4.430948299152396297e-01
4.467953349166641774e-01
4.505829487806213285e-01
4.543705626445785906e-01
4.581581765085359081e-01
4.619457903724930037e-01
4.658412120601334028e-01
4.697622152652577432e-01
4.736832184703822501e-01
4.776042216755065906e-01
4.806026788401444039e-01
4.807822453255179984e-01
4.809618118108915930e-01
4.811413782962651875e-01
4.813209447816387820e-01
4.814858534316889260e-01
4.816440194774903039e-01
4.818021855232916817e-01
4.819603515690930595e-01
4.821158520373738376e-01
4.822523972877303389e-01
4.823889425380868401e-01
4.825254877884433413e-01
4.826620330387998425e-01
4.827863100877536895e-01
4.829010119551250257e-01
4.830157138224963065e-01
4.831304156898676427e-01
4.832451175572389235e-01
4.833377524193155361e-01
4.834303872813921488e-01
4.835230221434687059e-01
4.836156570055453185e-01
4.836985207056959113e-01
4.837688651046287980e-01
4.838392095035616847e-01
4.839095539024945714e-01
4.839798983014274580e-01
4.840170717004875223e-01
4.840495804276905289e-01
4.840820891548934801e-01
4.841145978820964313e-01
4.841403869549960604e-01
4.841515680837579771e-01
4.841627492125199494e-01
4.841739303412819218e-01
4.841851114700438941e-01
4.841811793841976352e-01
4.841723011553886735e-01
4.841634229265797673e-01
4.841545446977708611e-01
4.841420646273494888e-01
4.841144053672759018e-01
4.840867461072023148e-01
4.840590868471286723e-01
4.840314275870550853e-01
4.839927439889669114e-01
4.839475895837833108e-01
4.839024351785997102e-01
4.838572807734160541e-01
4.838110165020628184e-01
4.837496580508026112e-01
4.836882995995423484e-01
4.836269411482821412e-01
4.835655826970219340e-01
4.834966671727655152e-01
4.834203988207290692e-01
4.833441304686926232e-01
4.832678621166561772e-01
4.831915937646197312e-01
4.831024567285147064e-01
4.830125736817391102e-01
4.829226906349634585e-01
4.828328075881878068e-01
4.827402076571699063e-01
4.826432413050483761e-01
4.825462749529267903e-01
4.824493086008052600e-01
4.823523422486836743e-01
4.822458411820408908e-01
4.821372742605851691e-01
4.820287073391294475e-01
4.819201404176737258e-01
4.818087637513793764e-01
4.816894014944910762e-01
4.815700392376027761e-01
4.814506769807144759e-01
4.813313147238261203e-01
4.812049809219343666e-01
4.810756397869038192e-01
4.809462986518732719e-01
4.808169575168427801e-01
4.806863627533731198e-01
4.805478701307370204e-01
4.804093775081009765e-01
4.802708848854648771e-01
4.801323922628287777e-01
4.799891165940511906e-01
4.798423105816929102e-01
4.796955045693346298e-01
4.795486985569763494e-01
4.794200803511639020e-01
4.806009842166442669e-01
4.817818880821246319e-01
4.829627919476049969e-01
4.841436958130853618e-01
4.853276316337485352e-01
4.865152425516029444e-01
4.877028534694573536e-01
4.888904643873117628e-01
4.900780753051661720e-01
4.913360543193123764e-01
4.926026940222330563e-01
4.938693337251536253e-01
4.951359734280743052e-01
4.964059046420354893e-01
4.976825560243712809e-01
4.989592074067070171e-01
5.002358587890428643e-01
5.015125101713786560e-01
5.027966013148145175e-01
5.040829509571557177e-01
5.053693005994969178e-01
5.066556502418382291e-01
5.079439212188835429e-01
5.092396213567846885e-01
5.105353214946858342e-01
5.118310216325869799e-01
5.131267217704881256e-01
5.144281953913435457e-01
5.157328628538332405e-01
5.170375303163229352e-01
5.183421977788126300e-01
5.196475677900346257e-01
5.209607829287684622e-01
5.222739980675021876e-01
5.235872132062359130e-01
5.249004283449696384e-01
5.262178549634993763e-01
5.275391605765777925e-01
5.288604661896562087e-01
5.301817718027346249e-01
5.315030774158131521e-01
5.328316655619864672e-01
5.341605658167207782e-01
5.354894660714553112e-01
5.368183663261897332e-01
5.381473536420892101e-01
5.394764730507907169e-01
5.408055924594923347e-01
5.421347118681938415e-01
5.434638312768954593e-01
5.447983133541731693e-01
5.461338503826461688e-01
5.474693874111193903e-01
5.488049244395923898e-01
5.501421951748126649e-01
5.514840602329135200e-01
5.528259252910142640e-01
5.541677903491148971e-01
5.555096554072156412e-01
5.568559596119320165e-01
5.582040565489353456e-01
5.595521534859386747e-01
5.609002504229420039e-01
5.622492709558742918e-01
5.636034972113146413e-01
5.649577234667551018e-01
5.663119497221954513e-01
5.676661759776360228e-01
5.690239485641176431e-01
5.703841953350468064e-01
5.717444421059760806e-01
5.731046888769052439e-01
5.744650974465884685e-01
5.758312498720413730e-01
5.771974022974943885e-01
5.785635547229471820e-01
5.799297071484000865e-01
5.812985539285631109e-01
5.826704912920702695e-01
5.840424286555772060e-01
5.854143660190841425e-01
5.867863033825913011e-01
5.881633567293059750e-01
5.895409526803002676e-01
5.909185486312945601e-01
5.922961445822889637e-01
5.936756332880109843e-01
5.950587560828102252e-01
5.964418788776094660e-01
5.978250016724088178e-01
5.992081244672080587e-01
6.006034183191080178e-01
6.020021286080889933e-01
6.034008388970699688e-01
6.047995491860509443e-01
6.062198346799194670e-01
6.077169818412000435e-01
6.092141290024806199e-01
6.107112761637610854e-01
6.122084233250416618e-01
6.137100388598238920e-01
6.152139816724715438e-01
6.167179244851190845e-01
6.182218672977666252e-01
6.197263769506566877e-01
6.212362310972590063e-01
6.227460852438612138e-01
6.242559393904637544e-01
6.257657935370660729e-01
6.272783068830365405e-01
6.287931385053793232e-01
6.303079701277222169e-01
6.318228017500649996e-01
6.333376333724076712e-01
6.358171163549097837e-01
6.383237726151630431e-01
6.408304288754159694e-01
6.433370851356690068e-01
6.458583598160235750e-01
6.484005875651900341e-01
6.509428153143563822e-01
6.534850430635228413e-01
6.560272708126894114e-01
6.585992365414243821e-01
6.611764783633085063e-01
6.637537201851926305e-01
6.663309620070769768e-01
6.689180924714462906e-01
6.715297090981600103e-01
6.741413257248737301e-01
6.767529423515877829e-01
6.793645589783015026e-01
6.820006063259472784e-01
6.846458728135678129e-01
6.872911393011881254e-01
6.899364057888083268e-01
6.925867554035298745e-01
6.952629442476829791e-01
6.979391330918359726e-01
7.006153219359888551e-01
7.032915107801417376e-01
7.059869611153472002e-01
7.086951065242004244e-01
7.114032519330536486e-01
7.141113973419072058e-01
7.168208199521248769e-01
7.195600439275146032e-01
7.222992679029042185e-01
7.250384918782941668e-01
7.277777158536838931e-01
7.305313766693407596e-01
7.333007117687163623e-01
7.360700468680921871e-01
7.388393819674677898e-01
7.416087170668433926e-01
7.444047153877085821e-01
7.472031014597523280e-01
7.500014875317957408e-01
7.527998736038392646e-01
7.556081948435803275e-01
7.584344758095433736e-01
7.612607567755063087e-01
7.640870377414693548e-01
7.669133187074326230e-01
7.697607654872020699e-01
7.726136861843353465e-01
7.754666068814685120e-01
7.783195275786020106e-01
7.811783359595447784e-01
7.840565390636250465e-01
7.869347421677055365e-01
7.898129452717858046e-01
7.926911483758660726e-01
7.955853402075986347e-01
7.984873632528753928e-01
8.013893862981519289e-01
8.042914093434284650e-01
8.071958706868460620e-01
8.101201432026607918e-01
8.130444157184751885e-01
8.159686882342895853e-01
8.188929607501039820e-01
8.218423882530015989e-01
8.248125686202422147e-01
8.277827489874828304e-01
8.307529293547237792e-01
8.337231097219645060e-01
8.367110086387943291e-01
8.396991536465907568e-01
8.426872986543875177e-01
8.456754436621838344e-01
8.486697042823269088e-01
8.516722505708104185e-01
8.546747968592942613e-01
8.576773431477777709e-01
8.606798894362613916e-01
8.636916075247474955e-01
8.667047814545034701e-01
8.697179553842594446e-01
8.727311293140154191e-01
8.757463055295849896e-01
8.787661234077214223e-01
8.817859412858578549e-01
8.848057591639941766e-01
8.878255770421309423e-01
8.908472085969497689e-01
8.938694782972679276e-01
8.968917479975861973e-01
8.999140176979046890e-01
9.029359409204494868e-01
9.059562650148088592e-01
9.089765891091685646e-01
9.119969132035280479e-01
9.150172372978875313e-01
9.180335276787622290e-01
9.210473081934691386e-01
9.240610887081756042e-01
9.270748692228821808e-01
9.300880286083073045e-01
9.330904735136277273e-01
9.360929184189479280e-01
9.390953633242680176e-01
9.420978082295885514e-01
9.450922081844501665e-01
9.480783397180071459e-01
9.510644712515642363e-01
9.540506027851215487e-01
9.570367343186785281e-01
9.598232211050580220e-01
9.625950281306155931e-01
9.653668351561734973e-01
9.681386421817311794e-01
9.709032447585841386e-01
9.736555730894959071e-01
9.764079014204080087e-01
9.791602297513198883e-01
9.819125580822316568e-01
9.846548653557166686e-01
9.873947947511679812e-01
9.901347241466192939e-01
9.928746535420704955e-01
9.956133588464612938e-01
9.983483238726105213e-01
1.001083288898759749e+00
1.003818253924908976e+00
1.006553218951058648e+00
1.009290107845236317e+00
1.012027881718706723e+00
1.014765655592177795e+00
1.017503429465648424e+00
1.020242548475486455e+00
1.022991232899494563e+00
1.025739917323502892e+00
1.028488601747510778e+00
1.031237286171518885e+00
1.033996831202749878e+00
1.036764852805472259e+00
1.039532874408194196e+00
1.042300896010916356e+00
1.045068917613638737e+00
1.047865031585811124e+00
1.050661145557983733e+00
1.053457259530156342e+00
1.056253373502329174e+00
1.059065788871154323e+00
1.061899090404440749e+00
1.064732391937727174e+00
1.067565693471013821e+00
1.070398995004300247e+00
1.073273188696331815e+00
1.076153132848187033e+00
1.079033077000042473e+00
1.081913021151897691e+00
1.084906581115510305e+00
1.088147131974247506e+00
1.091387682832984707e+00
1.094628233691721686e+00
1.097868784550458887e+00
1.101151228163155471e+00
1.104447382131693134e+00
1.107743536100230575e+00
1.111039690068768238e+00
1.114344897925650946e+00
1.117688261454843790e+00
1.121031624984036412e+00
1.124374988513229479e+00
1.127718352042422323e+00
1.131085871222807127e+00
1.134467568720195940e+00
1.137849266217585198e+00
1.141230963714974012e+00
1.144614643870988102e+00
1.148025288184307158e+00
1.151435932497626657e+00
1.154846576810945713e+00
1.158257221124264769e+00
1.161778649907166061e+00
1.165407868984796425e+00
1.169037088062426344e+00
1.172666307140056041e+00
1.176295526217686405e+00
1.179940996166862099e+00
1.183587408195547974e+00
1.187233820224233627e+00
1.190880232252919724e+00
1.194529054794955636e+00
1.198181751376304449e+00
1.201834447957653484e+00
1.205487144539002520e+00
1.209139841120351555e+00
1.212788100929778734e+00
1.216435399438623444e+00
1.220082697947467709e+00
1.223729996456311975e+00
1.227372645655711469e+00
1.231002081028267803e+00
1.234631516400823692e+00
1.238260951773379803e+00
1.241890387145935692e+00
1.245314337781807668e+00
1.248649647943031349e+00
1.251984958104255030e+00
1.255320268265478489e+00
1.258650470111830844e+00
1.261948489574491461e+00
1.265246509037152078e+00
1.268544528499813140e+00
1.271842547962473757e+00
1.275120636736812862e+00
1.278384014765009624e+00
1.281647392793206608e+00
1.284910770821403370e+00
1.288173714732361974e+00
1.291405402202185693e+00
1.294637089672009411e+00
1.297868777141832908e+00
1.301100464611656404e+00
1.304319294459332701e+00
1.307522539310466136e+00
1.310725784161599572e+00
1.313929029012733007e+00
1.317132273863866665e+00
1.319473420559009957e+00
1.321708462865723854e+00
1.323943505172437529e+00
1.326178547479151648e+00
1.328400111649019610e+00
1.330594157956160206e+00
1.332788204263301024e+00
1.334982250570441842e+00
1.337176296877582438e+00
1.339342259266530499e+00
1.341499696180312950e+00
1.343657133094095180e+00
1.345814570007877409e+00
1.347965430359893357e+00
1.350090861339746651e+00
1.352216292319599944e+00
1.354341723299453237e+00
1.356467154279306531e+00
1.358575077756294380e+00
1.360673316231697072e+00
1.362771554707099764e+00
1.364869793182502677e+00
1.366975189649411782e+00
1.369160517021477563e+00
1.371345844393543123e+00
1.373531171765608905e+00
1.375716499137674687e+00
1.377890490316519445e+00
1.380054040264766080e+00
1.382217590213012937e+00
1.384381140161259571e+00
1.386544690109506206e+00
1.388685914537038713e+00
1.390826182156540414e+00
1.392966449776042115e+00
1.395106717395543816e+00
1.397237129257117960e+00
1.399352587554939964e+00
1.401468045852761968e+00
1.403583504150583972e+00
1.405698962448406197e+00
1.407792396179805561e+00
1.409881497209613421e+00
1.411970598239421504e+00
1.414059699269229586e+00
1.416141149626179541e+00
1.418202325700055333e+00
1.420263501773931569e+00
1.422324677847807362e+00
1.424385853921683376e+00
1.426426008393255396e+00
1.428457673371589687e+00
1.430489338349923756e+00
1.432521003328257825e+00
1.434547979847675236e+00
1.436548530507744559e+00
1.438549081167813437e+00
1.440549631827882537e+00
1.442550182487951860e+00
1.444531451961645008e+00
1.446499269444843527e+00
1.448467086928042047e+00
1.450434904411240788e+00
1.452401780356223027e+00
1.454335231694527497e+00
1.456268683032831968e+00
1.458202134371136882e+00
1.460135585709441353e+00
1.462026471665386573e+00
1.463868532623919583e+00
1.465710593582452814e+00
1.467552654540985824e+00
1.469394715499518833e+00
1.471205138256636014e+00
1.473012205446936118e+00
1.474819272637236223e+00
1.476626339827536105e+00
1.478422045103507054e+00
1.480195935503965776e+00
1.481969825904424276e+00
1.483743716304882998e+00
1.485517606705341720e+00
1.487267066934091053e+00
1.489009669570781291e+00
1.490752272207471973e+00
1.492494874844162434e+00
1.494231049191746541e+00
1.495944322759389822e+00
1.497657596327033103e+00
1.499370869894676384e+00
1.501084143462319664e+00
1.502779464384970565e+00
1.504465434971688387e+00
1.506151405558405987e+00
1.507837376145123587e+00
1.509520929175607096e+00
1.511181688104454857e+00
1.512842447033302617e+00
1.514503205962150156e+00
1.516163964890997917e+00
1.517812405627370520e+00
1.519450107426713714e+00
1.521087809226056686e+00
1.522725511025399880e+00
1.524363212824743075e+00
1.525980644333691627e+00
1.527597504848544396e+00
1.529214365363397610e+00
1.530831225878250601e+00
1.532440456587844890e+00
1.534038751243235410e+00
1.535637045898625708e+00
1.537235340554016227e+00
1.538833635209406525e+00
1.540477899267997497e+00
1.542130319188446563e+00
1.543782739108895630e+00
1.545435159029344696e+00
1.547082588145693327e+00
1.548717659080459219e+00
1.550352730015225333e+00
1.551987800949991447e+00
1.553622871884757561e+00
1.555243933858409644e+00
1.556859709431640981e+00
1.558475485004872763e+00
1.560091260578104322e+00
1.561703538224293197e+00
1.563298034741349207e+00
1.564892531258405439e+00
1.566487027775461227e+00
1.568081524292517237e+00
1.569661977639168038e+00
1.571233175259870052e+00
1.572804372880571844e+00
1.574375570501273636e+00
1.575945726195282504e+00
1.577491570266455589e+00
1.579037414337628675e+00
1.580583258408801539e+00
1.582129102479974847e+00
1.583661789658377339e+00
1.585180192210343675e+00
1.586698594762310011e+00
1.588216997314276346e+00
1.589735399866242682e+00
1.591226670959641432e+00
1.592715512370183495e+00
1.594204353780725558e+00
1.595693195191267399e+00
1.597170742422504564e+00
1.598627873252691067e+00
1.600085004082877349e+00
1.601542134913063631e+00
1.602999265743249913e+00
1.604429471999751389e+00
1.605852715004437492e+00
1.607275958009123817e+00
1.608699201013809921e+00
1.610078507620339217e+00
1.611313082562350951e+00
1.612547657504362686e+00
1.613782232446374643e+00
1.615016807388386155e+00
1.616228037832897257e+00
1.617427834237816109e+00
1.618627630642735404e+00
1.619827427047654256e+00
1.621023661365834201e+00
1.622190953729258922e+00
1.623358246092683421e+00
1.624525538456108364e+00
1.625692830819533086e+00
1.626843585498838785e+00
1.627980696588746667e+00
1.629117807678654772e+00
1.630254918768562433e+00
1.631392029858470316e+00
1.632501709120320665e+00
1.633611007384559333e+00
1.634720305648798222e+00
1.635829603913036667e+00
1.636928115401389494e+00
1.638012012548219598e+00
1.639095909695049702e+00
1.640179806841879806e+00
1.641263703988709910e+00
1.642327796363602044e+00
1.643388745123901318e+00
1.644449693884200370e+00
1.645510642644499422e+00
1.646565426377742947e+00
1.647605918457357044e+00
1.648646410536971363e+00
1.649686902616585904e+00
1.650727394696200001e+00
1.651754625078334149e+00
1.652777189307650829e+00
1.653799753536967954e+00
1.654822317766284856e+00
1.655842146022523442e+00
1.656849346710708382e+00
1.657856547398893321e+00
1.658863748087078038e+00
1.659870948775262978e+00
1.660904239688317130e+00
1.661953764519067178e+00
1.663003289349817670e+00
1.664052814180567719e+00
1.665101619038602987e+00
1.666138004367302416e+00
1.667174389696001624e+00
1.668210775024700832e+00
1.669247160353400261e+00
1.670276704505162524e+00
1.671299217447295371e+00
1.672321730389428440e+00
1.673344243331561065e+00
1.674366756273694135e+00
1.675375656444942685e+00
1.676383555677156023e+00
1.677391454909369362e+00
1.678399354141582478e+00
1.679401571095348489e+00
1.680394107130278369e+00
1.681386643165208028e+00
1.682379179200138131e+00
1.683371715235068011e+00
1.684351222329538045e+00
1.685327637811017798e+00
1.686304053292497329e+00
1.687280468773977082e+00
1.688252720716540978e+00
1.689212250734639653e+00
1.690171780752738551e+00
1.691131310770837670e+00
1.692090840788936346e+00
1.693038276566497080e+00
1.693980148993410095e+00
1.694922021420323111e+00
1.695863893847236126e+00
1.696803493271105356e+00
1.697726929117776784e+00
1.698650364964448212e+00
1.699573800811119417e+00
1.700497236657790845e+00
1.701409876557135048e+00
1.702314090351248366e+00
1.703218304145361683e+00
1.704122517939474779e+00
1.705026731733588319e+00
