4.473440214902499434e+00
2.235910420418292333e+01
4.021025740058348674e+01
5.802682572293171148e+01
7.580873683984096090e+01
9.355592016649470111e+01
1.112683068611210473e+02
1.289458298211615102e+02
1.465884236791396518e+02
1.641960247982339354e+02
1.817685712675601053e+02
1.993060028971678150e+02
2.168082612127565767e+02
2.342752894501165599e+02
2.517070325492987877e+02
2.691034371485196743e+02
2.864644515778065852e+02
3.037900258523872594e+02
3.210801116658307137e+02
3.383346623829432360e+02
3.555536330324256369e+02
3.727369802992961922e+02
3.898846625170855873e+02
4.069966396598089773e+02
4.240728733337192580e+02
4.411133267688480259e+02
4.581179648103410500e+02
4.750867539095885377e+02
4.920196621151621912e+02
5.089166590635581429e+02
5.257777159697556044e+02
5.426028056175950951e+02
5.593919023499784089e+02
5.761449820589020874e+02
5.928620221753224087e+02
6.095430016588630906e+02
6.261879009873665609e+02
6.427967021462961839e+02
6.593693886179944457e+02
6.759059453708014189e+02
6.924063588480373710e+02
7.088706169568589530e+02
7.252987090569881730e+02
7.416906259493238167e+02
7.580463598644363401e+02
7.743659044509543037e+02
7.906492547638459882e+02
8.068964072525993743e+02
8.231073597493071929e+02
8.392821114566613687e+02
8.554206629358612872e+02
8.715230160944385034e+02
8.875891741740060752e+02
9.036191417379338873e+02
9.196129246589561035e+02
9.355705301067135906e+02
9.514919665352369975e+02
9.673772436703737867e+02
9.832263724971630836e+02
9.990393652471650512e+02
1.014816235385743880e+03
1.030556997599313263e+03
1.046261667782545601e+03
1.061930263025549039e+03
1.077562801601016645e+03
1.093159302951352856e+03
1.108719787675775478e+03
1.124244277517404043e+03
1.139732795350334754e+03
1.155185365166699739e+03
1.170602012063729717e+03
1.185982762230802109e+03
1.201327642936497568e+03
1.216636682515653774e+03
1.231909910356429691e+03
1.247147356887375963e+03
1.262349053564519181e+03
1.277515032858462291e+03
1.292645328241497282e+03
1.307739974174749022e+03
1.322799006095332516e+03
1.337822460403542209e+03
1.352810374450068139e+03
1.367762786523244358e+03
1.382679735836331247e+03
1.397561262514833288e+03
1.412407407583856184e+03
1.427218212955505805e+03
1.441993721416327162e+03
1.456733976614794528e+03
1.471439023048842955e+03
1.486108906053453438e+03
1.500743671788288793e+03
1.515343367225379779e+03
1.529908040136874433e+03
1.544437739082834241e+03
1.558932513399101254e+03
1.573392413185211353e+03
1.587817489292385517e+03
1.602207793311573141e+03
1.616563377561566313e+03
1.630884295077180695e+03
1.645170599597501905e+03
1.659422345554207368e+03
1.673639588059953212e+03
1.687822382896836416e+03
1.701970786504930857e+03
1.716084855970897706e+03
1.730164649016672456e+03
1.744210223988226971e+03
1.758221639844410447e+03
1.772198956145873353e+03
1.786142233044062550e+03
1.800051531270308260e+03
1.813926912124981754e+03
1.827768437466746946e+03
1.841576169701883373e+03
1.855350171773702641e+03
1.869090507152045348e+03
1.882797239822865322e+03
1.896470434277896629e+03
1.910110155504410614e+03
1.923716468975056387e+03
1.937289440637794996e+03
1.950829136905912947e+03
1.964335624648133262e+03
1.977808971178805223e+03
1.991249244248195964e+03
2.004656512032856881e+03
2.018030843126092350e+03
2.031372306528512127e+03
2.044680971638672645e+03
2.057956908243814269e+03
2.071200186510685398e+03
2.084410876976453437e+03
2.097589050539717391e+03
2.110734778451599141e+03
2.123848132306933621e+03
2.136929184035546314e+03
2.149978005893622594e+03
2.162994670455167579e+03
2.175979250603556011e+03
2.188931819523176728e+03
2.201852450691159902e+03
2.214741217869203865e+03
2.227598195095482424e+03
2.240423456676653132e+03
2.253217077179946955e+03
2.265979131425348442e+03
2.278709694477871835e+03
2.291408841639916318e+03
2.304076648443722661e+03
2.316713190643903545e+03
2.329318544210076652e+03
2.341892785319574614e+03
2.354435990350249995e+03
2.366948235873364411e+03
2.379429598646562226e+03
2.391880155606936569e+03
2.404299983864178103e+03
2.416689160693807935e+03
2.429047763530498742e+03
2.441375869961478202e+03
2.453673557720021563e+03
2.465940904679022879e+03
2.478177988844649462e+03
2.490384888350086840e+03
2.502561681449355092e+03
2.514708446511218881e+03
2.526825262013168867e+03
2.538912206535489531e+03
2.550969358755407939e+03
2.562996797441318449e+03
2.574994601447090645e+03
2.586962849706454563e+03
2.598901621227462783e+03
2.610810995087033916e+03
2.622691050425568847e+03
2.634541866441647926e+03
2.646363522386798650e+03
2.658156097560343824e+03
2.669919671304323401e+03
2.681654322998487260e+03
2.693360132055368013e+03
2.705037177915417942e+03
2.716685540042225966e+03
2.728305297917803728e+03
2.739896531037943532e+03
2.751459318907641773e+03
2.762993741036602387e+03
2.774499876934798522e+03
2.785977806108114237e+03
2.797427608054040320e+03
2.808849362257453322e+03
2.820243148186448252e+03
2.831609045288244943e+03
2.842947132985156259e+03
2.854257490670625884e+03
2.865540197705322953e+03
2.876795333413307617e+03
2.888022977078255735e+03
2.899223207939749045e+03
2.910396105189620357e+03
2.921541747968367872e+03
2.932660215361628161e+03
2.943751586396701896e+03
2.954815940039153247e+03
2.965853355189452486e+03
2.976863910679682704e+03
2.987847685270312013e+03
2.998804757647006227e+03
3.009735206417514291e+03
3.020639110108597379e+03
3.031516547163017549e+03
3.042367595936582347e+03
3.053192334695239879e+03
3.063990841612229815e+03
3.074763194765282606e+03
3.085509472133876898e+03
3.096229751596541973e+03
3.106924110928216123e+03
3.117592627797654586e+03
3.128235379764878871e+03
3.138852444278687472e+03
3.149443898674208867e+03
3.160009820170497733e+03
3.170550285868188894e+03
3.181065372747189940e+03
3.191555157664419767e+03
3.202019717351600775e+03
3.212459128413083818e+03
3.222873467323729983e+03
3.233262810426827855e+03
3.243627233932052604e+03
3.253966813913483293e+03
3.264281626307636998e+03
3.274571746911569335e+03
3.284837251380998168e+03
3.295078215228481895e+03
3.305294713821625919e+03
3.315486822381334605e+03
3.325654615980104609e+03
3.335798169540351410e+03
3.345917557832774946e+03
3.356012855474768457e+03
3.366084136928854150e+03
3.376131476501167981e+03
3.386154948339964449e+03
3.396154626434177317e+03
3.406130584611996255e+03
3.416082896539487137e+03
3.426011635719249625e+03
3.435916875489099766e+03
3.445798689020790334e+03
3.455657149318767097e+03
3.465492329218952364e+03
3.475304301387559462e+03
3.485093138319943591e+03
3.494858912339483140e+03
3.504601695596483751e+03
3.514321560067122846e+03
3.524018577552416900e+03
3.533692819677220086e+03
3.543344357889252024e+03
3.552973263458151905e+03
3.562579607474567183e+03
3.572163460849254079e+03
3.581724894312229026e+03
3.591263978411921471e+03
3.600780783514373070e+03
3.610275379802451425e+03
3.619747837275091570e+03
3.629198225746567914e+03
3.638626614845782115e+03
3.648033074015580951e+03
3.657417672512099671e+03
3.666780479404124890e+03
3.676121563572479772e+03
3.685440993709439681e+03
3.694738838318161015e+03
3.704015165712139151e+03
3.713270044014686391e+03
3.722503541158425833e+03
3.731715724884817519e+03
3.740906662743697325e+03
3.750076422092835855e+03
3.759225070097520074e+03
3.768352673730160404e+03
3.777459299769904192e+03
3.786545014802280548e+03
3.795609885218857016e+03
3.804653977216918065e+03
3.813677356799162681e+03
3.822680089773413329e+03
3.831662241752355385e+03
3.840623878153276110e+03
3.849565064197840002e+03
3.858485864911868248e+03
3.867386345125134085e+03
3.876266569471184994e+03
3.885126602387173079e+03
3.893966508113696818e+03
3.902786350694671000e+03
3.911586193977201674e+03
3.920366101611478825e+03
3.929126137050687248e+03
3.937866363550916958e+03
3.946586844171118628e+03
3.955287641773038104e+03
3.963968819021184572e+03
3.972630438382811008e+03
3.981272562127897345e+03
3.989895252329161849e+03
3.998498570862069755e+03
4.007082579404867374e+03
4.015647339438620293e+03
4.024192912247263394e+03
4.032719358917667705e+03
4.041226740339722255e+03
4.049715117206408195e+03
4.058184550013907938e+03
4.066635099061712026e+03
4.075066824452735091e+03
4.083479786093455459e+03
4.091874043694045668e+03
4.100249656768532986e+03
4.108606684634954945e+03
4.116945186415528042e+03
4.125265221036837829e+03
4.133566847230016720e+03
4.141850123530952260e+03
4.150115108280490858e+03
4.158361859624654244e+03
4.166590435514868659e+03
4.174800893708192234e+03
4.182993291767565097e+03
4.191167687062049481e+03
4.199324136767101663e+03
4.207462697864827533e+03
4.215583427144253619e+03
4.223686381201623590e+03
4.231771616440671096e+03
4.239839189072923546e+03
4.247889155118000417e+03
4.255921570403929763e+03
4.263936490567457440e+03
4.271933971054369977e+03
4.279914067119829269e+03
4.287876833828705458e+03
4.295822326055915255e+03
4.303750598486778472e+03
4.311661705617356347e+03
4.319555701754829897e+03
4.327432641017850074e+03
4.335292577336911563e+03
4.343135564454735686e+03
4.350961655926641470e+03
4.358770905120934913e+03
4.366563365219304615e+03
4.374339089217211040e+03
4.382098129924292152e+03
4.389840539964764503e+03
4.397566371777834320e+03
4.405275677618114059e+03
4.412968509556037134e+03
4.420644919478282645e+03
4.428304959088201031e+03
4.435948679906244251e+03
4.443576133270404171e+03
4.451187370336640015e+03
4.458782442079334942e+03
4.466361399291729867e+03
4.473924292586375486e+03
4.481471172395589747e+03
4.489002088971903504e+03
4.496517092388523452e+03
4.504016232539801422e+03
4.511499559141683676e+03
4.518967121732192936e+03
4.526418969671887680e+03
4.533855152144342355e+03
4.541275718156620314e+03
4.548680716539752211e+03
4.556070195949216213e+03
4.563444204865423671e+03
4.570802791594195696e+03
4.578146004267267017e+03
4.585473890842758010e+03
4.592786499105680377e+03
4.600083876668422818e+03
4.607366070971246700e+03
4.614633129282792652e+03
4.621885098700566232e+03
4.629122026151453611e+03
4.636343958392211789e+03
4.643550942009980645e+03
4.650743023422788610e+03
4.657920248880054714e+03
4.665082664463103356e+03
4.672230316085668164e+03
4.679363249494413139e+03
4.686481510269430146e+03
4.693585143824774605e+03
4.700674195408954802e+03
4.707748710105466671e+03
4.714808732833304020e+03
4.721854308347473307e+03
4.728885481239521141e+03
4.735902295938044517e+03
4.742904796709212860e+03
4.749893027657292805e+03
4.756867032725172976e+03
4.763826855694871483e+03
4.770772540188075254e+03
4.777704129666652079e+03
4.784621667433181756e+03
4.791525196631474500e+03
4.798414760247100276e+03
4.805290401107912658e+03
4.812152161884569978e+03
4.819000085091063738e+03
4.825834213085246120e+03
4.832654588069351121e+03
4.839461252090529342e+03
4.846254247041360941e+03
4.853033614660393141e+03
4.859799396532660467e+03
4.866551634090212247e+03
4.873290368612640123e+03
4.880015641227598280e+03
4.886727492911335503e+03
4.893425964489224498e+03
4.900111096636269394e+03
4.906782929877656898e+03
4.913441504589251963e+03
4.920086860998150769e+03
4.926719039183182758e+03
4.933338079075449059e+03
4.939944020458838168e+03
4.946536902970547999e+03
4.953116766101617941e+03
4.959683649197439991e+03
4.966237591458284442e+03
4.972778631939825573e+03
4.979306809553656421e+03
4.985822163067806287e+03
4.992324731107271873e+03
4.998814552154519333e+03
5.005291664550019959e+03
5.011756106492751314e+03
5.018207916040724740e+03
5.024647131111495582e+03
5.031073789482684333e+03
5.037487928792480488e+03
5.043889586540170967e+03
5.050278800086634874e+03
5.056655606654872827e+03
5.063020043330504450e+03
5.069372147062289514e+03
5.075711954662626340e+03
5.082039502808067482e+03
5.088354828039827225e+03
5.094657966764283628e+03
5.100948955253483291e+03
5.107227829645657948e+03
5.113494625945706503e+03
5.119749380025719802e+03
5.125992127625469038e+03
5.132222904352905061e+03
5.138441745684664056e+03
5.144648686966568675e+03
5.150843763414107343e+03
5.157027010112955395e+03
5.163198462019450744e+03
5.169358153961091375e+03
5.175506120637036474e+03
5.181642396618590283e+03
5.187767016349690493e+03
5.193880014147404836e+03
5.199981424202413109e+03
5.206071280579494669e+03
5.212149617218016829e+03
5.218216467932415071e+03
5.224271866412678719e+03
5.230315846224834786e+03
5.236348440811415458e+03
5.242369683491958313e+03
5.248379607463467437e+03
5.254378245800900913e+03
5.260365631457630116e+03
5.266341797265935384e+03
5.272306775937466227e+03
5.278260600063705169e+03
5.284203302116456143e+03
5.290134914448301970e+03
5.296055469293071837e+03
5.301964998766309691e+03
5.307863534865735346e+03
5.313751109471716518e+03
5.319627754347722657e+03
5.325493501140784247e+03
5.331348381381959371e+03
5.337192426486780278e+03
5.343025667755729955e+03
5.348848136374668684e+03
5.354659863415316067e+03
5.360460879835682135e+03
5.366251216480527546e+03
5.372030904081811059e+03
5.377799973259140643e+03
5.383558454520211853e+03
5.389306378261260761e+03
5.395043774767505056e+03
5.400770674213589700e+03
5.406487106664012572e+03
5.412193102073584669e+03
5.417888690287853933e+03
5.423573901043555452e+03
5.429248763969018910e+03
5.434913308584636070e+03
5.440567564303270956e+03
5.446211560430696409e+03
5.451845326166023369e+03
5.457468890602129250e+03
5.463082282726078120e+03
5.468685531419561812e+03
5.474278665459300100e+03
5.479861713517482713e+03
5.485434704162171329e+03
5.490997665857740685e+03
5.496550626965276024e+03
5.502093615742996917e+03
5.507626660346677454e+03
5.513149788830044599e+03
5.518663029145201108e+03
5.524166409143039346e+03
5.529659956573634190e+03
5.535143699086664128e+03
5.540617664231810522e+03
5.546081879459165066e+03
5.551536372119628140e+03
5.556981169465314451e+03
5.562416298649947748e+03
5.567841786729268279e+03
5.573257660661417503e+03
5.578663947307340095e+03
5.584060673431180476e+03
5.589447865700670263e+03
5.594825550687517534e+03
5.600193754867807002e+03
5.605552504622371998e+03
5.610901826237195564e+03
5.616241745903785159e+03
5.621572289719566470e+03
5.626893483688252672e+03
5.632205353720238236e+03
5.637507925632971819e+03
5.642801225151323706e+03
5.648085277907991440e+03
5.653360109443842703e+03
5.658625745208304579e+03
5.663882210559733721e+03
5.669129530765791060e+03
5.674367731003798326e+03
5.679596836361120950e+03
5.684816871835523671e+03
5.690027862335537975e+03
5.695229832680827712e+03
5.700422807602551075e+03
5.705606811743716207e+03
5.710781869659546828e+03
5.715948005817836929e+03
5.721105244599306388e+03
5.726253610297954765e+03
5.731393127121419639e+03
5.736523819191321309e+03
5.741645710543625682e+03
5.746758825128978970e+03
5.751863186813062384e+03
5.756958819376942301e+03
5.762045746517405860e+03
5.767123991847315665e+03
5.772193578895945393e+03
5.777254531109317213e+03
5.782306871850550124e+03
5.787350624400195557e+03
5.792385811956570251e+03
5.797412457636090949e+03
5.802430584473617273e+03
5.807440215422773690e+03
5.812441373356289660e+03
5.817434081066321596e+03
5.822418361264791201e+03
5.827394236583700149e+03
5.832361729575463869e+03
5.837320862713245333e+03
5.842271658391252458e+03
5.847214138925085535e+03
5.852148326552047365e+03
5.857074243431459763e+03
5.861991911644988249e+03
5.866901353196949458e+03
5.871802590014638554e+03
5.876695643948633005e+03
5.881580536773109998e+03
5.886457290186154751e+03
5.891325925810078843e+03
5.896186465191716707e+03
5.901038929802737584e+03
5.905883341039962033e+03
5.910719720225648416e+03
5.915548088607813042e+03
5.920368467360521208e+03
5.925180877584196423e+03
5.929985340305913269e+03
5.934781876479702078e+03
5.939570506986840883e+03
5.944351252636156460e+03
5.949124134164313546e+03
5.953889172236112245e+03
5.958646387444781794e+03
5.963395800312268875e+03
5.968137431289523192e+03
5.972871300756795790e+03
5.977597429023921904e+03
5.982315836330601087e+03
5.987026542846695520e+03
5.991729568672496498e+03
5.996424933839022742e+03
6.001112658308293248e+03
6.005792761973611050e+03
6.010465264659836976e+03
6.015130186123673411e+03
6.019787546053937149e+03
6.024437364071833144e+03
6.029079659731241009e+03
6.033714452518966937e+03
6.038341761855029290e+03
6.042961607092931445e+03
6.047574007519922816e+03
6.052178982357271707e+03
6.056776550760534519e+03
6.061366731819812230e+03
6.065949544560027789e+03
6.070525007941182594e+03
6.075093140858621155e+03
6.079653962143290300e+03
6.084207490562001112e+03
6.088753744817688130e+03
6.093292743549671286e+03
6.097824505333903289e+03
6.102349048683234287e+03
6.106866392047662885e+03
6.111376553814592626e+03
6.115879552309077553e+03
6.120375405794083235e+03
6.124864132470729601e+03
6.129345750478543778e+03
6.133820277895707477e+03
6.138287732739307103e+03
6.142748132965568402e+03
6.147201496470120219e+03
6.151647841088219138e+03
6.156087184595005965e+03
6.160519544705746739e+03
6.164944939076059200e+03
6.169363385302169263e+03
6.173774900921142034e+03
6.178179503411124642e+03
6.182577210191570884e+03
6.186968038623488610e+03
6.191352006009671641e+03
6.195729129594928963e+03
6.200099426566324837e+03
6.204462914053397071e+03
6.208819609128402590e+03
6.213169528806542985e+03
6.217512690046179159e+03
6.221849109749079616e+03
6.226178804760634193e+03
6.230501791870079614e+03
6.234818087810733232e+03
6.239127709260201300e+03
6.243430672840615443e+03
6.247726995118850027e+03
6.252016692606736797e+03
6.256299781761293161e+03
6.260576278984940473e+03
6.264846200625705023e+03
6.269109562977461792e+03
6.273366382280130892e+03
6.277616674719897674e+03
6.281860456429426449e+03
6.286097743488076048e+03
6.290328551922106271e+03
6.294552897704895258e+03
6.298770796757146854e+03
6.302982264947097065e+03
6.307187318090727786e+03
6.311385971951966894e+03
6.315578242242905617e+03
6.319764144623993161e+03
6.323943694704248628e+03
6.328116908041460192e+03
6.332283800142394284e+03
6.336444386462986586e+03
6.340598682408554851e+03
6.344746703333992627e+03
6.348888464543972987e+03
6.353023981293139514e+03
6.357153268786310036e+03
6.361276342178675804e+03
6.365393216575987935e+03
6.369503907034762960e+03
6.373608428562471090e+03
6.377706796117727208e+03
6.381799024610488232e+03
6.385885128902245924e+03
6.389965123806212432e+03
6.394039024087513098e+03
6.398106844463374728e+03
6.402168599603317489e+03
6.406224304129334996e+03
6.410273972616086212e+03
6.414317619591080984e+03
6.418355259534865581e+03
6.422386906881203686e+03
6.426412576017262836e+03
6.430432281283792690e+03
6.434446036975314200e+03
6.438453857340296054e+03
6.442455756581330206e+03
6.446451748855321057e+03
6.450441848273657342e+03
6.454426068902391307e+03
6.458404424762418785e+03
6.462376929829650180e+03
6.466343598035186005e+03
6.470304443265503323e+03
6.474259479362613092e+03
6.478208720124239335e+03
6.482152179303998309e+03
6.486089870611565857e+03
6.490021807712840200e+03
6.493948004230126571e+03
6.497868473742294555e+03
6.501783229784957257e+03
6.505692285850625922e+03
6.509595655388890009e+03
6.513493351806582723e+03
6.517385388467928351e+03
6.521271778694734166e+03
6.525152535766541405e+03
6.529027672920780788e+03
6.532897203352953511e+03
6.536761140216778585e+03
6.540619496624360181e+03
6.544472285646348610e+03
6.548319520312101304e+03
6.552161213609835613e+03
6.555997378486797061e+03
6.559828027849413047e+03
6.563653174563441098e+03
6.567472831454145307e+03
6.571287011306430031e+03
6.575095726865015422e+03
6.578898990834575670e+03
6.582696815879900896e+03
6.586489214626052672e+03
6.590276199658506812e+03
6.594057783523314356e+03
6.597833978727249814e+03
6.601604797737963054e+03
6.605370252984122999e+03
6.609130356855573154e+03
6.612885121703479854e+03
6.616634559840481415e+03
6.620378683540821839e+03
6.624117505040523611e+03
6.627851036537505024e+03
6.631579290191745713e+03
6.635302278125423072e+03
6.639020012423059597e+03
6.642732505131659309e+03
6.646439768260863275e+03
6.650141813783076941e+03
6.653838653633622926e+03
6.657530299710880172e+03
6.661216763876420373e+03
6.664898057955147124e+03
6.668574193735443259e+03
6.672245182969296366e+03
6.675911037372452483e+03
6.679571768624539800e+03
6.683227388369212349e+03
6.686877908214285526e+03
6.690523339731867964e+03
6.694163694458502505e+03
6.697798983895292622e+03
6.701429219508051574e+03
6.705054412727411545e+03
6.708674574948979171e+03
6.712289717533453768e+03
6.715899851806764673e+03
6.719504989060201297e+03
6.723105140550543183e+03
6.726700317500190977e+03
6.730290531097291023e+03
6.733875792495868154e+03
6.737456112815957567e+03
6.741031503143721238e+03
6.744601974531584347e+03
6.748167537998364423e+03
6.751728204529382310e+03
6.755283985076606768e+03
6.758834890558762709e+03
6.762380931861466706e+03
6.765922119837345235e+03
6.769458465306157450e+03
6.772989979054925243e+03
6.776516671838041475e+03
6.780038554377410037e+03
6.783555637362549533e+03
6.787067931450726064e+03
6.790575447267067830e+03
6.794078195404683356e+03
6.797576186424785192e+03
6.801069430856806321e+03
6.804557939198513850e+03
6.808041721916138158e+03
6.811520789444478396e+03
6.814995152187019812e+03
6.818464820516062900e+03
6.821929804772819807e+03
6.825390115267539841e+03
6.828845762279630435e+03
6.832296756057755374e+03
6.835743106819962122e+03
6.839184824753786415e+03
6.842621920016371405e+03
6.846054402734572250e+03
6.849482283005077079e+03
6.852905570894507036e+03
6.856324276439539062e+03
6.859738409647003209e+03
6.863147980494007243e+03
6.866552998928032139e+03
6.869953474867051227e+03
6.873349418199624779e+03
6.876740838785032793e+03
6.880127746453351392e+03
6.883510151005586522e+03
6.886888062213760350e+03
6.890261489821034047e+03
6.893630443541797831e+03
6.896994933061791926e+03
6.900354968038197512e+03
6.903710558099748596e+03
6.907061712846838418e+03
6.910408441851606767e+03
6.913750754658066398e+03
6.917088660782190345e+03
6.920422169712015602e+03
6.923751290907746807e+03
6.927076033801859012e+03
6.930396407799197732e+03
6.933712422277077167e+03
6.937024086585378427e+03
6.940331410046655947e+03
6.943634401956232068e+03
6.946933071582299817e+03
6.950227428166004756e+03
6.953517480921573224e+03
6.956803239036382365e+03
6.960084711671066543e+03
6.963361907959619202e+03
6.966634837009480179e+03
6.969903507901643025e+03
6.973167929690736855e+03
6.976428111405128220e+03
6.979684062047013867e+03
6.982935790592525336e+03
6.986183305991805355e+03
6.989426617169106976e+03
6.992665733022901804e+03
6.995900662425950031e+03
6.999131414225404114e+03
7.002357997242905185e+03
7.005580420274660355e+03
7.008798692091550947e+03
7.012012821439204345e+03
7.015222817038106768e+03
7.018428687583674218e+03
7.021630441746347969e+03
7.024828088171682793e+03
7.028021635480443365e+03
7.031211092268688844e+03
7.034396467107850185e+03
7.037577768544833816e+03
7.040755005102097130e+03
7.043928185277747616e+03
7.047097317545616534e+03
7.050262410355350767e+03
7.053423472132504685e+03
7.056580511278613812e+03
7.059733536171286687e+03
7.062882555164296718e+03
7.066027576587646763e+03
7.069168608747679173e+03
7.072305659927136730e+03
7.075438738385255419e+03
7.078567852357858101e+03
7.081693010057416359e+03
7.084814219673145089e+03
7.087931489371086172e+03
7.091044827294187598e+03
7.094154241562378047e+03
7.097259740272663294e+03
7.100361331499188964e+03
7.103459023293336941e+03
7.106552823683791758e+03
7.109642740676634276e+03
7.112728782255407168e+03
7.115810956381203141e+03
7.118889270992744059e+03
7.121963734006450068e+03
7.125034353316530542e+03
7.128101136795050479e+03
7.131164092292015084e+03
7.134223227635443436e+03
7.137278550631452163e+03
7.140330069064317286e+03
7.143377790696570628e+03
7.146421723269050744e+03
7.149461874501003877e+03
7.152498252090145797e+03
7.155530863712734572e+03
7.158559717023650592e+03
7.161584819656476611e+03
7.164606179223551408e+03
7.167623803316071644e+03
7.170637699504138254e+03
7.173647875336853758e+03
7.176654338342373194e+03
7.179657096027995067e+03
7.182656155880215920e+03
7.185651525364822191e+03
7.188643211926942968e+03
7.191631222991137292e+03
7.194615565961452376e+03
7.197596248221501810e+03
7.200573277134533782e+03
7.203546660043501106e+03
7.206516404271134888e+03
7.209482517120003649e+03
7.212445005872601541e+03
7.215403877791392915e+03
7.218359140118905088e+03
7.221310800077778367e+03
7.224258864870846992e+03
7.227203341681196434e+03
7.230144237672243435e+03
7.233081559987789660e+03
7.236015315752101742e+03
7.238945512069972210e+03
7.241872156026780431e+03
7.244795254688565365e+03
7.247714815102101056e+03
7.250630844294937560e+03
7.253543349275493711e+03
7.256452337033104413e+03
7.259357814538088860e+03
7.262259788741822376e+03
7.265158266576796450e+03
7.268053254956676028e+03
7.270944760776375915e+03
7.273832790912118980e+03
7.276717352221498913e+03
7.279598451543542069e+03
7.282476095698772951e+03
7.285350291489276060e+03
7.288221045698761372e+03
7.291088365092617096e+03
7.293952256417986064e+03
7.296812726403819397e+03
7.299669781760927435e+03
7.302523429182062500e+03
7.305373675341968919e+03
7.308220526897434866e+03
7.311063990487375122e+03
7.313904072732868372e+03
7.316740780237229046e+03
7.319574119586065535e+03
7.322404097347336574e+03
7.325230720071423093e+03
7.328053994291163690e+03
7.330873926521935573e+03
7.333690523261704584e+03
7.336503790991080677e+03
7.339313736173377947e+03
