1.617127224710835726e-81
6.152867585773543946e-59
3.249044332898473336e-43
3.334674851291806224e-32
1.691501308295563821e-24
3.754029330399125149e-19
1.644940923939219228e-15
4.130679077391925619e-13
1.281622868609105641e-11
8.570538493049850025e-11
1.836092056933200934e-10
1.667560257286636348e-10
7.879513696785257477e-11
2.260370113449770854e-11
4.410166373130470747e-12
6.343555166218833708e-13
7.133845168351288270e-14
6.572373231676163125e-15
5.162842666441262488e-16
3.581084285112002813e-17
2.260923411387049337e-18
1.333399935235776031e-19
7.507541419604200838e-21
4.109081945775585405e-22
2.218937149249366132e-23
1.196586873349923857e-24
6.506991752545971670e-26
3.596245254789749338e-27
2.032586561860467141e-28
1.180590828929524055e-29
7.073650291523502903e-31
4.384622951935791414e-32
2.817690649971699581e-33
1.880137904485302806e-34
1.303968984531537873e-35
9.405768167507058702e-37
7.058204629978983463e-38
5.510272196614562218e-39
4.474467720922379979e-40
3.777751216935120819e-41
3.314530223836949637e-42
3.020173893912615844e-43
2.855947481715394234e-44
2.800495164363111242e-45
2.845261421774534022e-46
