5.344110918195829778e-09
3.447917304695519919e-11
8.989470542523312331e-12
1.630654258597082738e-12
-1.108384441975103236e-13
-7.499766786642368421e-14
-9.186083637634060702e-15
-5.245448572776314042e-16
-1.656824023127403386e-17
-3.415713080888989932e-19
-5.342753752309123443e-21
-7.130998719320980025e-23
-8.852263203397372646e-25
-1.086877869779020640e-26
-1.378047422836964928e-28
-1.858758536858004633e-30
-2.721179625681504810e-32
-4.380396473749739306e-34
-7.815026858794288675e-36
-1.551866116311344737e-37
