2.543127456982161757e-10
2.525365065232261321e-12
8.640691014950410674e-13
3.217848766534430719e-13
8.879924943235923878e-14
4.388961799289955667e-15
-7.061418454010077140e-15
-2.837149579264080772e-15
-6.025015272119277678e-16
-8.424925338354547594e-17
-8.294312522200460924e-18
-6.122577690016556887e-19
-3.619570667051134392e-20
-1.820174225110459594e-21
-8.189403964691120362e-23
-3.433933638608838994e-24
-1.385809942490644875e-25
-5.519953534936875382e-27
-2.210127030620202302e-28
-8.956659742665429060e-30
-3.629259285202666873e-31
0.000000000000000000e+00
0.000000000000000000e+00
0.000000000000000000e+00
0.000000000000000000e+00
0.000000000000000000e+00
0.000000000000000000e+00
0.000000000000000000e+00
0.000000000000000000e+00
0.000000000000000000e+00
0.000000000000000000e+00
0.000000000000000000e+00
0.000000000000000000e+00
0.000000000000000000e+00
0.000000000000000000e+00
0.000000000000000000e+00
0.000000000000000000e+00
0.000000000000000000e+00
0.000000000000000000e+00
0.000000000000000000e+00
