1.000000000000000021e-03 5.094770941257615031e-09 4.602453728854417546e-09 4.511167975307888226e-09 4.461158757602066463e-09 4.429236558272567582e-09 4.408929121057941879e-09 4.398876118867641126e-09 4.400777169077719036e-09 4.426389938660855588e-09 4.513376944611943848e-09
1.437458193979933296e-02 7.025960860057358635e-08 6.480372299122687297e-08 6.385480879310695537e-08 6.334573468348052493e-08 6.303425595846098418e-08 6.285734398930095027e-08 6.280963455192040873e-08 6.292487202722508306e-08 6.338078077973832323e-08 6.474638159323173568e-08
2.774916387959866504e-02 1.297885971763920096e-07 1.224191399989453753e-07 1.212990881200526346e-07 1.207270952386671701e-07 1.204138703300177347e-07 1.202974043368443218e-07 1.203949927077523927e-07 1.207896641520274954e-07 1.218408270107328538e-07 1.247018143235370861e-07
4.112374581939799711e-02 1.835646880158885343e-07 1.773590408168041741e-07 1.767674654376956760e-07 1.765366903532497718e-07 1.765051880422917975e-07 1.766702281230850439e-07 1.770998943082498514e-07 1.779421562392322563e-07 1.797568442384633355e-07 1.843335555449215887e-07
5.449832775919732919e-02 2.315080243379499649e-07 2.295366551093723271e-07 2.301861406998851121e-07 2.307076906290421005e-07 2.312475063678454600e-07 2.319194149400726013e-07 2.328703152906464895e-07 2.343321132416916895e-07 2.370818500940325588e-07 2.435968886386764723e-07
6.787290969899666127e-02 2.735815268589082652e-07 2.788691680311136455e-07 2.814857150255810653e-07 2.831786498086510204e-07 2.845822242619605483e-07 2.859904515415253455e-07 2.876560346306722868e-07 2.899121362626049357e-07 2.937694921818445003e-07 3.024489654373185738e-07
8.124749163879599334e-02 3.097921791518167192e-07 3.252797752895495734e-07 3.305995859617339526e-07 3.338890101522244098e-07 3.364546752047652286e-07 3.388316166424699472e-07 3.414072928206930366e-07 3.446343468583059750e-07 3.497758805952812918e-07 3.608485400877095765e-07
9.462207357859532542e-02 3.401925998556861123e-07 3.686919549426917616e-07 3.774627773489512185e-07 3.827808989097619496e-07 3.868112796960069610e-07 3.903933733683753669e-07 3.940778688681613778e-07 3.984555483217667263e-07 4.050585787127582987e-07 4.187561279659832715e-07
1.079966555183946575e-01 3.648792858492677074e-07 4.090371618048011421e-07 4.220158329886199418e-07 4.297992513902423527e-07 4.356015941938716222e-07 4.406266400509019519e-07 4.456217234123493428e-07 4.513323988087392451e-07 4.595773253220586298e-07 4.761327423860362813e-07
1.213712374581939896e-01 3.839928441987188852e-07 4.462477159476922634e-07 4.642011352543343235e-07 4.748920691959570759e-07 4.827767090480551030e-07 4.894887598562937926e-07 4.959972870742973890e-07 5.032247764555364261e-07 5.132927830428210057e-07 5.329426570283395615e-07
1.347458193979933216e-01 3.977157150271929979e-07 4.802593723200352911e-07 5.039642345735248710e-07 5.180109196111443989e-07 5.282936578396885947e-07 5.369345682352247863e-07 5.451623748987455544e-07 5.540935922066739884e-07 5.661687045930698684e-07 5.891501197564303986e-07
1.481204013377926398e-01 4.062694683144506321e-07 5.110124363075094519e-07 5.412546995619542730e-07 5.591088175952602174e-07 5.721038762184357936e-07 5.829242476172943534e-07 5.930806172612275838e-07 6.039005800448114715e-07 6.181699474928808509e-07 6.447215125623606826e-07
1.614949832775919858e-01 4.099116631895082627e-07 5.384531484356195074e-07 5.760217922229128479e-07 5.981406788298211374e-07 6.141700018048094171e-07 6.274195632680112225e-07 6.397114507534884495e-07 6.526120477701236056e-07 6.692613663390581079e-07 6.996248719623201151e-07
1.748695652173913317e-01 4.089387907638639592e-07 5.625261050333916810e-07 6.082204195870989843e-07 6.350650897659161567e-07 6.544526149618201986e-07 6.703810535662523842e-07 6.850228066962346560e-07 7.001935058348327420e-07 7.194109088483091276e-07 7.538295918642811516e-07
1.882441471571906499e-01 4.036780322278773072e-07 5.831819779612877754e-07 6.378064407911714637e-07 6.698430444505734577e-07 6.929132059691333899e-07 7.117750030523594114e-07 7.289806664278167415e-07 7.466125347132850886e-07 7.685884308312670151e-07 8.073056901403841470e-07
2.016187290969899681e-01 3.944887474786795357e-07 6.003760905903489145e-07 6.647405110084441338e-07 7.024356547674122669e-07 7.295185428638735393e-07 7.515684839419887838e-07 7.715507668368494634e-07 7.918402836451926154e-07 8.167644127326853320e-07 8.600258590297816975e-07
2.149933110367893141e-01 3.817581831354301111e-07 6.140614698484839834e-07 6.889861945351680043e-07 7.328104045518391512e-07 7.642323844828787400e-07 7.897298843765418471e-07 8.127048223908072243e-07 8.358474343588581271e-07 8.639123898178397932e-07 9.119625235670453745e-07
2.283678929765886600e-01 3.658999872511336949e-07 6.242034171024828322e-07 7.105055363427989791e-07 7.609323271410726449e-07 7.970284944951011078e-07 8.262310663429283394e-07 8.524178622608549986e-07 8.786057316312259754e-07 9.100046429161015754e-07 9.630911608313423527e-07
2.417424749163879782e-01 3.473518056293699178e-07 6.307618222942702142e-07 7.292660065415643673e-07 7.867722395911316075e-07 8.278754064226578837e-07 8.610415861418592471e-07 8.906585211372580804e-07 9.200912557079948467e-07 9.550150790854255236e-07 1.013387919331804635e-06
2.551170568561872964e-01 3.265718859844415973e-07 6.337118230371819639e-07 7.452370902062904807e-07 8.102996678442303861e-07 8.567457514772908211e-07 8.941409358675273214e-07 9.274046644615459077e-07 9.602781575465869776e-07 9.989233912458114160e-07 1.062828124056403467e-06
2.684916387959866424e-01 3.040374598259046190e-07 6.330219191331358043e-07 7.583904638866759310e-07 8.314913292262431286e-07 8.836166626155414718e-07 9.254992294104931615e-07 9.626313368807711831e-07 9.991442635540728822e-07 1.041705393831114120e-06 1.111392262580333560e-06
2.818662207357859883e-01 2.802328362687894741e-07 6.286821837086205306e-07 7.686991749742693819e-07 8.503186269627731692e-07 9.084607555908718759e-07 9.550972980182348343e-07 9.963178204868145547e-07 1.036668474205822602e-06 1.083339554464220200e-06 1.159059278657534874e-06
2.952408026755852788e-01 2.556497713502855579e-07 6.206940092040709020e-07 7.761409593607310017e-07 8.667634515632623900e-07 9.312590095556734598e-07 9.829104339829071838e-07 1.028442141059165940e-06 1.072830808873413019e-06 1.123810893712738586e-06 1.205808421344659730e-06
3.086153846153846247e-01 2.307729849550514784e-07 6.090833858541600899e-07 7.806895355307051500e-07 8.808020922046190900e-07 9.519949876381140458e-07 1.008923563849857609e-06 1.058987642081598712e-06 1.107611721023277153e-06 1.163093210587363634e-06 1.251623597019409501e-06
3.219899665551839707e-01 2.060706691635067236e-07 5.939033977871306500e-07 7.823325945100625724e-07 8.924131224405478489e-07 9.706415962516164118e-07 1.033116877373032281e-06 1.087934901688977095e-06 1.140995440570595634e-06 1.201175207347109010e-06 1.296485714156737360e-06
3.353645484949833167e-01 1.819801412192672907e-07 5.752573576019676002e-07 7.810457354743438598e-07 9.015843211004718270e-07 9.871870667706078497e-07 1.055472084834554302e-06 1.115267620360618774e-06 1.172965293434538939e-06 1.238039504401560732e-06 1.340379489343761057e-06
3.487391304347826626e-01 1.588939660343301683e-07 5.532997266889405177e-07 7.768184147503339796e-07 9.082965308319991310e-07 1.001616710658194491e-06 1.075974212335143619e-06 1.140969550362489908e-06 1.203505029284476150e-06 1.273669014895415488e-06 1.383290746511838135e-06
3.621137123745819530e-01 1.371493556921797306e-07 5.282521398646165164e-07 7.696318267949805988e-07 9.125364089116097702e-07 1.013911852803382321e-06 1.094610445405328511e-06 1.165031219276604246e-06 1.232603457873397066e-06 1.308052740073501605e-06 1.425203053266877093e-06
3.754882943143812990e-01 1.170095642229231305e-07 5.004127865526224136e-07 7.594870250373252890e-07 9.142904172731966538e-07 1.024065793259927065e-06 1.111370579341306170e-06 1.187434113731514836e-06 1.260244467868483069e-06 1.341176870461828963e-06 1.466105007318120042e-06
3.888628762541806450e-01 9.866637699572586772e-08 4.701533751987235364e-07 7.463771597869619081e-07 9.135485648760158770e-07 1.032062076337357240e-06 1.126239435026394096e-06 1.208169662548924562e-06 1.286417366707298532e-06 1.373027355015827493e-06 1.505984665808411869e-06
4.022374581939799354e-01 8.223230669965760835e-08 4.379212406658009752e-07 7.303102022238370038e-07 9.102996229596699035e-07 1.037894249590677836e-06 1.139206828558461345e-06 1.227227395848812602e-06 1.311111997064615522e-06 1.403597030584674254e-06 1.544828586876127843e-06
4.156120401337792813e-01 6.774350337165815004e-08 4.042269683122099654e-07 7.113106916718326525e-07 9.045389349324522723e-07 1.041550553371107369e-06 1.150263887060070514e-06 1.244597043871536215e-06 1.334319138342195219e-06 1.432873227282558808e-06 1.582627576488852333e-06
4.289866220735786273e-01 5.516850133199389429e-08 3.696314506730462132e-07 6.894234740709334417e-07 8.962544255898016999e-07 1.043024268239587030e-06 1.159405977693786736e-06 1.260270966760493661e-06 1.356027697712002777e-06 1.460847975949421570e-06 1.619371430840275769e-06
4.423612040133779733e-01 4.442141489441058784e-08 3.347208021137817966e-07 6.647215168799443919e-07 8.854441530715612576e-07 1.042310729797947194e-06 1.166620446818329995e-06 1.274242051369277125e-06 1.376232942681671483e-06 1.487511019310685121e-06 1.655051504879025689e-06
4.557357859531773192e-01 3.537105393146846036e-08 3.000821457436975977e-07 6.373230841108243175e-07 8.721026680909547394e-07 1.039402132433686224e-06 1.171904065749181141e-06 1.286501677481908947e-06 1.394926778855036902e-06 1.512855916728370107e-06 1.689659467363680084e-06
4.691103678929766096e-01 2.785726224427312516e-08 2.662787451599353050e-07 6.073872296431022955e-07 8.562332787495240670e-07 1.034293254930443965e-06 1.175252545067505044e-06 1.297046233875043828e-06 1.412103439036885194e-06 1.536876257195674997e-06 1.723188072279224207e-06
4.824849498327759556e-01 2.170480112581341767e-08 2.338246530487906624e-07 5.751381431181034853e-07 8.378413749870903726e-07 1.026984087556422141e-06 1.176659307873206031e-06 1.305870133637171468e-06 1.427754830246558964e-06 1.559567056948997499e-06 1.755630237662136313e-06
4.958595317725753016e-01 1.673312906085386426e-08 2.031611510511937386e-07 5.408614405824277653e-07 8.169348457795853510e-07 1.017468306340044143e-06 1.176125055043302858e-06 1.312970215559358770e-06 1.441878388704817671e-06 1.580923496769027222e-06 1.786978647321598445e-06
5.092341137123745920e-01 1.276671938653559007e-08 1.746430339892183841e-07 5.049103343891427451e-07 7.935418370221764249e-07 1.005747520103436030e-06 1.173642781607036057e-06 1.318341444689004692e-06 1.454472665282963697e-06 1.600938248072860542e-06 1.817229210335479913e-06
5.226086956521739380e-01 9.641142574486700161e-09 1.485290261898264969e-07 4.677010565327992930e-07 7.676974900300701720e-07 9.918198652844977569e-07 1.169213446963811294e-06 1.321982976751143397e-06 1.465530612128045618e-06 1.619608873467642678e-06 1.846377078947287643e-06
5.359832775919732839e-01 7.207503447645850224e-09 1.249763537495957069e-07 4.297056857443500733e-07 7.394649643258776486e-07 9.756860785048565555e-07 1.162835428246083281e-06 1.323893228891736740e-06 1.475050954999347507e-06 1.636933468299269884e-06 1.874416722977472732e-06
5.493578595317726299e-01 5.334383314364375723e-09 1.040456023251383246e-07 3.914289806049825996e-07 7.089361333350953351e-07 9.573493454532067645e-07 1.154506405929039039e-06 1.324072852968421391e-06 1.483032826715577557e-06 1.652907870446749580e-06 1.901345567424467826e-06
5.627324414715719758e-01 3.909019045499155519e-09 8.571303273242269750e-08 3.534044955742713197e-07 6.762344460073988283e-07 9.368168810451498295e-07 1.144231767700094251e-06 1.322514485356497922e-06 1.489475038183043152e-06 1.667529850527601989e-06 1.927160509671701097e-06
5.761070234113713218e-01 2.836401339437855935e-09 6.987984749296256283e-08 3.161521558201569797e-07 6.415401315959629698e-07 9.140981784258465763e-07 1.132009625538986334e-06 1.319225030231344562e-06 1.494376772324257402e-06 1.680797000805281409e-06 1.951858474661802756e-06
5.894816053511705567e-01 2.038108993840338562e-09 5.639060841490292209e-08 2.801715467595443931e-07 6.050757168476015579e-07 8.892048673448437040e-07 1.117843124900110003e-06 1.314204156379076351e-06 1.497736568736463550e-06 1.692710632883809355e-06 1.975437174567015004e-06
6.028561872909699026e-01 1.450385545773503104e-09 4.504996897876521797e-08 2.459076542575122795e-07 5.671225870810119511e-07 8.621668630054711442e-07 1.101733198304170709e-06 1.307452437285646321e-06 1.499555091402780521e-06 1.703270154357331021e-06 1.997894504523401495e-06
6.162307692307692486e-01 1.022299378751715804e-09 3.563613536358554646e-08 2.137379426695510692e-07 5.280185301931985279e-07 8.330214232309253262e-07 1.083683036557447393e-06 1.298970708822459057e-06 1.499835972382147029e-06 1.712473842568452382e-06 2.019230963420176473e-06
6.296053511705685946e-01 7.137302184173425366e-10 2.791767481456520582e-08 1.839575441395586560e-07 4.881511114059672683e-07 8.018240011914517047e-07 1.063698451531206623e-06 1.288763136321608406e-06 1.498577833576432910e-06 1.720325301214976169e-06 2.039442800967068682e-06
6.429799331103679405e-01 4.936316888130570959e-10 2.166419545183393046e-08 1.567711967541330116e-07 4.479475086390206581e-07 7.686567107758416600e-07 1.041787294292326308e-06 1.276832822419412227e-06 1.495782841276328035e-06 1.726820283987416292e-06 2.058532655889743995e-06
6.563545150501672865e-01 3.382658828582925811e-10 1.665543875361142686e-08 1.322910750556725745e-07 4.078669513446520578e-07 7.336290845216664144e-07 1.017955262287181819e-06 1.263181154053698570e-06 1.491455400255255316e-06 1.731965206104396696e-06 2.076498818400104158e-06
6.697290969899666324e-01 2.296997567375918150e-10 1.268820349194302050e-08 1.105446088215608755e-07 3.683781871271991577e-07 6.968924876705815954e-07 9.922141055436842210e-07 1.247812798148794876e-06 1.485599202943229293e-06 1.735758886691417227e-06 2.093340230537746454e-06
6.831036789297659784e-01 1.545890187541600238e-10 9.579538052461237436e-09 9.147875327568623412e-08 3.299383179477925303e-07 6.586366782355776438e-07 9.645783203307612500e-07 1.230733142679902202e-06 1.478209960626942461e-06 1.738207008232586298e-06 2.109060936658811660e-06
6.964782608695653243e-01 1.031389442298745551e-10 7.169200076342381826e-09 7.497811857969368165e-08 2.929795896978871857e-07 6.190968655201686386e-07 9.350771579421052915e-07 1.211946805001753200e-06 1.469299556027223572e-06 1.739305675913919072e-06 2.123659854921601439e-06
7.098528428093645593e-01 6.823079078767991781e-11 5.319036759976981537e-09 6.087525765084352014e-08 2.578873037504577436e-07 5.785573920239900672e-07 9.037420745767497870e-07 1.191457969867852852e-06 1.458869642383314925e-06 1.739062010426247356e-06 2.137138831929469349e-06
7.232274247491639052e-01 4.476356202457625685e-11 3.912789171427920856e-09 4.896708933481337972e-08 2.249845407232537974e-07 5.373455881185905557e-07 8.706203011627928800e-07 1.169273161730003400e-06 1.446920393923475803e-06 1.737480310089961282e-06 2.149498932535795629e-06
7.366020066889632512e-01 2.913111367436018020e-11 2.854256517680589939e-09 3.902974938670584663e-08 1.945191575017091390e-07 4.958266758906483371e-07 8.357819136182538361e-07 1.145399831617283726e-06 1.433462160640605591e-06 1.734559512674028128e-06 2.160743236305019579e-06
7.499765886287625971e-01 1.881077104165744573e-11 2.064980699114522028e-09 3.083173119106530597e-08 1.666641201331665242e-07 4.543957877889126793e-07 7.993197431105010141e-07 1.119844034674593473e-06 1.418495303600254409e-06 1.730307299079052404e-06 2.170872990409578867e-06
7.633511705685619431e-01 1.205538001602924028e-11 1.481875419509348021e-09 2.414247455696248869e-08 1.415095700462910684e-07 4.134627680144565563e-07 7.613512672723701825e-07 1.092619759173883713e-06 1.402026663291059930e-06 1.724725682833158091e-06 2.179891044348050281e-06
7.767257525083612890e-01 7.670241596683033163e-12 1.054922815831868184e-09 1.874263691802680288e-08 1.190707835471985983e-07 3.734359104035117531e-07 7.220331770475942497e-07 1.063738359985832634e-06 1.384061853388491680e-06 1.717819848639980710e-06 2.187800327015373712e-06
7.901003344481606350e-01 4.845593894784403271e-12 7.451107591643441971e-10 1.442871847097345406e-08 9.929646504776924087e-08 3.347153353998826537e-07 6.815538955605515872e-07 1.033219986327984060e-06 1.364606377096700856e-06 1.709594588827334949e-06 2.194602443651465949e-06
8.034749163879598699e-01 3.040990304632606968e-12 5.222490137691639206e-10 1.101629641823203118e-08 8.207264484408911283e-08 2.976621466905978029e-07 6.401456085359662129e-07 1.001091405354443571e-06 1.343665359834509526e-06 1.700049777049665424e-06 2.200302464052403778e-06
8.168494983277592159e-01 1.896143603195262689e-12 3.632731368395354117e-10 8.343182590838014495e-09 6.724387938828327887e-08 2.625991593428129236e-07 5.980736149991323658e-07 9.673831898527156366e-07 1.321245908674524558e-06 1.689196122063200278e-06 2.204902713400153874e-06
8.302240802675585618e-01 1.175015882742330579e-12 2.508154874936294966e-10 6.268792201882151565e-09 5.461977572158383386e-08 2.297891285001554141e-07 5.556406201614276353e-07 9.321439748563822823e-07 1.297352885674616787e-06 1.677037341389897554e-06 2.208406989168032857e-06
8.435986622073579078e-01 7.238586422945085967e-13 1.719197545280120415e-10 4.673680858682515565e-09 4.398940163235642036e-08 1.994307306190631426e-07 5.131769990821372213e-07 8.954400657694547885e-07 1.271997406545016119e-06 1.663576895520769393e-06 2.210818746180419815e-06
8.569732441471572537e-01 4.434043927821828009e-13 1.170064147126425444e-10 3.458064162866062403e-09 3.513354862857634444e-08 1.716582003499420786e-07 4.710346585088504496e-07 8.573497609757543345e-07 1.245183586841261392e-06 1.648822350837206695e-06 2.212141773995368938e-06
8.703478260869565997e-01 2.701966663077556991e-13 7.908293572850075177e-11 2.539621462335071162e-09 2.783149810331906998e-08 1.465322933088564117e-07 4.295719538246182767e-07 8.179848882037837056e-07 1.216922512834998383e-06 1.632777160263202791e-06 2.212381050207489468e-06
8.837224080267559456e-01 1.638157216671481084e-13 5.309360251579453205e-11 1.851479444260602079e-09 2.187061148234538294e-08 1.240527159255809637e-07 3.891487909287971091e-07 7.774750173187035323e-07 1.187226040480620741e-06 1.615448521459378537e-06 2.211539297844980223e-06
8.970969899665552916e-01 9.883692800392146785e-14 3.541306966040572216e-11 1.340171096084340056e-09 1.705168956288411449e-08 1.041595796821435803e-07 3.501056637026142469e-07 7.359858701152490119e-07 1.156109994430311662e-06 1.596842158841826385e-06 2.209622086085505705e-06
9.104715719063546375e-01 5.935994640597571204e-14 2.346993657172594532e-11 9.632635831651307869e-10 1.319254562748490904e-08 8.674393919150741560e-08 3.127591659677933671e-07 6.937124983572514367e-07 1.123588608324950318e-06 1.576962346392828993e-06 2.206634334234105936e-06
9.238461538461538725e-01 3.549673774397866478e-14 1.545814258471933229e-11 6.875942376974208259e-10 1.012998250619081138e-08 7.165729470778701608e-08 2.773846107427609217e-07 6.508804888135139864e-07 1.089688239920277716e-06 1.555816135831770658e-06 2.202578956451072777e-06
9.372207357859532184e-01 2.114312929792041139e-14 1.012130899964925850e-11 4.875148205253888024e-10 7.721222651770652020e-09 5.872343370342024965e-08 2.442102587386528290e-07 6.077396562219652856e-07 1.054439040399474048e-06 1.533413852075947794e-06 2.197460890680498578e-06
9.505953177257525644e-01 1.254572837632895683e-14 6.588896633508991680e-12 3.433832658489575626e-10 5.842931959731256721e-09 4.774636522460191989e-08 2.134103006631980841e-07 5.645730077112291951e-07 1.017883729226751759e-06 1.509755965105584101e-06 2.191285961881411357e-06
9.639698996655519103e-01 7.417419638521815676e-15 4.265445710140475496e-12 2.403034564067028044e-10 4.390414608706945064e-09 3.852106840154686738e-08 1.851002693652471246e-07 5.216758317408886162e-07 9.800774230429910459e-07 1.484850545695225615e-06 2.184059168183335712e-06
9.773444816053512563e-01 4.370552332483192496e-15 2.746544924922545666e-12 1.671130967983375053e-10 3.276213895771297409e-09 3.084262217678368286e-08 1.593420462142726076e-07 4.793562619956116996e-07 9.410858240882862546e-07 1.458705312147402902e-06 2.175785707123653173e-06
9.907190635451506022e-01 2.567155975509307555e-15 1.759408475851748847e-12 1.155059859021160798e-10 2.428336412772105411e-09 2.451040192907232126e-08 1.361366798567104809e-07 4.379259764250710097e-07 9.009971414307978202e-07 1.431330788212668419e-06 2.166467888481676626e-06
1.004093645484949837e+00 1.503690445062558153e-15 1.121599175847050027e-12 7.935731886914047420e-11 1.787983310373628511e-09 1.933603834988968724e-08 1.154387138841382017e-07 3.976879465329588181e-07 8.599179839036489759e-07 1.402728313447965904e-06 2.156115644305412963e-06
1.017468227424749072e+00 8.783442383865141114e-16 7.116080281992308840e-13 5.420338725047546059e-11 1.307974889261255800e-09 1.514466973157488015e-08 9.715677918966501698e-08 3.589267866124689702e-07 8.179777091331128926e-07 1.372914413530677679e-06 2.144729637836111538e-06
1.030842809364548529e+00 5.117711018792218161e-16 4.494395049326036707e-13 3.681388948139611962e-11 9.507998910411941476e-10 1.177874890396719973e-08 8.116381677568604421e-08 3.219023909589194663e-07 7.753308076721501417e-07 1.341895232351131031e-06 2.132317494191182576e-06
1.044217391304347764e+00 2.974760045066591433e-16 2.826215305908383660e-13 2.486677172757229306e-11 6.868915618411768789e-10 9.098000999878672584e-09 6.730609398227611764e-08 2.868420501051420587e-07 7.321515987378315816e-07 1.309684171493046233e-06 2.118884096962986319e-06
1.057591973244147221e+00 1.725302364051070608e-16 1.769791873720983384e-13 1.670605245561926134e-11 4.932362696981389175e-10 6.980186349921051545e-09 5.540910554923534079e-08 2.539291592140143799e-07 6.886398339075003337e-07 1.276298079842054597e-06 2.104434518025420500e-06
1.070966555183946456e+00 9.988774389639929074e-17 1.104039648593378469e-13 1.116645088524122223e-11 3.520964246573411570e-10 5.320219619930683113e-09 4.528840396170073496e-08 2.233054701344416627e-07 6.450146076058730449e-07 1.241754323496500773e-06 2.088976121608690919e-06
1.084341137123745691e+00 5.772448912205752862e-17 6.861294279083377481e-14 7.426289333250599796e-12 2.498981140864340357e-10 4.028938392210490064e-09 3.675510419308890337e-08 1.950626133836313102e-07 6.015138683450470169e-07 1.206080040622389219e-06 2.072511739537225541e-06
1.097715719063545148e+00 3.330221152074402314e-17 4.248782479275802747e-14 4.914938928210444914e-12 1.763670173138242184e-10 3.031927603203343728e-09 2.962249089133335225e-08 1.692463414801162724e-07 5.583882537292854959e-07 1.169304359389930775e-06 2.055048003531707546e-06
1.111090301003344383e+00 1.918460741076662183e-17 2.622144153618256962e-14 3.237669143159143017e-12 1.237880472131401035e-10 2.267603187712622940e-09 2.371114429666925573e-08 1.458558705628063409e-07 5.158916267476101437e-07 1.131469782668215567e-06 2.036590253365791409e-06
1.124464882943143840e+00 1.103672430053432953e-17 1.613065322245512657e-14 2.123199636803103841e-12 8.642021687635019837e-11 1.685762487651990451e-09 1.885243721754780561e-08 1.248506362557754559e-07 4.742827248971673623e-07 1.092621665923526644e-06 2.017145121393204357e-06
1.137839464882943075e+00 6.342767758494078876e-18 9.894098617249065156e-15 1.386409452705882299e-12 6.001959887417185508e-11 1.245882227149550137e-09 1.489095629089269854e-08 1.061511492303972033e-07 4.338133837340189340e-07 1.052820573305809057e-06 1.996718294354148665e-06
1.151214046822742532e+00 3.641504938416466509e-18 6.051585344345052413e-15 9.015424753848468185e-13 4.147383768725900366e-11 9.154904779905908090e-10 1.168604559746978606e-08 8.964730329586272817e-08 3.947210499286646064e-07 1.012144368875006659e-06 1.975313206791814241e-06
1.164588628762541767e+00 2.088621867724811300e-18 3.691247832707975460e-15 5.838815172046305242e-13 2.851756849319076307e-11 6.689495004618389208e-10 9.113025867868018817e-09 7.520487658658535505e-08 3.572240574606739741e-07 9.706761013220026439e-07 1.952938006262335404e-06
1.177963210702341001e+00 1.196985675499967723e-18 2.245779342994477046e-15 3.766911541445224633e-13 1.951503860467890797e-11 4.861441782572416504e-10 7.062798712861094793e-09 6.267325445945907566e-08 3.215171388756774615e-07 9.285213438335011792e-07 1.929597437301720799e-06
1.191337792642140458e+00 6.855406477208745758e-19 1.363096082906646277e-15 2.421250950286047326e-13 1.329242578143989725e-11 3.514034543041271562e-10 5.440695416070748892e-09 5.188861629656950737e-08 2.877624947831689641e-07 8.857966454122315166e-07 1.905298573322322936e-06
1.204712374581939693e+00 3.924691105320338709e-19 8.255988839546501898e-16 1.550947354221835491e-13 9.013820231676416037e-12 2.526818341668789959e-10 4.166333294401754361e-09 4.268269669223704234e-08 2.560911614066647946e-07 8.426368672340085192e-07 1.880047737728857716e-06
1.218086956521739150e+00 2.245969060984290354e-19 4.990081481696111050e-16 9.901170174995605459e-14 6.085811178786791412e-12 1.807775475689187284e-10 3.172083544178695723e-09 3.488617111084501823e-08 2.265966893209864019e-07 7.991935691961688876e-07 1.853849754083551331e-06
1.231461538461538385e+00 1.284826697536463676e-19 3.010264033140516887e-16 6.300498724355541619e-14 4.091620611966171477e-12 1.286932237230191893e-10 2.401439888035443623e-09 2.833500967259253844e-08 1.993366749139911553e-07 7.556261916839736495e-07 1.826714476903491943e-06
1.244836120401337842e+00 7.349183272000178267e-20 1.812610457748038675e-16 3.996843577355695633e-14 2.739646041984432947e-12 9.117251711264186843e-11 1.807976876214899224e-09 2.287190325373773242e-08 1.743315349946383174e-07 7.121119859455482684e-07 1.798648030981803913e-06
1.258210702341137077e+00 4.201966598803177418e-20 1.089640229167442240e-16 2.528074986518375457e-14 1.827199274715414846e-12 6.428701132657114343e-11 1.353844869865737763e-09 1.835003856233234683e-08 1.515686571838950867e-07 6.688322295351084852e-07 1.769661598906247332e-06
1.271585284280936534e+00 2.403195933971327293e-20 6.541378645662560531e-17 1.594818370774718174e-14 1.214143712078127222e-12 4.512536296670138117e-11 1.008445934551437690e-09 1.463434261049320188e-08 1.310034607530731967e-07 6.259784866959664324e-07 1.739763226314512504e-06
1.284959866220735769e+00 1.374509185310767340e-20 3.921335183061276964e-17 1.003409536936028305e-14 8.038232053934925783e-13 3.153395838108668710e-11 7.473056672668167115e-10 1.160277922791073534e-08 1.125625152539388243e-07 5.837416524104949519e-07 1.708967386918555063e-06
1.298334448160535004e+00 7.862398304708322647e-21 2.347681404267474709e-17 6.297353241139045600e-15 5.303016655638500516e-13 2.194104706073495855e-11 5.510000263412066382e-10 9.146304055601967987e-09 9.614917520543731542e-08 5.423140467808814769e-07 1.677288640601820188e-06
1.311709030100334461e+00 4.502799318321251835e-21 1.403874241177622527e-17 3.942770949198002782e-15 3.486649765967377202e-13 1.520207880172601685e-11 4.042683947738328208e-10 7.169274483637813464e-09 8.164871381395694256e-08 5.018813427975888705e-07 1.644744472930607642e-06
1.325083612040133696e+00 2.573882494669646026e-21 8.385795386168642852e-18 2.462996829454187303e-15 2.284950975028098726e-13 1.048999967606509818e-11 2.951975072973296199e-10 5.588685509992944271e-09 6.893210130989121960e-08 4.626203426971484216e-07 1.611357466844065808e-06
1.338458193979933153e+00 1.476797082236603645e-21 5.005132132606487626e-18 1.535533606578197166e-15 1.492877670817691486e-13 7.210219296168855586e-12 2.145440142597038936e-10 4.332969044869451011e-09 5.785942860691721164e-08 4.246978335925972320e-07 1.577153033106184158e-06
1.351832775919732388e+00 8.425498671844180016e-22 2.984860745272143299e-18 9.554228548466053372e-16 9.724737753324176333e-14 4.936994454636919749e-12 1.552180299462904341e-10 3.341711452213237616e-09 4.828689731650387074e-08 3.882630065778897197e-07 1.542162186947763669e-06
1.365207357859531845e+00 4.819217263515555603e-22 1.778649150538069118e-18 5.933425370785264393e-16 6.316472217416895260e-14 3.367849398434218277e-12 1.118037099167480716e-10 2.563849154499679447e-09 4.007008336067754521e-08 3.534484541580051905e-07 1.506421850117297281e-06
1.378581939799331080e+00 2.767810443851081789e-22 1.059221434361249519e-18 3.678424703589182781e-16 4.091551746772024084e-14 2.289229160813888703e-12 8.018278203621240788e-11 1.957114691414410277e-09 3.306460195358405443e-08 3.203645745636744465e-07 1.469975871964153611e-06
1.391956521739130537e+00 1.588689250232741367e-22 6.304246482789258850e-19 2.276646580492974908e-16 2.643347349832738466e-14 1.550627791484149916e-12 5.726184017164553501e-11 1.486578716296069611e-09 2.713269925308527756e-08 2.891019510440287705e-07 1.432873519942471589e-06
1.405331103678929772e+00 9.144037999843825274e-23 3.750837955436148087e-19 1.407101586779775355e-16 1.703666566817196157e-14 1.046904843848120949e-12 4.072821140690490247e-11 1.123739818631808022e-09 2.214360660723903800e-08 2.597272900866995132e-07 1.395171291242035790e-06
1.418705685618729007e+00 5.225235536567246079e-23 2.231031471254396493e-19 8.684649609847697626e-17 1.095446122919931397e-14 7.045412937545065637e-13 2.885318261522371102e-11 8.454373086989188662e-10 1.797434302175098833e-08 2.322837199068259332e-07 1.356933784067146449e-06
1.432080267558528464e+00 3.063981549099220558e-23 1.326563327109216495e-19 5.353051509839239965e-17 7.027656589176673874e-15 4.726604046645141419e-13 2.036143042095018092e-11 6.331247520337500387e-10 1.451265347658636925e-08 2.067902119876066529e-07 1.318232332236137018e-06
1.445454849498327698e+00 1.689023870802955013e-23 7.885515684954350042e-20 3.295417145364834274e-17 4.498682171307175227e-15 3.161388585642770220e-13 1.431458835699982464e-11 4.720011957105188558e-10 1.165656378594492390e-08 1.832462955545529834e-07 1.279143430294191860e-06
1.458829431438127155e+00 9.780682697605458947e-24 4.686926439041866435e-20 2.026478959756223527e-17 2.873946395631050807e-15 2.108400874702964090e-13 1.002678614246672008e-11 3.503344199819861380e-10 9.314451910741109012e-09 1.616277156300206394e-07 1.239752471074915654e-06
1.472204013377926390e+00 5.448101720555327198e-24 2.786176359923154606e-20 1.245018546239985280e-17 1.832601967835452726e-15 1.402316983980277936e-13 6.998713313855899341e-12 2.589174535975383360e-10 7.405439758564262803e-09 1.418923682721983480e-07 1.200147177443841969e-06
1.485578595317725847e+00 3.209039700256553727e-24 1.656123728758315384e-20 7.641890931998696134e-18 1.166434834303090320e-15 9.301997783698631952e-14 4.868291597535380795e-12 1.905538005680507245e-10 5.858500543791166765e-09 1.239807469008310359e-07 1.160421537976335942e-06
1.498953177257525082e+00 1.761029414377106679e-24 9.847790415259713959e-21 4.686688320059441717e-18 7.411505663633258051e-16 6.154521639729886776e-14 3.375091020129222589e-12 1.396685505411685151e-10 4.612171557270679651e-09 1.078187199915849503e-07 1.120671334427500821e-06
1.512327759197324317e+00 1.176398236151352215e-24 5.858391061922035328e-21 2.872039209343923471e-18 4.701485742234209863e-16 4.061958297549117153e-14 2.332288408218221782e-12 1.019631805639875515e-10 3.613725349077190956e-09 9.332006585035325227e-08 1.080994688642385452e-06
1.525702341137123774e+00 4.790684863687471518e-25 3.480424780896243722e-21 1.758810169262899592e-18 2.977795725734451267e-16 2.674549871223218041e-14 1.606636308270700653e-12 7.414842213462677647e-11 2.818152727486528365e-09 8.038811480243225026e-08 1.041490220459979966e-06
1.539076923076923009e+00 2.355850566405502223e-25 2.069078511782143464e-21 1.076589240648244794e-18 1.883542563615349151e-16 1.757189643858992422e-14 1.103459020906924403e-12 5.371870697883038634e-11 2.187681180006920939e-09 6.892074495550711984e-08 1.002254376891874881e-06
1.552451505016722466e+00 1.187771162664247052e-25 1.233966385516953544e-21 6.586582600697972005e-19 1.189831032012606343e-16 1.152031721890690613e-14 7.556765352874858203e-13 3.877587048256562241e-11 1.690685233508803719e-09 5.881001641619916147e-08 9.633824449010804384e-07
1.565826086956521701e+00 1.018520251745218588e-25 7.344786565534684997e-22 4.027925886210757453e-19 7.506590841238167246e-17 7.537189797814921307e-15 5.160345719613110131e-13 2.788897514749360539e-11 1.300842792158869897e-09 4.994597731233969881e-08 9.249656503818186827e-07
1.579200668896321158e+00 2.421904378091239420e-26 4.373077611520044926e-22 2.462334125369569380e-19 4.730399421167927471e-17 4.921619002775052401e-15 3.514316362534173439e-13 1.998918501654000779e-11 9.966104573482710415e-10 4.221911207501587654e-08 8.870901917079877666e-07
1.592575250836120393e+00 5.341393761285698757e-27 2.610003405544727034e-22 1.504685293829029706e-19 2.977592557420143799e-17 3.207594485599930793e-15 2.386949599974837547e-13 1.427810023748188488e-11 7.603031033874691207e-10 3.552100799616267619e-08 8.498364498642701486e-07
1.605949832775919628e+00 0.000000000000000000e+00 1.540715966436260777e-22 9.194928373517643502e-20 1.872614118549741023e-17 2.086996332076052010e-15 1.617244110224776247e-13 1.016572243430744010e-11 5.776665444481175511e-10 2.974712021941556370e-08 8.132786038342935737e-07
1.619324414715719085e+00 0.000000000000000000e+00 9.238197345153741913e-23 5.617796425181989953e-20 1.176589660044782313e-17 1.355577007068587134e-15 1.093040602274454868e-13 7.214467718919104465e-12 4.371299726580865200e-10 2.479713018937862583e-08 7.774828812646324880e-07
1.632698996655518320e+00 0.000000000000000000e+00 5.468618230824287642e-23 3.431352551402503464e-20 7.386372748412500682e-18 8.790843401461781797e-16 7.370135894464933394e-14 5.104143495198284096e-12 3.294907099708537488e-10 2.057657109477313851e-08 7.425081869934404022e-07
1.646073578595317777e+00 0.000000000000000000e+00 3.315538867932039503e-23 2.095967820675938433e-20 4.633321082526382754e-18 5.692059858290365725e-16 4.958164889525399660e-14 3.600139490059143489e-12 2.473996348315614923e-10 1.699711552801075953e-08 7.084057311942539843e-07
1.659448160535117012e+00 0.000000000000000000e+00 1.946159397558344104e-23 1.280435149132868156e-20 2.904361419401269000e-18 3.680334797652932237e-16 3.328304382714221003e-14 2.531895864471675241e-12 1.850677912868945011e-10 1.397760011560632173e-08 6.752182570531672630e-07
1.672822742474916469e+00 0.000000000000000000e+00 1.144504062306439463e-23 7.822016887698651567e-21 1.819574786109272401e-18 2.376535418045174766e-16 2.229643278997353568e-14 1.775608711230074810e-12 1.379350999254104158e-10 1.144374017964361089e-08 6.429811622840787412e-07
1.686197324414715704e+00 0.000000000000000000e+00 6.965269532966497825e-24 4.778419504073475133e-21 1.139330458305999767e-18 1.532685145787577132e-16 1.490668587732760116e-14 1.241811036293490767e-12 1.024401921987938786e-10 9.328197499236693587e-09 6.117222116212023179e-07
1.699571906354515161e+00 0.000000000000000000e+00 4.025992336797781797e-24 2.919699547174842252e-21 7.130606104981893708e-19 9.873049786262421014e-17 9.947194253817663802e-15 8.661850683154202367e-13 7.581512913087224058e-11 7.571027174966794067e-09 5.814614947410516951e-07
1.712946488294314396e+00 0.000000000000000000e+00 2.315782068374908370e-24 1.785319187803899760e-21 4.460668970702832452e-19 6.352648028794680198e-17 6.625452563998632531e-15 6.026145325800528930e-13 5.591949676045567393e-11 6.118718332914177095e-09 5.522130043793656597e-07
1.726321070234113630e+00 0.000000000000000000e+00 1.467099709157545496e-24 1.093294480728253326e-21 2.789406464351130394e-19 4.083204250422436065e-17 4.405191305978994389e-15 4.181964745063503436e-13 4.110829161763394296e-11 4.924264545660722088e-09 5.239840290254735247e-07
1.739695652173913087e+00 0.000000000000000000e+00 9.161528727960952612e-25 6.675650525568559208e-22 1.743956680724566112e-19 2.622131068556526946e-17 2.924208301704654019e-15 2.895252480215472133e-13 3.012311846685695588e-11 3.946665445279706839e-09 4.967764000067964826e-07
1.753070234113712322e+00 0.000000000000000000e+00 4.934698811382286877e-25 4.077777919964412696e-22 1.090046546762322173e-19 1.682323117721631454e-17 1.937999477773106437e-15 1.999755109224203174e-13 2.200412857574321638e-11 3.150309313738051190e-09 4.705870217440329208e-07
1.766444816053511779e+00 0.000000000000000000e+00 3.671258932759753361e-25 2.496548610264666724e-22 6.811675011233999298e-20 1.078435582889610287e-17 1.282420583974994898e-15 1.378101347583749871e-13 1.602401294461150778e-11 2.504553485070234784e-09 4.454079822284225526e-07
1.779819397993311014e+00 0.000000000000000000e+00 9.935673376945268095e-26 1.528124150483710734e-22 4.256222194455359211e-20 6.907771368956847309e-18 8.473726623740779947e-16 9.476317718609750730e-14 1.163440456166003403e-11 1.983353774166262477e-09 4.212280966045851674e-07
1.793193979933110471e+00 0.000000000000000000e+00 8.670300106523074607e-26 9.413150481953884319e-23 2.659037286747439161e-20 4.421365192509184485e-18 5.591182764721575451e-16 6.502377828361864223e-14 8.422559564710597131e-12 1.564524263851679094e-09 3.980320095425189976e-07
1.806568561872909706e+00 0.000000000000000000e+00 4.235424062337888749e-26 5.820108074568304291e-23 1.661061726456534558e-20 2.828387532028452485e-18 3.684700045497169617e-16 4.453023800540162915e-14 6.080468116066036973e-12 1.229488618786421316e-09 3.758026698902582667e-07
1.819943143812709163e+00 0.000000000000000000e+00 3.788399890628410029e-26 3.473325813381204897e-23 1.038014745871867790e-20 1.808207463866130262e-18 2.425194503558948881e-16 3.043524877719182035e-14 4.377474566297541900e-12 9.625823594771211093e-10 3.545195064017690968e-07
1.833317725752508398e+00 0.000000000000000000e+00 2.190262797569723252e-27 2.122874048104474318e-23 6.486666653360712119e-21 1.155393820107884029e-18 1.594361576159354951e-16 2.076305655277933212e-14 3.143105838077989569e-12 7.508791006782547243e-10 3.341610868867342728e-07
1.846692307692307633e+00 0.000000000000000000e+00 2.076810284912812374e-27 1.319664682089903052e-23 4.051128400544205372e-21 7.379170907166475520e-19 1.046996604218455679e-16 1.413900834080442244e-14 2.250925093113890614e-12 5.836278500427432315e-10 3.147040319176035933e-07
1.860066889632107090e+00 0.000000000000000000e+00 0.000000000000000000e+00 8.017063336971026024e-24 2.532381295016009443e-21 4.710870310419353031e-19 6.868340091610965969e-17 9.611645851398670754e-15 1.607957294456716377e-12 4.520445796164924993e-10 2.961240195814373506e-07
1.873441471571906325e+00 0.000000000000000000e+00 0.000000000000000000e+00 4.932326354741646223e-24 1.581891657680099966e-21 3.006470866236997676e-19 4.501380731152144078e-17 6.523198329046988460e-15 1.145840927925058494e-12 3.489179102312590884e-10 2.783957755779100175e-07
1.886816053511705782e+00 0.000000000000000000e+00 0.000000000000000000e+00 2.943544674916932413e-24 9.896184447491152747e-22 1.918162891865161582e-19 2.947454178560790615e-17 4.420153455427479009e-15 8.146093899383597677e-13 2.684134996258540449e-10 2.614936943040118779e-07
1.900190635451505017e+00 0.000000000000000000e+00 0.000000000000000000e+00 1.869522289765446265e-24 6.181799078870914677e-22 1.223402104870826369e-19 1.928222061827718859e-17 2.990433564804631211e-15 5.777769459114022819e-13 2.057972917887739152e-10 2.453917193162450359e-07
1.913565217391304474e+00 0.000000000000000000e+00 0.000000000000000000e+00 1.245555940213659760e-24 3.868877194966894114e-22 7.801339210822608219e-20 1.260420381764891987e-17 2.020197931328249626e-15 4.088850473506773257e-13 1.572791282128149465e-10 2.300637611949714942e-07
1.926939799331103709e+00 0.000000000000000000e+00 0.000000000000000000e+00 6.317829854172321353e-25 2.430894556825922687e-22 4.973580527799168493e-20 8.232647274586414793e-18 1.362811922026760174e-15 2.887307005291793788e-13 1.198175277309304518e-10 2.154837906118640482e-07
1.940314381270902944e+00 0.000000000000000000e+00 0.000000000000000000e+00 3.901576830265236302e-25 1.512841167977351783e-22 3.170682043297065329e-20 5.373869326295161187e-18 9.181542224227943499e-16 2.034633398619871846e-13 9.099742120929069241e-11 2.016259901424093450e-07
1.953688963210702401e+00 0.000000000000000000e+00 0.000000000000000000e+00 2.188044168979824435e-25 9.431532076377242956e-23 2.021139177516234736e-20 3.505503205533291955e-18 6.177810622838020768e-16 1.430843346364493402e-13 6.889987180474531501e-11 1.884648422943192493e-07
1.967063545150501636e+00 0.000000000000000000e+00 0.000000000000000000e+00 1.627315261761494953e-25 5.964621045688877863e-23 1.288219021894606457e-20 2.285345881203583888e-18 4.151635650790242146e-16 1.004245224875691988e-13 5.201378690563688860e-11 1.759751683934899363e-07
1.980438127090301093e+00 0.000000000000000000e+00 0.000000000000000000e+00 1.172473543214839126e-25 3.709526682842174068e-23 8.210534890356261899e-21 1.489079864417172919e-18 2.786755933839250824e-16 7.034953145952542486e-14 3.915268556337831144e-11 1.641324258158737650e-07
1.993812709030100327e+00 0.000000000000000000e+00 0.000000000000000000e+00 3.822957247837232852e-26 2.351481204256997005e-23 5.232757210106974016e-21 9.697732059522846519e-19 1.868525119215489667e-16 4.919066516892852015e-14 2.938826914493243858e-11 1.529122800669135080e-07
2.007187290969899784e+00 0.000000000000000000e+00 0.000000000000000000e+00 1.858048015134748195e-26 1.440746979376376473e-23 3.337937535403337894e-21 6.313355503087715223e-19 1.251607267311793800e-16 3.433599683415973770e-14 2.199860210116216209e-11 1.422913723376350483e-07
2.020561872909699019e+00 0.000000000000000000e+00 0.000000000000000000e+00 1.653103689840925401e-26 9.037541338192140014e-24 2.127065132603745917e-21 4.108322703193637010e-19 8.375136669351965761e-17 2.392539234398591065e-14 1.642234121182562684e-11 1.322464504433730928e-07
2.033936454849498254e+00 0.000000000000000000e+00 0.000000000000000000e+00 9.487599311185989375e-28 5.616241250455587559e-24 1.357346389217009211e-21 2.672480812449026181e-19 5.598998733157165257e-17 1.664382476094470971e-14 1.222744794601828170e-11 1.227553053287438210e-07
2.047311036789297489e+00 0.000000000000000000e+00 0.000000000000000000e+00 8.946784137907782452e-28 3.623675381195450229e-24 8.660697285942391117e-22 1.737846147856401485e-19 3.739604660512499401e-17 1.155945978995661061e-14 9.080460436886839965e-12 1.137960841264403360e-07
2.060685618729097168e+00 0.000000000000000000e+00 0.000000000000000000e+00 0.000000000000000000e+00 2.212917580162846902e-24 5.511775650476639866e-22 1.129805907630016873e-19 2.495631534178125704e-17 8.016013321669188716e-15 6.726629998748148158e-12 1.053474568132893748e-07
2.074060200668896403e+00 0.000000000000000000e+00 0.000000000000000000e+00 0.000000000000000000e+00 1.378770313981360404e-24 3.519549406785190324e-22 7.343493727630651663e-20 1.664171454362791814e-17 5.550524312985061623e-15 4.970702920177494505e-12 9.738891351650592257e-08
2.087434782608695638e+00 0.000000000000000000e+00 0.000000000000000000e+00 0.000000000000000000e+00 8.316276450185466764e-25 2.245536855974449931e-22 4.772356004032531094e-20 1.108931602063420839e-17 3.837964891349567909e-15 3.664493224359899645e-12 8.990044842765280173e-08
2.100809364548494873e+00 0.000000000000000000e+00 0.000000000000000000e+00 0.000000000000000000e+00 5.402717418512688142e-25 1.430504756667967295e-22 3.100839912894543523e-20 7.383926110546714105e-18 2.650030864635511979e-15 2.695163782436352250e-12 8.286250332850660373e-08
2.114183946488294552e+00 0.000000000000000000e+00 0.000000000000000000e+00 0.000000000000000000e+00 3.888675072600390579e-25 9.137441355798522918e-23 2.014582257401252829e-20 4.913568623209545263e-18 1.827412386798648433e-15 1.977798419773223639e-12 7.625647696441777500e-08
2.127558528428093787e+00 0.000000000000000000e+00 0.000000000000000000e+00 0.000000000000000000e+00 1.731877492376381592e-25 5.868955000347409127e-23 1.308680229595713951e-20 3.267642941820479455e-18 1.258523677783489705e-15 1.448143922243138457e-12 7.006348163491658218e-08
2.140933110367893022e+00 0.000000000000000000e+00 0.000000000000000000e+00 0.000000000000000000e+00 1.306997980780460747e-25 3.700747544262023389e-23 8.502312698131226018e-21 2.172006475702621494e-18 8.657327079832863387e-16 1.058097912152602027e-12 6.426610658633444568e-08
2.154307692307692257e+00 0.000000000000000000e+00 0.000000000000000000e+00 0.000000000000000000e+00 7.085033650817886341e-26 2.373786213014766015e-23 5.523988330505301972e-21 1.442954454324821867e-18 5.948256402404156556e-16 7.714782699900519529e-13 5.884667653749302857e-08
2.167682274247491492e+00 0.000000000000000000e+00 0.000000000000000000e+00 0.000000000000000000e+00 5.755785388893731652e-26 1.502968921294491090e-23 3.588893632328166863e-21 9.581523756151639582e-19 4.082340870203381879e-16 5.613570703836014023e-13 5.378837226028105960e-08
2.181056856187291171e+00 0.000000000000000000e+00 0.000000000000000000e+00 0.000000000000000000e+00 4.558676784692618782e-26 9.700901943812485921e-24 2.330646935790627646e-21 6.359385058746487058e-19 2.798681628294816464e-16 4.076499385158082349e-13 4.907459597402668557e-08
2.194431438127090406e+00 0.000000000000000000e+00 0.000000000000000000e+00 0.000000000000000000e+00 8.008616663544190263e-27 6.310773401815536013e-24 1.513886757863160077e-21 4.219109226485815233e-19 1.916689552644954545e-16 2.954599023756131187e-13 4.468918708471216283e-08
2.207806020066889641e+00 0.000000000000000000e+00 0.000000000000000000e+00 0.000000000000000000e+00 7.091269252494894518e-27 3.837508215626668942e-24 9.839245433118710445e-22 2.798245119957762091e-19 1.311407293870970231e-16 2.137486422204158175e-13 4.061657870948497771e-08
2.221180602006688876e+00 0.000000000000000000e+00 0.000000000000000000e+00 0.000000000000000000e+00 6.657618430743078418e-27 2.507464850684109644e-24 6.392361370967430681e-22 1.855259317887066735e-19 8.964200322107533013e-17 1.543524781083924816e-13 3.684125573355640392e-08
2.234555183946488555e+00 0.000000000000000000e+00 0.000000000000000000e+00 0.000000000000000000e+00 3.788170645735876588e-28 1.631579269405063058e-24 4.160613417023392487e-22 1.229685179933901064e-19 6.122099604162359237e-17 1.112647953632751283e-13 3.334833904291077590e-08
2.247929765886287790e+00 0.000000000000000000e+00 0.000000000000000000e+00 0.000000000000000000e+00 0.000000000000000000e+00 9.872046243032414517e-25 2.701329132402666377e-22 8.148236794420357964e-20 4.177439295453481571e-17 8.006599165935257763e-14 3.012297188822133234e-08
2.261304347826087024e+00 0.000000000000000000e+00 0.000000000000000000e+00 0.000000000000000000e+00 0.000000000000000000e+00 6.455482336014339497e-25 1.759226044415917896e-22 5.398090464973877646e-20 2.848225908632134009e-17 5.752010409232537504e-14 2.715100045923319220e-08
2.274678929765886259e+00 0.000000000000000000e+00 0.000000000000000000e+00 0.000000000000000000e+00 0.000000000000000000e+00 4.030964300139805878e-25 1.146918132768558501e-22 3.575675533209614892e-20 1.940539186309316606e-17 4.125684010949693557e-14 2.441834451449170767e-08
2.288053511705685494e+00 0.000000000000000000e+00 0.000000000000000000e+00 0.000000000000000000e+00 0.000000000000000000e+00 2.436383234856682684e-25 7.416941026206636073e-23 2.368238078869378267e-20 1.321197935724821310e-17 2.954623528982357158e-14 2.191132332314910501e-08
2.301428093645485173e+00 0.000000000000000000e+00 0.000000000000000000e+00 0.000000000000000000e+00 0.000000000000000000e+00 1.660847725319396384e-25 4.823748996407624047e-23 1.568263591515492129e-20 8.988688388784489083e-18 2.112667916694597917e-14 1.961656137542574982e-08
2.314802675585284408e+00 0.000000000000000000e+00 0.000000000000000000e+00 0.000000000000000000e+00 0.000000000000000000e+00 1.183408185173410128e-25 3.153270231734620530e-23 1.038405862107232369e-20 6.111650788247423488e-18 1.508459560241765024e-14 1.752108610741860689e-08
2.328177257525083643e+00 0.000000000000000000e+00 0.000000000000000000e+00 0.000000000000000000e+00 0.000000000000000000e+00 5.367048495432979058e-26 2.047704413598812945e-23 6.875180784814288743e-21 4.152728881637512464e-18 1.075467263108520716e-14 1.561226379987421808e-08
2.341551839464882878e+00 0.000000000000000000e+00 0.000000000000000000e+00 0.000000000000000000e+00 0.000000000000000000e+00 2.903902747079971099e-26 1.343862240762858904e-23 4.551797473598485949e-21 2.820281888533794099e-18 7.657466461526277834e-15 1.387783524077271079e-08
2.354926421404682113e+00 0.000000000000000000e+00 0.000000000000000000e+00 0.000000000000000000e+00 0.000000000000000000e+00 2.349138042617300855e-26 8.774651805948203759e-24 3.013454301190372451e-21 1.914257483282755365e-18 5.444726134083963999e-15 1.230585425076409337e-08
2.368301003344481792e+00 0.000000000000000000e+00 0.000000000000000000e+00 0.000000000000000000e+00 0.000000000000000000e+00 1.853205444879408083e-26 5.630735745831056006e-24 1.995218582327593668e-21 1.298669658167300146e-18 3.866460477419890812e-15 1.088485648260290125e-08
2.381675585284281027e+00 0.000000000000000000e+00 0.000000000000000000e+00 0.000000000000000000e+00 0.000000000000000000e+00 3.220358635313229643e-27 3.619713585686666268e-24 1.321053315691173645e-21 8.806015904421035204e-19 2.742176320662952977e-15 9.603788805409104438e-09
2.395050167224080262e+00 0.000000000000000000e+00 0.000000000000000000e+00 0.000000000000000000e+00 0.000000000000000000e+00 2.917776813985458106e-27 2.361753073993061039e-24 8.749679106910609783e-22 5.968691370045186840e-19 1.942495005082256521e-15 8.452013060828287420e-09
2.408424749163879497e+00 0.000000000000000000e+00 0.000000000000000000e+00 0.000000000000000000e+00 0.000000000000000000e+00 2.651087435758968563e-27 1.570835494012049720e-24 5.793971738503224848e-22 4.044000407452552735e-19 1.374420914018003650e-15 7.419333016067954018e-09
2.421799331103679176e+00 0.000000000000000000e+00 0.000000000000000000e+00 0.000000000000000000e+00 0.000000000000000000e+00 1.494596808907576145e-28 9.843191107604659731e-25 3.837053609664356879e-22 2.739037539028092016e-19 9.714095589533462752e-16 6.496009153507781320e-09
2.435173913043478411e+00 0.000000000000000000e+00 0.000000000000000000e+00 0.000000000000000000e+00 0.000000000000000000e+00 0.000000000000000000e+00 6.477828483603733898e-25 2.543368350708446229e-22 1.854520992113192498e-19 6.858175132728445870e-16 5.672815670450175890e-09
2.448548494983277646e+00 0.000000000000000000e+00 0.000000000000000000e+00 0.000000000000000000e+00 0.000000000000000000e+00 0.000000000000000000e+00 4.064519320900065416e-25 1.685300406233201850e-22 1.255242502262269608e-19 4.836789895579118834e-16 4.941005737926074289e-09
2.461923076923076881e+00 0.000000000000000000e+00 0.000000000000000000e+00 0.000000000000000000e+00 0.000000000000000000e+00 0.000000000000000000e+00 2.777075703212178372e-25 1.115189186975220760e-22 8.493795056088469939e-20 3.407749203285792681e-16 4.292305578720237230e-09
2.475297658862876116e+00 0.000000000000000000e+00 0.000000000000000000e+00 0.000000000000000000e+00 0.000000000000000000e+00 0.000000000000000000e+00 1.680433689881356581e-25 7.382335683231234848e-23 5.746153785937954975e-20 2.398609412976136176e-16 3.718944370267538550e-09
2.488672240802675795e+00 0.000000000000000000e+00 0.000000000000000000e+00 0.000000000000000000e+00 0.000000000000000000e+00 0.000000000000000000e+00 1.095210341314483970e-25 4.907197290353058341e-23 3.886463205691306961e-20 1.686743788574767398e-16 3.213658823556119724e-09
2.502046822742475030e+00 0.000000000000000000e+00 0.000000000000000000e+00 0.000000000000000000e+00 0.000000000000000000e+00 0.000000000000000000e+00 6.458677742334052353e-26 3.248972582302811372e-23 2.628075410984766007e-20 1.185054585005230405e-16 2.769690750240690955e-09
2.515421404682274265e+00 0.000000000000000000e+00 0.000000000000000000e+00 0.000000000000000000e+00 0.000000000000000000e+00 0.000000000000000000e+00 4.837558880023541396e-26 2.159289841672097493e-23 1.776867350529378380e-20 8.318807867964547977e-17 2.380739386932470350e-09
2.528795986622073499e+00 0.000000000000000000e+00 0.000000000000000000e+00 0.000000000000000000e+00 0.000000000000000000e+00 0.000000000000000000e+00 3.466887326067919811e-26 1.431478172037265933e-23 1.201143743440199821e-20 5.834539879120439087e-17 2.040996152466481253e-09
2.542170568561873178e+00 0.000000000000000000e+00 0.000000000000000000e+00 0.000000000000000000e+00 0.000000000000000000e+00 0.000000000000000000e+00 2.010067626618321313e-26 9.384927951553980533e-24 8.119345120248230355e-21 4.089164593079059926e-17 1.745118633086650683e-09
2.555545150501672413e+00 0.000000000000000000e+00 0.000000000000000000e+00 0.000000000000000000e+00 0.000000000000000000e+00 0.000000000000000000e+00 8.324459018481278349e-27 6.261368933904936070e-24 5.487602699609909688e-21 2.863605788140488886e-17 1.488198871029730697e-09
2.568919732441471648e+00 0.000000000000000000e+00 0.000000000000000000e+00 0.000000000000000000e+00 0.000000000000000000e+00 0.000000000000000000e+00 6.539340308115853425e-27 4.113180296149879122e-24 3.708814895689791967e-21 2.004026701673651794e-17 1.265780664954334989e-09
2.582294314381270883e+00 0.000000000000000000e+00 0.000000000000000000e+00 0.000000000000000000e+00 0.000000000000000000e+00 0.000000000000000000e+00 5.025102800128560805e-27 2.761448874559089381e-24 2.506475539348367444e-21 1.401426223817873114e-17 1.073777976599350988e-09
2.595668896321070118e+00 0.000000000000000000e+00 0.000000000000000000e+00 0.000000000000000000e+00 0.000000000000000000e+00 0.000000000000000000e+00 1.041792700606074908e-27 1.856321229576047159e-24 1.693727410726031783e-21 9.794029168664154719e-18 9.085311529801548537e-10
2.609043478260869797e+00 0.000000000000000000e+00 0.000000000000000000e+00 0.000000000000000000e+00 0.000000000000000000e+00 0.000000000000000000e+00 9.128902075193097917e-28 1.194798698680526975e-24 1.144643283151175708e-21 6.840217152509641598e-18 7.667165235226632263e-10
2.622418060200669032e+00 0.000000000000000000e+00 0.000000000000000000e+00 0.000000000000000000e+00 0.000000000000000000e+00 0.000000000000000000e+00 5.368878985025856738e-28 7.805309568032042688e-25 7.736265755398927790e-22 4.774507382947851773e-18 6.453790745690608350e-10
2.635792642140468267e+00 0.000000000000000000e+00 0.000000000000000000e+00 0.000000000000000000e+00 0.000000000000000000e+00 0.000000000000000000e+00 4.721563973137832938e-29 5.370538210057353825e-25 5.228490861345697531e-22 3.330610978057007932e-18 5.418490195841024008e-10
2.649167224080267502e+00 0.000000000000000000e+00 0.000000000000000000e+00 0.000000000000000000e+00 0.000000000000000000e+00 0.000000000000000000e+00 0.000000000000000000e+00 3.610389091703599434e-25 3.533889988808214128e-22 2.322130197029279063e-18 4.537732900803779671e-10
2.662541806020067181e+00 0.000000000000000000e+00 0.000000000000000000e+00 0.000000000000000000e+00 0.000000000000000000e+00 0.000000000000000000e+00 0.000000000000000000e+00 2.257307164817605225e-25 2.388207307160433321e-22 1.618141905434579450e-18 3.790535811381982200e-10
2.675916387959866416e+00 0.000000000000000000e+00 0.000000000000000000e+00 0.000000000000000000e+00 0.000000000000000000e+00 0.000000000000000000e+00 0.000000000000000000e+00 1.505381843951353610e-25 1.614715508640748726e-22 1.127054108900993874e-18 3.158482709777604128e-10
2.689290969899665651e+00 0.000000000000000000e+00 0.000000000000000000e+00 0.000000000000000000e+00 0.000000000000000000e+00 0.000000000000000000e+00 0.000000000000000000e+00 9.405933229079122819e-26 1.092182497082853154e-22 7.846438247703860009e-19 2.625309451643833734e-10
2.702665551839464886e+00 0.000000000000000000e+00 0.000000000000000000e+00 0.000000000000000000e+00 0.000000000000000000e+00 0.000000000000000000e+00 0.000000000000000000e+00 6.251044472149308916e-26 7.385738296437320298e-23 5.460215701800188903e-19 2.176784157200637873e-10
2.716040133779264121e+00 0.000000000000000000e+00 0.000000000000000000e+00 0.000000000000000000e+00 0.000000000000000000e+00 0.000000000000000000e+00 0.000000000000000000e+00 4.454147556350713614e-26 4.990193359978228183e-23 3.798191319955741607e-19 1.800506262682202161e-10
2.729414715719063800e+00 0.000000000000000000e+00 0.000000000000000000e+00 0.000000000000000000e+00 0.000000000000000000e+00 0.000000000000000000e+00 0.000000000000000000e+00 2.995780699247681734e-26 3.376759283944426005e-23 2.640988734940002781e-19 1.485688489076358092e-10
2.742789297658863035e+00 0.000000000000000000e+00 0.000000000000000000e+00 0.000000000000000000e+00 0.000000000000000000e+00 0.000000000000000000e+00 0.000000000000000000e+00 1.781689448267523923e-26 2.283036489300380859e-23 1.835772179901073959e-19 1.223014264202684612e-10
2.756163879598662270e+00 0.000000000000000000e+00 0.000000000000000000e+00 0.000000000000000000e+00 0.000000000000000000e+00 0.000000000000000000e+00 0.000000000000000000e+00 1.034073425717172983e-26 1.544013204720936529e-23 1.275581108042766780e-19 1.004406098009804424e-10
2.769538461538461505e+00 0.000000000000000000e+00 0.000000000000000000e+00 0.000000000000000000e+00 0.000000000000000000e+00 0.000000000000000000e+00 0.000000000000000000e+00 7.603475304462681124e-27 1.046548239895103092e-23 8.860831816790974268e-20 8.229640888122124969e-11
2.782913043478261184e+00 0.000000000000000000e+00 0.000000000000000000e+00 0.000000000000000000e+00 0.000000000000000000e+00 0.000000000000000000e+00 0.000000000000000000e+00 6.364388103613590303e-27 7.092676692098726695e-24 6.153090507672301013e-20 6.727416836965398074e-11
2.796287625418060419e+00 0.000000000000000000e+00 0.000000000000000000e+00 0.000000000000000000e+00 0.000000000000000000e+00 0.000000000000000000e+00 0.000000000000000000e+00 1.809985113202966430e-27 4.773687237303858880e-24 4.271857116117731739e-20 5.487067545423861644e-11
2.809662207357859653e+00 0.000000000000000000e+00 0.000000000000000000e+00 0.000000000000000000e+00 0.000000000000000000e+00 0.000000000000000000e+00 0.000000000000000000e+00 1.654844740256988299e-27 3.246458670773041439e-24 2.964955756112635263e-20 4.465325597997626566e-11
2.823036789297658888e+00 0.000000000000000000e+00 0.000000000000000000e+00 0.000000000000000000e+00 0.000000000000000000e+00 0.000000000000000000e+00 0.000000000000000000e+00 1.278432711079033334e-27 2.178127868792860889e-24 2.057509345671109083e-20 3.625872149543954777e-11
2.836411371237458123e+00 0.000000000000000000e+00 0.000000000000000000e+00 0.000000000000000000e+00 0.000000000000000000e+00 0.000000000000000000e+00 0.000000000000000000e+00 2.448181110144706315e-28 1.481003624315079070e-24 1.427437569081723707e-20 2.937785304661877587e-11
2.849785953177257802e+00 0.000000000000000000e+00 0.000000000000000000e+00 0.000000000000000000e+00 0.000000000000000000e+00 0.000000000000000000e+00 0.000000000000000000e+00 2.256982874641362137e-28 1.006967633736858369e-24 9.901845461252042263e-21 2.375215638927600037e-11
2.863160535117057037e+00 0.000000000000000000e+00 0.000000000000000000e+00 0.000000000000000000e+00 0.000000000000000000e+00 0.000000000000000000e+00 0.000000000000000000e+00 1.238571854133436680e-29 6.977474563012289945e-25 6.867348756506732283e-21 1.916299214674410901e-11
2.876535117056856272e+00 0.000000000000000000e+00 0.000000000000000000e+00 0.000000000000000000e+00 0.000000000000000000e+00 0.000000000000000000e+00 0.000000000000000000e+00 0.000000000000000000e+00 4.484433319695973811e-25 4.762410428742602928e-21 1.542835355704339103e-11
2.889909698996655507e+00 0.000000000000000000e+00 0.000000000000000000e+00 0.000000000000000000e+00 0.000000000000000000e+00 0.000000000000000000e+00 0.000000000000000000e+00 0.000000000000000000e+00 3.092041606721081761e-25 3.302086306479935404e-21 1.239599139708319473e-11
2.903284280936454742e+00 0.000000000000000000e+00 0.000000000000000000e+00 0.000000000000000000e+00 0.000000000000000000e+00 0.000000000000000000e+00 0.000000000000000000e+00 0.000000000000000000e+00 2.132826782466308525e-25 2.289344490953714205e-21 9.939467055253200482e-12
2.916658862876254421e+00 0.000000000000000000e+00 0.000000000000000000e+00 0.000000000000000000e+00 0.000000000000000000e+00 0.000000000000000000e+00 0.000000000000000000e+00 0.000000000000000000e+00 1.371390731433405906e-25 1.587069623818877935e-21 7.953958044937172653e-12
2.930033444816053656e+00 0.000000000000000000e+00 0.000000000000000000e+00 0.000000000000000000e+00 0.000000000000000000e+00 0.000000000000000000e+00 0.000000000000000000e+00 0.000000000000000000e+00 9.208428987276296743e-26 1.100158607638245346e-21 6.352539544340658101e-12
2.943408026755852891e+00 0.000000000000000000e+00 0.000000000000000000e+00 0.000000000000000000e+00 0.000000000000000000e+00 0.000000000000000000e+00 0.000000000000000000e+00 0.000000000000000000e+00 6.465885303492454765e-26 7.625871526115372062e-22 5.063790696138335355e-12
2.956782608695652126e+00 0.000000000000000000e+00 0.000000000000000000e+00 0.000000000000000000e+00 0.000000000000000000e+00 0.000000000000000000e+00 0.000000000000000000e+00 0.000000000000000000e+00 3.945680198264264280e-26 5.285800134711126306e-22 4.028789704108577497e-12
2.970157190635451805e+00 0.000000000000000000e+00 0.000000000000000000e+00 0.000000000000000000e+00 0.000000000000000000e+00 0.000000000000000000e+00 0.000000000000000000e+00 0.000000000000000000e+00 2.746320192284644700e-26 3.663766969554524129e-22 3.199400438160874223e-12
2.983531772575251040e+00 0.000000000000000000e+00 0.000000000000000000e+00 0.000000000000000000e+00 0.000000000000000000e+00 0.000000000000000000e+00 0.000000000000000000e+00 0.000000000000000000e+00 1.855150556872555743e-26 2.539246928269088841e-22 2.536074302668236437e-12
2.996906354515050275e+00 0.000000000000000000e+00 0.000000000000000000e+00 0.000000000000000000e+00 0.000000000000000000e+00 0.000000000000000000e+00 0.000000000000000000e+00 0.000000000000000000e+00 1.346102982347801497e-26 1.760000337843893777e-22 2.006663700147262756e-12
3.010280936454849510e+00 0.000000000000000000e+00 0.000000000000000000e+00 0.000000000000000000e+00 0.000000000000000000e+00 0.000000000000000000e+00 0.000000000000000000e+00 0.000000000000000000e+00 7.583862147152960231e-27 1.220006818225248367e-22 1.584939559361045122e-12
3.023655518394648745e+00 0.000000000000000000e+00 0.000000000000000000e+00 0.000000000000000000e+00 0.000000000000000000e+00 0.000000000000000000e+00 0.000000000000000000e+00 0.000000000000000000e+00 5.506321203306801647e-27 8.458235070628914078e-23 1.249680418150121412e-12
3.037030100334448424e+00 0.000000000000000000e+00 0.000000000000000000e+00 0.000000000000000000e+00 0.000000000000000000e+00 0.000000000000000000e+00 0.000000000000000000e+00 0.000000000000000000e+00 3.720235520347980299e-27 5.861913579401073975e-23 9.836395210038706350e-13
3.050404682274247659e+00 0.000000000000000000e+00 0.000000000000000000e+00 0.000000000000000000e+00 0.000000000000000000e+00 0.000000000000000000e+00 0.000000000000000000e+00 0.000000000000000000e+00 2.788321300486796235e-27 4.064722180444818586e-23 7.729397736049626309e-13
3.063779264214046893e+00 0.000000000000000000e+00 0.000000000000000000e+00 0.000000000000000000e+00 0.000000000000000000e+00 0.000000000000000000e+00 0.000000000000000000e+00 0.000000000000000000e+00 1.176015045497586031e-27 2.819018871115701871e-23 6.063594341860976055e-13
3.077153846153846128e+00 0.000000000000000000e+00 0.000000000000000000e+00 0.000000000000000000e+00 0.000000000000000000e+00 0.000000000000000000e+00 0.000000000000000000e+00 0.000000000000000000e+00 1.020913312137602576e-27 1.955099948736863894e-23 4.749149144016256761e-13
3.090528428093645807e+00 0.000000000000000000e+00 0.000000000000000000e+00 0.000000000000000000e+00 0.000000000000000000e+00 0.000000000000000000e+00 0.000000000000000000e+00 0.000000000000000000e+00 7.033056448467685752e-28 1.355677147749457198e-23 3.713699948828012895e-13
3.103903010033445042e+00 0.000000000000000000e+00 0.000000000000000000e+00 0.000000000000000000e+00 0.000000000000000000e+00 0.000000000000000000e+00 0.000000000000000000e+00 0.000000000000000000e+00 2.146856711070901862e-28 9.400054955267646261e-24 2.899472890973981377e-13
3.117277591973244277e+00 0.000000000000000000e+00 0.000000000000000000e+00 0.000000000000000000e+00 0.000000000000000000e+00 0.000000000000000000e+00 0.000000000000000000e+00 0.000000000000000000e+00 1.936551460763648109e-28 6.505106981401514270e-24 2.260269250327409226e-13
3.130652173913043512e+00 0.000000000000000000e+00 0.000000000000000000e+00 0.000000000000000000e+00 0.000000000000000000e+00 0.000000000000000000e+00 0.000000000000000000e+00 0.000000000000000000e+00 3.637628345733918991e-29 4.516575063021654056e-24 1.759336965037796296e-13
3.144026755852842747e+00 0.000000000000000000e+00 0.000000000000000000e+00 0.000000000000000000e+00 0.000000000000000000e+00 0.000000000000000000e+00 0.000000000000000000e+00 0.000000000000000000e+00 3.313700575234425347e-29 3.133395924873845201e-24 1.367418718425826142e-13
3.157401337792642426e+00 0.000000000000000000e+00 0.000000000000000000e+00 0.000000000000000000e+00 0.000000000000000000e+00 0.000000000000000000e+00 0.000000000000000000e+00 0.000000000000000000e+00 1.775749563620332727e-30 2.180086475227176513e-24 1.061265666001165283e-13
3.170775919732441661e+00 0.000000000000000000e+00 0.000000000000000000e+00 0.000000000000000000e+00 0.000000000000000000e+00 0.000000000000000000e+00 0.000000000000000000e+00 0.000000000000000000e+00 0.000000000000000000e+00 1.511056158374392741e-24 8.224804056835821710e-14
3.184150501672240896e+00 0.000000000000000000e+00 0.000000000000000000e+00 0.000000000000000000e+00 0.000000000000000000e+00 0.000000000000000000e+00 0.000000000000000000e+00 0.000000000000000000e+00 0.000000000000000000e+00 1.052393940837549539e-24 6.365320769165429220e-14
3.197525083612040131e+00 0.000000000000000000e+00 0.000000000000000000e+00 0.000000000000000000e+00 0.000000000000000000e+00 0.000000000000000000e+00 0.000000000000000000e+00 0.000000000000000000e+00 0.000000000000000000e+00 7.251558893647235366e-25 4.919514377774062804e-14
3.210899665551839366e+00 0.000000000000000000e+00 0.000000000000000000e+00 0.000000000000000000e+00 0.000000000000000000e+00 0.000000000000000000e+00 0.000000000000000000e+00 0.000000000000000000e+00 0.000000000000000000e+00 5.026961900870364029e-25 3.797039144967914052e-14
3.224274247491639045e+00 0.000000000000000000e+00 0.000000000000000000e+00 0.000000000000000000e+00 0.000000000000000000e+00 0.000000000000000000e+00 0.000000000000000000e+00 0.000000000000000000e+00 0.000000000000000000e+00 3.496532681748853288e-25 2.926805057724440657e-14
3.237648829431438280e+00 0.000000000000000000e+00 0.000000000000000000e+00 0.000000000000000000e+00 0.000000000000000000e+00 0.000000000000000000e+00 0.000000000000000000e+00 0.000000000000000000e+00 0.000000000000000000e+00 2.450424288241842133e-25 2.253105633638319778e-14
3.251023411371237515e+00 0.000000000000000000e+00 0.000000000000000000e+00 0.000000000000000000e+00 0.000000000000000000e+00 0.000000000000000000e+00 0.000000000000000000e+00 0.000000000000000000e+00 0.000000000000000000e+00 1.685747380239350457e-25 1.732304999438199979e-14
3.264397993311036750e+00 0.000000000000000000e+00 0.000000000000000000e+00 0.000000000000000000e+00 0.000000000000000000e+00 0.000000000000000000e+00 0.000000000000000000e+00 0.000000000000000000e+00 0.000000000000000000e+00 1.151669143136024214e-25 1.330230212296990476e-14
3.277772575250836429e+00 0.000000000000000000e+00 0.000000000000000000e+00 0.000000000000000000e+00 0.000000000000000000e+00 0.000000000000000000e+00 0.000000000000000000e+00 0.000000000000000000e+00 0.000000000000000000e+00 8.179582668731628784e-26 1.020269119979562341e-14
3.291147157190635664e+00 0.000000000000000000e+00 0.000000000000000000e+00 0.000000000000000000e+00 0.000000000000000000e+00 0.000000000000000000e+00 0.000000000000000000e+00 0.000000000000000000e+00 0.000000000000000000e+00 5.618785578284581374e-26 7.815862419246616061e-15
3.304521739130434899e+00 0.000000000000000000e+00 0.000000000000000000e+00 0.000000000000000000e+00 0.000000000000000000e+00 0.000000000000000000e+00 0.000000000000000000e+00 0.000000000000000000e+00 0.000000000000000000e+00 3.755540026219154955e-26 5.980608190035460380e-15
3.317896321070234134e+00 0.000000000000000000e+00 0.000000000000000000e+00 0.000000000000000000e+00 0.000000000000000000e+00 0.000000000000000000e+00 0.000000000000000000e+00 0.000000000000000000e+00 0.000000000000000000e+00 2.697058968790595035e-26 4.571024657377511420e-15
3.331270903010033368e+00 0.000000000000000000e+00 0.000000000000000000e+00 0.000000000000000000e+00 0.000000000000000000e+00 0.000000000000000000e+00 0.000000000000000000e+00 0.000000000000000000e+00 0.000000000000000000e+00 1.862303007321688790e-26 3.489859827239863950e-15
3.344645484949833047e+00 0.000000000000000000e+00 0.000000000000000000e+00 0.000000000000000000e+00 0.000000000000000000e+00 0.000000000000000000e+00 0.000000000000000000e+00 0.000000000000000000e+00 0.000000000000000000e+00 1.213027559866952797e-26 2.661456763443593854e-15
3.358020066889632282e+00 0.000000000000000000e+00 0.000000000000000000e+00 0.000000000000000000e+00 0.000000000000000000e+00 0.000000000000000000e+00 0.000000000000000000e+00 0.000000000000000000e+00 0.000000000000000000e+00 8.499358665668909079e-27 2.027555738010421142e-15
3.371394648829431517e+00 0.000000000000000000e+00 0.000000000000000000e+00 0.000000000000000000e+00 0.000000000000000000e+00 0.000000000000000000e+00 0.000000000000000000e+00 0.000000000000000000e+00 0.000000000000000000e+00 5.977112583756012194e-27 1.543023370512183483e-15
3.384769230769230752e+00 0.000000000000000000e+00 0.000000000000000000e+00 0.000000000000000000e+00 0.000000000000000000e+00 0.000000000000000000e+00 0.000000000000000000e+00 0.000000000000000000e+00 0.000000000000000000e+00 3.918681161608128656e-27 1.173089833917185784e-15
3.398143812709030431e+00 0.000000000000000000e+00 0.000000000000000000e+00 0.000000000000000000e+00 0.000000000000000000e+00 0.000000000000000000e+00 0.000000000000000000e+00 0.000000000000000000e+00 0.000000000000000000e+00 2.677733774666047664e-27 8.909558545222314639e-16
3.411518394648829666e+00 0.000000000000000000e+00 0.000000000000000000e+00 0.000000000000000000e+00 0.000000000000000000e+00 0.000000000000000000e+00 0.000000000000000000e+00 0.000000000000000000e+00 0.000000000000000000e+00 1.820744450596111908e-27 6.760093517712516093e-16
3.424892976588628901e+00 0.000000000000000000e+00 0.000000000000000000e+00 0.000000000000000000e+00 0.000000000000000000e+00 0.000000000000000000e+00 0.000000000000000000e+00 0.000000000000000000e+00 0.000000000000000000e+00 1.096165706695870796e-27 5.124400671030861029e-16
3.438267558528428136e+00 0.000000000000000000e+00 0.000000000000000000e+00 0.000000000000000000e+00 0.000000000000000000e+00 0.000000000000000000e+00 0.000000000000000000e+00 0.000000000000000000e+00 0.000000000000000000e+00 8.164003849099311638e-28 3.880861740633163821e-16
3.451642140468227371e+00 0.000000000000000000e+00 0.000000000000000000e+00 0.000000000000000000e+00 0.000000000000000000e+00 0.000000000000000000e+00 0.000000000000000000e+00 0.000000000000000000e+00 0.000000000000000000e+00 5.588952755683674546e-28 2.936413963351040104e-16
3.465016722408027050e+00 0.000000000000000000e+00 0.000000000000000000e+00 0.000000000000000000e+00 0.000000000000000000e+00 0.000000000000000000e+00 0.000000000000000000e+00 0.000000000000000000e+00 0.000000000000000000e+00 4.102904037149045237e-28 2.219803476899437989e-16
3.478391304347826285e+00 0.000000000000000000e+00 0.000000000000000000e+00 0.000000000000000000e+00 0.000000000000000000e+00 0.000000000000000000e+00 0.000000000000000000e+00 0.000000000000000000e+00 0.000000000000000000e+00 2.578203788439098573e-28 1.676626998658614299e-16
3.491765886287625520e+00 0.000000000000000000e+00 0.000000000000000000e+00 0.000000000000000000e+00 0.000000000000000000e+00 0.000000000000000000e+00 0.000000000000000000e+00 0.000000000000000000e+00 0.000000000000000000e+00 1.703439386950533134e-28 1.265268898883058253e-16
3.505140468227424755e+00 0.000000000000000000e+00 0.000000000000000000e+00 0.000000000000000000e+00 0.000000000000000000e+00 0.000000000000000000e+00 0.000000000000000000e+00 0.000000000000000000e+00 0.000000000000000000e+00 1.252451406695566304e-28 9.540583699718241696e-17
3.518515050167224434e+00 0.000000000000000000e+00 0.000000000000000000e+00 0.000000000000000000e+00 0.000000000000000000e+00 0.000000000000000000e+00 0.000000000000000000e+00 0.000000000000000000e+00 0.000000000000000000e+00 6.416576076860936844e-29 7.187808877301069835e-17
3.531889632107023669e+00 0.000000000000000000e+00 0.000000000000000000e+00 0.000000000000000000e+00 0.000000000000000000e+00 0.000000000000000000e+00 0.000000000000000000e+00 0.000000000000000000e+00 0.000000000000000000e+00 4.945385453309059037e-29 5.410951231897006183e-17
3.545264214046822904e+00 0.000000000000000000e+00 0.000000000000000000e+00 0.000000000000000000e+00 0.000000000000000000e+00 0.000000000000000000e+00 0.000000000000000000e+00 0.000000000000000000e+00 0.000000000000000000e+00 1.983777191058184798e-29 4.070109976454606004e-17
3.558638795986622139e+00 0.000000000000000000e+00 0.000000000000000000e+00 0.000000000000000000e+00 0.000000000000000000e+00 0.000000000000000000e+00 0.000000000000000000e+00 0.000000000000000000e+00 0.000000000000000000e+00 5.906747740481385250e-30 3.059168762355619542e-17
3.572013377926421374e+00 0.000000000000000000e+00 0.000000000000000000e+00 0.000000000000000000e+00 0.000000000000000000e+00 0.000000000000000000e+00 0.000000000000000000e+00 0.000000000000000000e+00 0.000000000000000000e+00 5.196988142239096975e-30 2.297526308422646865e-17
3.585387959866221053e+00 0.000000000000000000e+00 0.000000000000000000e+00 0.000000000000000000e+00 0.000000000000000000e+00 0.000000000000000000e+00 0.000000000000000000e+00 0.000000000000000000e+00 0.000000000000000000e+00 5.221517931192230392e-32 1.724197143685584036e-17
3.598762541806020288e+00 0.000000000000000000e+00 0.000000000000000000e+00 0.000000000000000000e+00 0.000000000000000000e+00 0.000000000000000000e+00 0.000000000000000000e+00 0.000000000000000000e+00 0.000000000000000000e+00 0.000000000000000000e+00 1.292961789729403856e-17
3.612137123745819522e+00 0.000000000000000000e+00 0.000000000000000000e+00 0.000000000000000000e+00 0.000000000000000000e+00 0.000000000000000000e+00 0.000000000000000000e+00 0.000000000000000000e+00 0.000000000000000000e+00 0.000000000000000000e+00 9.688167173194339060e-18
3.625511705685618757e+00 0.000000000000000000e+00 0.000000000000000000e+00 0.000000000000000000e+00 0.000000000000000000e+00 0.000000000000000000e+00 0.000000000000000000e+00 0.000000000000000000e+00 0.000000000000000000e+00 0.000000000000000000e+00 7.253941980908654629e-18
3.638886287625418436e+00 0.000000000000000000e+00 0.000000000000000000e+00 0.000000000000000000e+00 0.000000000000000000e+00 0.000000000000000000e+00 0.000000000000000000e+00 0.000000000000000000e+00 0.000000000000000000e+00 0.000000000000000000e+00 5.426893727205678057e-18
3.652260869565217671e+00 0.000000000000000000e+00 0.000000000000000000e+00 0.000000000000000000e+00 0.000000000000000000e+00 0.000000000000000000e+00 0.000000000000000000e+00 0.000000000000000000e+00 0.000000000000000000e+00 0.000000000000000000e+00 4.056666799306979554e-18
3.665635451505016906e+00 0.000000000000000000e+00 0.000000000000000000e+00 0.000000000000000000e+00 0.000000000000000000e+00 0.000000000000000000e+00 0.000000000000000000e+00 0.000000000000000000e+00 0.000000000000000000e+00 0.000000000000000000e+00 3.029856751798972912e-18
3.679010033444816141e+00 0.000000000000000000e+00 0.000000000000000000e+00 0.000000000000000000e+00 0.000000000000000000e+00 0.000000000000000000e+00 0.000000000000000000e+00 0.000000000000000000e+00 0.000000000000000000e+00 0.000000000000000000e+00 2.260852110145330182e-18
3.692384615384615376e+00 0.000000000000000000e+00 0.000000000000000000e+00 0.000000000000000000e+00 0.000000000000000000e+00 0.000000000000000000e+00 0.000000000000000000e+00 0.000000000000000000e+00 0.000000000000000000e+00 0.000000000000000000e+00 1.685348571996576899e-18
3.705759197324415055e+00 0.000000000000000000e+00 0.000000000000000000e+00 0.000000000000000000e+00 0.000000000000000000e+00 0.000000000000000000e+00 0.000000000000000000e+00 0.000000000000000000e+00 0.000000000000000000e+00 0.000000000000000000e+00 1.254943966362458179e-18
3.719133779264214290e+00 0.000000000000000000e+00 0.000000000000000000e+00 0.000000000000000000e+00 0.000000000000000000e+00 0.000000000000000000e+00 0.000000000000000000e+00 0.000000000000000000e+00 0.000000000000000000e+00 0.000000000000000000e+00 9.333268490811029462e-19
3.732508361204013525e+00 0.000000000000000000e+00 0.000000000000000000e+00 0.000000000000000000e+00 0.000000000000000000e+00 0.000000000000000000e+00 0.000000000000000000e+00 0.000000000000000000e+00 0.000000000000000000e+00 0.000000000000000000e+00 6.931369864479864624e-19
3.745882943143812760e+00 0.000000000000000000e+00 0.000000000000000000e+00 0.000000000000000000e+00 0.000000000000000000e+00 0.000000000000000000e+00 0.000000000000000000e+00 0.000000000000000000e+00 0.000000000000000000e+00 0.000000000000000000e+00 5.139086045247649205e-19
3.759257525083611995e+00 0.000000000000000000e+00 0.000000000000000000e+00 0.000000000000000000e+00 0.000000000000000000e+00 0.000000000000000000e+00 0.000000000000000000e+00 0.000000000000000000e+00 0.000000000000000000e+00 0.000000000000000000e+00 3.802802316216572388e-19
3.772632107023411674e+00 0.000000000000000000e+00 0.000000000000000000e+00 0.000000000000000000e+00 0.000000000000000000e+00 0.000000000000000000e+00 0.000000000000000000e+00 0.000000000000000000e+00 0.000000000000000000e+00 0.000000000000000000e+00 2.807315179995554152e-19
3.786006688963210909e+00 0.000000000000000000e+00 0.000000000000000000e+00 0.000000000000000000e+00 0.000000000000000000e+00 0.000000000000000000e+00 0.000000000000000000e+00 0.000000000000000000e+00 0.000000000000000000e+00 0.000000000000000000e+00 2.066504086375729381e-19
3.799381270903010144e+00 0.000000000000000000e+00 0.000000000000000000e+00 0.000000000000000000e+00 0.000000000000000000e+00 0.000000000000000000e+00 0.000000000000000000e+00 0.000000000000000000e+00 0.000000000000000000e+00 0.000000000000000000e+00 1.515815584006414526e-19
3.812755852842809379e+00 0.000000000000000000e+00 0.000000000000000000e+00 0.000000000000000000e+00 0.000000000000000000e+00 0.000000000000000000e+00 0.000000000000000000e+00 0.000000000000000000e+00 0.000000000000000000e+00 0.000000000000000000e+00 1.107015410600357294e-19
3.826130434782609058e+00 0.000000000000000000e+00 0.000000000000000000e+00 0.000000000000000000e+00 0.000000000000000000e+00 0.000000000000000000e+00 0.000000000000000000e+00 0.000000000000000000e+00 0.000000000000000000e+00 0.000000000000000000e+00 8.040356948097755500e-20
3.839505016722408293e+00 0.000000000000000000e+00 0.000000000000000000e+00 0.000000000000000000e+00 0.000000000000000000e+00 0.000000000000000000e+00 0.000000000000000000e+00 0.000000000000000000e+00 0.000000000000000000e+00 0.000000000000000000e+00 5.799650421779406419e-20
3.852879598662207528e+00 0.000000000000000000e+00 0.000000000000000000e+00 0.000000000000000000e+00 0.000000000000000000e+00 0.000000000000000000e+00 0.000000000000000000e+00 0.000000000000000000e+00 0.000000000000000000e+00 0.000000000000000000e+00 4.146728154870188128e-20
3.866254180602006763e+00 0.000000000000000000e+00 0.000000000000000000e+00 0.000000000000000000e+00 0.000000000000000000e+00 0.000000000000000000e+00 0.000000000000000000e+00 0.000000000000000000e+00 0.000000000000000000e+00 0.000000000000000000e+00 2.931579883938946694e-20
3.879628762541805997e+00 0.000000000000000000e+00 0.000000000000000000e+00 0.000000000000000000e+00 0.000000000000000000e+00 0.000000000000000000e+00 0.000000000000000000e+00 0.000000000000000000e+00 0.000000000000000000e+00 0.000000000000000000e+00 2.042359779362730162e-20
3.893003344481605676e+00 0.000000000000000000e+00 0.000000000000000000e+00 0.000000000000000000e+00 0.000000000000000000e+00 0.000000000000000000e+00 0.000000000000000000e+00 0.000000000000000000e+00 0.000000000000000000e+00 0.000000000000000000e+00 1.395693283984344753e-20
3.906377926421404911e+00 0.000000000000000000e+00 0.000000000000000000e+00 0.000000000000000000e+00 0.000000000000000000e+00 0.000000000000000000e+00 0.000000000000000000e+00 0.000000000000000000e+00 0.000000000000000000e+00 0.000000000000000000e+00 9.293911528812178922e-21
3.919752508361204146e+00 0.000000000000000000e+00 0.000000000000000000e+00 0.000000000000000000e+00 0.000000000000000000e+00 0.000000000000000000e+00 0.000000000000000000e+00 0.000000000000000000e+00 0.000000000000000000e+00 0.000000000000000000e+00 5.972563045353473362e-21
3.933127090301003381e+00 0.000000000000000000e+00 0.000000000000000000e+00 0.000000000000000000e+00 0.000000000000000000e+00 0.000000000000000000e+00 0.000000000000000000e+00 0.000000000000000000e+00 0.000000000000000000e+00 0.000000000000000000e+00 3.648514900676906630e-21
3.946501672240803060e+00 0.000000000000000000e+00 0.000000000000000000e+00 0.000000000000000000e+00 0.000000000000000000e+00 0.000000000000000000e+00 0.000000000000000000e+00 0.000000000000000000e+00 0.000000000000000000e+00 0.000000000000000000e+00 2.065628081244963345e-21
3.959876254180602295e+00 0.000000000000000000e+00 0.000000000000000000e+00 0.000000000000000000e+00 0.000000000000000000e+00 0.000000000000000000e+00 0.000000000000000000e+00 0.000000000000000000e+00 0.000000000000000000e+00 0.000000000000000000e+00 1.033581645156073177e-21
3.973250836120401530e+00 0.000000000000000000e+00 0.000000000000000000e+00 0.000000000000000000e+00 0.000000000000000000e+00 0.000000000000000000e+00 0.000000000000000000e+00 0.000000000000000000e+00 0.000000000000000000e+00 0.000000000000000000e+00 4.108728424370185900e-22
3.986625418060200765e+00 0.000000000000000000e+00 0.000000000000000000e+00 0.000000000000000000e+00 0.000000000000000000e+00 0.000000000000000000e+00 0.000000000000000000e+00 0.000000000000000000e+00 0.000000000000000000e+00 0.000000000000000000e+00 9.236382300015802396e-23
4.000000000000000000e+00 0.000000000000000000e+00 0.000000000000000000e+00 0.000000000000000000e+00 0.000000000000000000e+00 0.000000000000000000e+00 0.000000000000000000e+00 0.000000000000000000e+00 0.000000000000000000e+00 0.000000000000000000e+00 0.000000000000000000e+00
