1.000000000000000021e-03 2.545899904663429264e-10 2.299885185431037418e-10 2.254268919719045323e-10 2.229278889245617120e-10 2.213327095344027034e-10 2.203179296635877149e-10 2.198155726130077835e-10 2.199105697052655174e-10 2.211904615367207307e-10 2.255372760425931406e-10
1.437458193979933296e-02 1.710129032119601801e-11 1.577347348464837383e-11 1.554250414751202978e-11 1.541859356646407777e-11 1.534277845610702447e-11 1.529971740766941495e-11 1.528810474853883651e-11 1.531615398980545597e-11 1.542712392003863374e-11 1.575951636954603169e-11
2.774916387959866504e-02 8.532125346781153528e-12 8.048050155183731992e-12 7.974415969403517272e-12 7.936812148646093163e-12 7.916220190765282216e-12 7.908563510981050005e-12 7.914979142586023972e-12 7.940925539353490841e-12 8.010030839457705913e-12 8.198117190881112669e-12
4.112374581939799711e-02 5.530097399680678948e-12 5.343847916057448250e-12 5.326023683121359885e-12 5.319070403782371907e-12 5.318121235597944902e-12 5.323093911858209149e-12 5.336039802508153219e-12 5.361417249543988028e-12 5.416094003761450844e-12 5.553990831939923683e-12
5.449832775919732919e-02 3.996953880088465418e-12 3.964037235496390600e-12 3.975253679612844328e-12 3.984260708744482723e-12 3.993583183570579329e-12 4.005186866641975275e-12 4.021608663827812596e-12 4.046853527250407342e-12 4.094340754357128367e-12 4.206853744360215270e-12
6.787290969899666127e-02 3.064815747691945797e-12 3.125690142880803282e-12 3.155017569812752634e-12 3.173992738711278632e-12 3.189724627842240353e-12 3.205508667927232746e-12 3.224177266828473916e-12 3.249464661207914434e-12 3.292699628556492206e-12 3.389983039955369121e-12
8.124749163879599334e-02 2.437305442229918135e-12 2.561424733103785575e-12 2.603315731765541546e-12 2.629218395008880096e-12 2.649421796577851279e-12 2.668139088737371175e-12 2.688421323196908557e-12 2.713832850918385341e-12 2.754320002842466751e-12 2.841511971233068771e-12
9.462207357859532542e-02 1.985640260586146561e-12 2.155005911047226675e-12 2.206271402140266473e-12 2.237355843353592568e-12 2.260913434729569646e-12 2.281850786180857016e-12 2.303386676711799025e-12 2.328974230149677867e-12 2.367568968474405663e-12 2.447631197150427442e-12
1.079966555183946575e-01 1.644840151941896731e-12 1.847803115284425290e-12 1.906433555992264394e-12 1.941594724984662737e-12 1.967806492789372767e-12 1.990506863944643852e-12 2.013071881156921683e-12 2.038869546438713942e-12 2.076115553206678432e-12 2.150903748712758128e-12
1.213712374581939896e-01 1.378605216343895970e-12 1.607014293513323644e-12 1.671667625135218713e-12 1.710167505457308282e-12 1.738561441136465341e-12 1.762732683260308226e-12 1.786171002151292627e-12 1.812198426670636440e-12 1.848455039124611748e-12 1.919217593726251676e-12
1.347458193979933216e-01 1.165391693293266564e-12 1.412861600539112959e-12 1.482598272531107783e-12 1.523921821987324478e-12 1.554172321702706778e-12 1.579592774081354662e-12 1.603797928156184474e-12 1.630072426312864199e-12 1.665595861383290144e-12 1.733204243256563088e-12
1.481204013377926398e-01 9.911202492469948949e-13 1.252713853860788993e-12 1.326850807817649641e-12 1.370619020739472073e-12 1.402475564517757825e-12 1.429001003545043510e-12 1.453898685315666160e-12 1.480423122649095602e-12 1.515403551901425104e-12 1.580492992399169202e-12
1.614949832775919858e-01 8.462575319363602415e-13 1.118129049140132485e-12 1.196142532620849753e-12 1.242073678632965415e-12 1.275359493923926680e-12 1.302872973828133046e-12 1.328397788385634382e-12 1.355186623454269516e-12 1.389759895417824182e-12 1.452811469170439372e-12
1.748695652173913317e-01 7.243049945749062783e-13 1.003237393379013519e-12 1.084731026719986324e-12 1.132607167848044904e-12 1.167183859840056841e-12 1.195591442033965738e-12 1.221704284342762861e-12 1.248760475688402378e-12 1.283033763184823746e-12 1.344417781484662388e-12
1.882441471571906499e-01 6.206006278106642589e-13 9.038427696857835066e-13 9.885026121345442667e-13 1.038154456920922965e-12 1.073909685255082140e-12 1.103142591186874612e-12 1.129808742706240129e-12 1.157135446769302587e-12 1.191194730789228896e-12 1.251200571925478805e-12
2.016187290969899681e-01 5.317235697715478823e-13 8.168641184706269875e-13 9.044383667609149689e-13 9.557259499545950268e-13 9.925746189790552387e-13 1.022575517624074010e-12 1.049763184099056387e-12 1.077368869536812579e-12 1.111280355645561284e-12 1.170141386656853644e-12
2.149933110367893141e-01 4.550985431871017928e-13 7.399797409961151019e-13 8.302705611608577748e-13 8.830814182668902933e-13 9.209468285147512229e-13 9.516728774743399204e-13 9.793590848756108333e-13 1.007247349660340637e-12 1.041067339819284185e-12 1.098970693804974702e-12
2.283678929765886600e-01 3.887422534801512437e-13 6.714222254344626345e-13 7.642580157209442495e-13 8.184997875670632991e-13 8.573267689653455429e-13 8.887386278144271260e-13 9.169065556726311726e-13 9.450756381940901134e-13 9.788499980153715817e-13 1.035952715414108421e-12
2.417424749163879782e-01 3.311139029756653956e-13 6.098053203688294430e-13 7.050483104693455547e-13 7.606448591002642140e-13 8.003830590136129668e-13 8.324478457840719820e-13 8.610812522680937138e-13 8.895365753132080274e-13 9.233006373573562558e-13 9.797350139280951898e-13
2.551170568561872964e-01 2.809890311866162187e-13 5.540439162211320316e-13 6.515721968162142119e-13 7.084574073817304089e-13 7.490659295119318046e-13 7.817611118413945241e-13 8.108440991049404438e-13 8.395858974874715202e-13 8.733740170692733430e-13 9.292469035124652861e-13
2.684916387959866424e-01 2.373838145654971252e-13 5.032591573091113085e-13 6.029733535435726977e-13 6.610936539861577749e-13 7.025369329532041591e-13 7.358364974195833431e-13 7.653591150884718701e-13 7.943894407981258033e-13 8.282285106039699068e-13 8.836344361704623415e-13
2.818662207357859883e-01 1.994945034590447185e-13 4.567519184815507546e-13 5.585573442082505634e-13 6.178642494954619168e-13 6.601118747162487502e-13 6.939992333748925282e-13 7.239511671222338919e-13 7.532710309782749753e-13 7.871834857483937358e-13 8.422034618812498838e-13
2.952408026755852788e-01 1.674818078266842924e-13 4.139757871705729085e-13 5.177573353174673788e-13 5.782109384615276414e-13 6.212354073076275172e-13 6.556916577844756255e-13 6.860654939575367557e-13 7.156768178174625249e-13 7.496852230460430644e-13 8.043851152929267438e-13
3.086153846153846247e-01 1.395415574000945196e-13 3.744600301082730742e-13 4.801007983394115966e-13 5.416672022906173567e-13 5.854487246715423161e-13 6.204581131381985037e-13 6.512460386348933266e-13 6.811484072128624360e-13 7.152678802457596500e-13 7.697114461303969795e-13
3.219899665551839707e-01 1.145707717189125247e-13 3.377775698279410016e-13 4.452007298324114294e-13 5.078445782290193779e-13 5.523619720177011849e-13 5.879147132311972281e-13 6.191099475279772480e-13 6.493050514738164923e-13 6.835514868013454033e-13 7.377897346764404659e-13
3.353645484949833167e-01 9.220655722649737761e-14 3.035467544703594333e-13 4.127233414027809483e-13 4.764206865678561016e-13 5.216554123237071299e-13 5.577389981533288071e-13 5.893365198287378295e-13 6.198254762288218430e-13 6.542123877841893107e-13 7.082915069696452802e-13
3.487391304347826626e-01 7.428353000853432200e-14 2.717316293039516637e-13 3.823928354009156214e-13 4.471180158237243187e-13 4.930558067268658101e-13 5.296590278848089758e-13 5.616536306940126625e-13 5.924373433466103386e-13 6.269762644333533155e-13 6.809386541796594760e-13
3.621137123745819530e-01 5.922240905817534976e-14 2.420672884834395910e-13 3.539679442108063752e-13 4.197021984038201334e-13 4.663277411333073346e-13 5.034433861450024867e-13 5.358319614610168955e-13 5.669104120197181463e-13 6.016117455146356444e-13 6.554926038689345119e-13
3.754882943143812990e-01 4.669539519684634386e-14 2.144290038770855035e-13 3.272490394102040827e-13 3.939714544351501547e-13 4.412741404328066385e-13 4.788941299813410725e-13 5.116702181756985626e-13 5.430444976880488167e-13 5.779186011128590540e-13 6.317506464468666619e-13
3.888628762541806450e-01 3.639497084236679538e-14 1.887327904757923139e-13 3.020581025271358181e-13 3.697526226319095532e-13 4.177202588242974991e-13 4.558379181938037506e-13 4.889986326826729374e-13 5.206688703405845044e-13 5.557236868720481271e-13 6.095372738194079731e-13
4.022374581939799354e-01 2.802836669980551632e-14 1.649280155095494876e-13 2.782439143900527905e-13 3.468944678510514768e-13 3.955181304789048448e-13 4.341260733980043918e-13 4.676687298306233387e-13 4.996352627125015797e-13 5.348792267088830457e-13 5.886993930172980740e-13
4.156120401337792813e-01 2.131913180970871256e-14 1.429867494263192932e-13 2.556774634899229721e-13 3.252670720883751996e-13 3.745363351500839777e-13 4.136291030564127350e-13 4.475508313479658935e-13 4.798144448350383082e-13 5.152539990708379108e-13 5.691049091427149967e-13
4.289866220735786273e-01 1.601080284129563150e-14 1.228954791032798899e-13 2.342491454743343203e-13 3.047534727794629540e-13 3.546612493465087772e-13 3.942347141505482087e-13 4.285320016389119571e-13 4.610923197509194725e-13 4.967345306961513207e-13 5.506375207854275872e-13
4.423612040133779733e-01 1.186878602790763801e-14 1.046432444602014900e-13 2.138679311075206071e-13 2.852535992091682596e-13 3.357932470243606592e-13 3.758411598440779542e-13 4.105127865843560745e-13 4.433704096347663597e-13 4.792200139337579101e-13 5.331952469143745571e-13
4.557357859531773192e-01 8.681947479089408645e-15 8.821370853624792675e-14 1.944641970307123435e-13 2.666771238602517315e-13 3.178430422925156638e-13 3.583613693318357150e-13 3.934046448588729460e-13 4.265604030254476040e-13 4.626224396443031648e-13 5.166879253447289403e-13
4.691103678929766096e-01 6.263610891886858914e-15 7.357577753238434970e-14 1.759849888554619540e-13 2.489455458859537818e-13 3.007320300557660516e-13 3.417175296741194243e-13 3.771303766101322493e-13 4.105845172422349671e-13 4.468635786002476462e-13 5.010357762862597317e-13
4.824849498327759556e-01 4.453954274835288747e-15 6.068003405401992643e-14 1.583992282265791275e-13 2.319881507847249985e-13 2.843914815294195912e-13 3.258395438495498964e-13 3.616205012849273526e-13 3.953727128958078530e-13 4.318740481111687877e-13 4.861677055482429966e-13
4.958595317725753016e-01 3.118617039694655925e-15 4.945495901885691554e-14 1.416941559165594018e-13 2.157407170621682104e-13 2.687580440226550064e-13 3.106666150054837700e-13 3.468134710998274580e-13 3.808638177504431953e-13 4.175917769956241749e-13 4.720200505042445058e-13
5.092341137123745920e-01 2.079310323409404176e-15 3.953868982807757002e-14 1.257780462083085353e-13 2.001434460712053787e-13 2.537767393880216131e-13 2.961420908922949367e-13 3.326535119892839873e-13 3.670031327225855000e-13 4.039603949681937979e-13 4.585365053514856474e-13
5.226086956521739380e-01 1.311312210878543345e-15 3.095426293356758013e-14 1.106526647318325354e-13 1.851400607451525545e-13 2.393968680616389943e-13 2.822169273520763841e-13 3.190914190267099060e-13 3.537399882415864105e-13 3.909303695980088044e-13 4.456661640441275586e-13
5.359832775919732839e-01 7.763709397535233290e-16 2.372026562192095675e-14 9.636822672977738289e-14 1.706823599185499878e-13 2.255727889779375053e-13 2.688461480101175360e-13 3.060825292931667255e-13 3.410300145752802577e-13 3.784570578126984172e-13 4.333629019327263240e-13
5.493578595317726299e-01 4.137762929729731594e-16 1.771964849287723859e-14 8.295015376254986354e-14 1.567241543872758598e-13 2.122628182870166590e-13 2.559888409786615555e-13 2.935868671609383572e-13 3.288330853760407463e-13 3.664995036455699620e-13 4.215856304994354532e-13
5.627324414715719758e-01 1.760716030744278300e-16 1.282393690303707548e-14 7.043117220580613595e-14 1.432218659008996827e-13 1.994284651356113055e-13 2.436094857946765590e-13 2.815663845031070869e-13 3.171126713578740615e-13 3.550209516198824540e-13 4.102969178341434114e-13
5.761070234113713218e-01 2.765825542029579867e-17 8.906754490937175238e-15 5.885039348186832075e-14 1.301400911549022206e-13 1.870327435902928811e-13 2.316741242236443648e-13 2.699894497774885962e-13 3.058355879277628574e-13 3.439879075000545716e-13 3.994627025830495710e-13
5.894816053511705567e-01 -5.865765410696869712e-17 5.838877559919611499e-15 4.824701151696032758e-14 1.174484106166265085e-13 1.750386887242435170e-13 2.201526908213980060e-13 2.588256703801822396e-13 2.949714246170269065e-13 3.333705521174331148e-13 3.890520734998608845e-13
6.028561872909699026e-01 -1.034338448970369225e-16 3.488620953715268330e-15 3.864468469149335214e-14 1.051242766570463480e-13 1.634107201953063132e-13 2.090170391747488576e-13 2.480474267495179604e-13 2.844927844842894959e-13 3.231412248341654583e-13 3.790368049540181505e-13
6.162307692307692486e-01 -1.210952463912601425e-16 1.738150093909197491e-15 3.006511460133102362e-14 9.315779751740501020e-14 1.521103867576697881e-13 1.982413953291857780e-13 2.376294519714169223e-13 2.743750932157474313e-13 3.132743705556680129e-13 3.693915161490620549e-13
6.296053511705685946e-01 -1.218547820554952946e-16 4.801345973731928129e-16 2.251924046473315851e-14 8.155456676013966785e-14 1.410968183461858193e-13 1.878018042462826986e-13 2.275491281757693979e-13 2.645948649085705291e-13 3.037474800957796718e-13 3.600921355721051869e-13
6.429799331103679405e-01 -1.127360249442015357e-16 -3.798325556185018416e-16 1.600874299338518845e-14 7.034127332350319661e-14 1.303273541755750378e-13 1.776752642821621421e-13 2.177854263189405807e-13 2.551311190518378056e-13 2.945384712998037764e-13 3.511176392869546540e-13
6.563545150501672865e-01 -9.895609566919148020e-17 -9.337921075634839254e-16 1.049507026482427760e-14 5.955202026879373706e-14 1.197549323342650439e-13 1.678379836897360877e-13 2.083186448433085460e-13 2.459648772679180330e-13 2.856287954194950619e-13 3.424479048996993143e-13
6.697290969899666324e-01 -8.359311439967333795e-17 -1.255292681917861911e-15 5.931062447412405412e-15 4.924002050597131070e-14 1.093325560855391605e-13 1.582655621710655803e-13 1.991310691126457111e-13 2.370784780787178366e-13 2.770000647061521535e-13 3.340644739064118970e-13
6.831036789297659784e-01 -6.863649898818293644e-17 -1.408650016712394882e-15 2.240986116842002110e-15 3.945926134448307160e-14 9.901068376105282237e-14 1.489305380062888184e-13 1.902062890772096763e-13 2.284543405553705497e-13 2.686363554739294166e-13 3.259510753397242025e-13
6.964782608695653243e-01 -5.502737785124306812e-17 -1.441149612036961357e-15 -6.452438331075596747e-16 3.028653849404644580e-14 8.874603196142727203e-14 1.398022952140291890e-13 1.815287218039600884e-13 2.200786531165660417e-13 2.605214512681821451e-13 3.180918426621299285e-13
7.098528428093645593e-01 -3.926227712978806911e-17 -1.230413607940046681e-15 -1.945419119631929065e-15 2.296474278774205645e-14 7.891744888891690334e-14 1.308761768724759713e-13 1.730837689896545144e-13 2.119370468299288453e-13 2.526419513615419001e-13 3.104724970082488470e-13
7.232274247491639052e-01 -2.674211959039844089e-17 -9.835663024805833733e-16 -2.480710340286088267e-15 1.700782950582265906e-14 6.951466125089491258e-14 1.221312946471406551e-13 1.648576870065301880e-13 2.040159725339961695e-13 2.449849726191732851e-13 3.030796574063708400e-13
7.366020066889632512e-01 -1.801048793636015128e-17 -7.731396028224204179e-16 -2.694468409945237345e-15 1.201851807826061756e-14 6.049157657598253311e-14 1.135415540813965860e-13 1.568370102322288737e-13 1.963042349470401528e-13 2.375377837432824579e-13 2.959011529097606178e-13
7.499765886287625971e-01 -1.199703766820928958e-17 -5.984127521239040480e-16 -2.683102762493838651e-15 7.948065042719173463e-15 5.192128416860128839e-14 1.050922668295973093e-13 1.490081191589262452e-13 1.887900254815958321e-13 2.302897117039420649e-13 2.889253922560189966e-13
7.633511705685619431e-01 -7.907587482115973374e-18 -4.564977765317604359e-16 -2.523500728277680332e-15 4.727904525126975193e-15 4.388222357864294339e-14 9.677483979708927384e-14 1.413580818504622343e-13 1.814631732475000166e-13 2.232300396365749534e-13 2.821417742463102370e-13
7.767257525083612890e-01 -5.157503114675145725e-18 -3.434563754866567487e-16 -2.276751089386568713e-15 2.267234611802332521e-15 3.644747216010972680e-14 8.859057737930058767e-14 1.338729796485769138e-13 1.743139800915304901e-13 2.163491651852834334e-13 2.755404035816588661e-13
7.901003344481606350e-01 -3.331711728817696678e-18 -2.551806923957351799e-16 -1.990047621918812741e-15 4.600146776802809468e-16 2.967621312613291363e-14 8.054926082600749640e-14 1.265390796551735988e-13 1.673333039643279782e-13 2.096380527658995505e-13 2.691118619567192102e-13
8.034749163879598699e-01 -2.132756415965094449e-18 -1.873443336574444655e-16 -1.694861838372316234e-15 -7.985740632647729741e-16 2.361502725469195728e-14 7.267329698594879766e-14 1.193424566874283738e-13 1.605124443583912262e-13 2.030876514033603288e-13 2.628477507948380722e-13
8.168494983277592159e-01 -1.353292992689679246e-18 -1.359902935585374317e-16 -1.412335342010329029e-15 -1.613691322502451934e-15 1.828834743265319120e-14 6.499517780238404295e-14 1.122688004959219763e-13 1.538433267686769695e-13 1.966907594350042714e-13 2.567398684497902857e-13
8.302240802675585618e-01 -8.517722626472802801e-19 -9.766350733843240247e-17 -1.154925291667823998e-15 -2.081678812443781583e-15 1.370073303761430468e-14 5.755777009471342386e-14 1.053052815045691728e-13 1.473178751407585162e-13 1.904397972570251196e-13 2.507806902389889905e-13
8.435986622073579078e-01 -5.319480855188689342e-19 -6.941767595270371750e-17 -9.287234765589869533e-16 -2.288448022943144883e-15 9.835348602526409308e-15 5.041185101329068863e-14 9.844115137836563083e-14 1.409288552220457117e-13 1.843276211346841546e-13 2.449631085018604530e-13
8.569732441471572537e-01 -3.297623700047090939e-19 -4.885865537144589533e-17 -7.357442236017250425e-16 -2.308710719643562141e-15 6.653888848200121493e-15 4.361141887909814895e-14 9.166764571195993287e-14 1.346682051924546560e-13 1.783479633857611483e-13 2.392804770280483849e-13
8.703478260869565997e-01 -2.030607029484513009e-19 -3.406968105430965428e-17 -5.749457584073169284e-16 -2.202476012184485392e-15 4.105410471406496889e-15 3.721251111880460662e-14 8.498131062422529231e-14 1.285284302091260425e-13 1.724944793116154690e-13 2.337266661126742644e-13
8.837224080267559456e-01 -1.241942930573656900e-19 -2.353764537464970516e-17 -4.435580101643430144e-16 -2.017732282501687901e-15 2.125654773649257203e-15 3.126772497565808263e-14 7.838350008491564212e-14 1.225017542937718847e-13 1.667615813180585945e-13 2.282956649510711240e-13
8.970969899665552916e-01 -7.548548008361235915e-20 -1.611902200235389039e-17 -3.381583541663709493e-16 -1.791665662332404306e-15 6.418524570813816109e-16 2.582074368416787648e-14 7.188241053731223451e-14 1.165802744141872735e-13 1.611438383391003911e-13 2.229820981219027524e-13
9.104715719063546375e-01 -4.712355530200334477e-20 -1.133423634156609642e-17 -2.651778296719414917e-16 -1.634290315102449287e-15 -6.827546392438762837e-16 2.061507394452788332e-14 6.540656814784689259e-14 1.107513384717894918e-13 1.556359603587739413e-13 2.177808244457980052e-13
9.238461538461538725e-01 -2.952184277203881567e-20 -7.979500141004849855e-18 -2.077361194850727527e-16 -1.470840418510275601e-15 -1.686543026254255151e-15 1.584310510587927746e-14 5.899196819373252094e-14 1.050048180147740752e-13 1.502331925003474746e-13 2.126867931112352098e-13
9.372207357859532184e-01 -1.842251030145133773e-20 -5.578843418187067070e-18 -1.611039738028641027e-16 -1.294578568324562074e-15 -2.361906634681325803e-15 1.159498196714983940e-14 5.267292935010035167e-14 9.932936770797277251e-14 1.449312876451389515e-13 2.076954260708828168e-13
9.505953177257525644e-01 -1.143705082797996085e-20 -3.868651786639778087e-18 -1.235571180017351157e-16 -1.116081596041166324e-15 -2.759483214831030173e-15 7.896949852671240688e-15 4.648289870984890935e-14 9.371303373292529219e-14 1.397252054406158984e-13 2.028024738905360710e-13
9.639698996655519103e-01 -7.064564950721889389e-21 -2.661558433937956291e-18 -9.377025436933731905e-17 -9.451388940517101210e-16 -2.938148095681616621e-15 4.747181543593066258e-15 4.045799054657852332e-14 8.814342525038164839e-14 1.346107196193265400e-13 1.980038359930194069e-13
9.773444816053512563e-01 -4.345131827400067705e-21 -1.817842743495958157e-18 -7.047156238730365547e-17 -7.878808016815346722e-16 -2.950389126041277033e-15 2.132205802956887683e-15 3.464122244143178770e-14 8.260803250686759442e-14 1.295835402963750249e-13 1.932956452060158742e-13
9.907190635451506022e-01 -2.660581190824907049e-21 -1.232625231892449507e-18 -5.246198256403574109e-17 -6.474969919772594665e-16 -2.842341828861534105e-15 2.411471539351369497e-17 2.907944776260327179e-14 7.709625586403402930e-14 1.246394801538384079e-13 1.886739834949164523e-13
1.004093645484949837e+00 -1.622344706129277422e-21 -8.300553240537425912e-19 -3.870401066825117682e-17 -5.252586915537851268e-16 -2.652691192102823820e-15 -1.614374674092691223e-15 2.382123885473765162e-14 7.159962382614395221e-14 1.197732526514610242e-13 1.841357913545088328e-13
1.017468227424749072e+00 -9.856151464164597865e-22 -5.553503940301657856e-19 -2.830932888486787763e-17 -4.210053131402159608e-16 -2.412909042957613252e-15 -2.828109492305586621e-15 1.891477161567939067e-14 6.611342207629588567e-14 1.149804142093370467e-13 1.796773773729928576e-13
1.030842809364548529e+00 -5.965317830192342096e-22 -3.692032591492515635e-19 -2.053513966402220833e-17 -3.337026033101227811e-16 -2.148393946275471597e-15 -3.670421572140050958e-15 1.440118037550396870e-14 6.063756298556266947e-14 1.102549606276247795e-13 1.752958171403273840e-13
1.044217391304347764e+00 -3.599097564228565107e-22 -2.440334293948007315e-19 -1.478066203919120172e-17 -2.617904288819630994e-16 -1.878140956757613662e-15 -4.195777270287588129e-15 1.031586339923328926e-14 5.517721154810925505e-14 1.055906040770238863e-13 1.709881047786865175e-13
1.057591973244147221e+00 -2.164893146802296043e-22 -1.603993914269232493e-19 -1.055930568908620586e-17 -2.033794464364535509e-16 -1.615538622926482926e-15 -4.458587756590200158e-15 6.685000304843238651e-15 4.974452861167349742e-14 1.009802713976785126e-13 1.667513966608148685e-13
1.070966555183946456e+00 -1.298188481106944387e-22 -1.048477533478696303e-19 -7.488495823558747984e-18 -1.565352292005190514e-16 -1.369623952574095571e-15 -4.511436787039504799e-15 3.523585151117900129e-15 4.435834545971244234e-14 9.641572303184063593e-14 1.625831640866508656e-13
1.084341137123745691e+00 -7.767064587972390767e-23 -6.820701205937743554e-20 -5.275194204412646931e-18 -1.194423954603092493e-16 -1.146074957663961385e-15 -4.403199999536090859e-15 8.352258979547920328e-16 3.904425737274244536e-14 9.188811056795089713e-14 1.584806458693072752e-13
1.097715719063545148e+00 -4.634945191815011351e-23 -4.415183285478117061e-20 -3.691161396118740348e-18 -9.037267946826446150e-17 -9.474694037714581013e-16 -4.177285313711029422e-15 -1.388241713372978268e-15 3.383451792676907045e-14 8.738756270279248625e-14 1.544414947215408963e-13
1.111090301003344383e+00 -2.760493515669025715e-23 -2.845894747300258629e-20 -2.567289729556322013e-18 -6.785756764258747280e-17 -7.748941970428922695e-16 -3.873559272683532738e-15 -3.170958866230343721e-15 2.876271311906174714e-14 8.290379925918198872e-14 1.504633632546860063e-13
1.124464882943143840e+00 -1.644428805129702087e-23 -1.830475397990870637e-20 -1.778648042576082595e-18 -5.067419536187799844e-17 -6.286212369965096465e-16 -3.530566653187715831e-15 -4.562040416513491372e-15 2.385224671149801373e-14 7.842437059236040344e-14 1.465440839784650277e-13
1.137839464882943075e+00 -9.774722796403385496e-24 -1.172255504613946268e-20 -1.224841515395356256e-18 -3.755789268341325821e-17 -5.048965787040357422e-16 -3.161873751050766233e-15 -5.570088609995124848e-15 1.916161247636708463e-14 7.393996247526417659e-14 1.426814829238860255e-13
1.151214046822742532e+00 -5.812112893546081322e-24 -7.493174842936790635e-21 -8.404426336507110510e-19 -2.769622461903530822e-17 -4.026259820245451807e-16 -2.794684932002423405e-15 -6.259711276191449633e-15 1.470956079074957543e-14 6.943832914081583340e-14 1.388732619624235121e-13
1.164588628762541767e+00 -3.517732584115795054e-24 -4.865928430355020125e-21 -5.850327578604335295e-19 -2.069937621806763840e-17 -3.250311106680215405e-16 -2.492686444790123686e-15 -6.871552736017380208e-15 1.029245080530196421e-14 6.487097517205599095e-14 1.351174075546823604e-13
1.177963210702341001e+00 -2.125267395444304365e-24 -3.147647504110113564e-21 -4.049806182635543517e-19 -1.536120370335469518e-17 -2.600176920639233163e-16 -2.192141326197736109e-15 -7.204294869389480109e-15 6.169558079005587543e-15 6.025010524938908130e-14 1.314116366669444095e-13
1.191337792642140458e+00 -1.282725850409698761e-24 -2.029740785561404189e-21 -2.789647838523130963e-19 -1.132611131996167133e-17 -2.062723335846969790e-16 -1.903555694481694816e-15 -7.300385393895074408e-15 2.379064101594625226e-15 5.556606482779038820e-14 1.277536531769170434e-13
1.204712374581939693e+00 -7.731275479295060766e-25 -1.304463936523851614e-21 -1.911998652303365239e-19 -8.297373814557292256e-18 -1.623145502779226122e-16 -1.633732322665727843e-15 -7.201588246431800549e-15 -1.045946932671385678e-15 5.081333197510759483e-14 1.241408500861359874e-13
1.218086956521739150e+00 -4.653754768144194466e-25 -8.356284346571212020e-22 -1.304091482664673050e-19 -6.040466185002262017e-18 -1.267242635198714138e-16 -1.386840177733710138e-15 -6.947122394745859319e-15 -4.076770128291330587e-15 4.599157096240178113e-14 1.205701277432754419e-13
1.231461538461538385e+00 -2.799218415663686914e-25 -5.338491041938164561e-22 -8.855863054336050544e-20 -4.371965651913508520e-18 -9.821477952390580330e-17 -1.165415913139828770e-15 -6.575696846217392746e-15 -6.696290746697109259e-15 4.110451031761895132e-14 1.170381494544509261e-13
1.244836120401337842e+00 -1.681798849326762228e-25 -3.400500168853319774e-22 -5.986943861608795512e-20 -3.145974588127374337e-18 -7.557361742592882339e-17 -9.699987845890107715e-16 -6.121503478753782726e-15 -8.896036180044331606e-15 3.616264962491123983e-14 1.135406050936107029e-13
1.258210702341137077e+00 -1.009701418385787003e-25 -2.160439008700608303e-22 -4.030615899195239567e-20 -2.251277652977737451e-18 -5.775194876917929992e-17 -8.000359939027176644e-16 -5.614200715000259796e-15 -1.067459059041839335e-14 3.118319235305496852e-14 1.100725511756382835e-13
1.271585284280936534e+00 -6.057696088144122253e-26 -1.369216775586337867e-22 -2.702746765968224408e-20 -1.602464708200374933e-18 -4.384129183846628860e-17 -6.542002219961993272e-16 -5.079927742953588419e-15 -1.204300504490216639e-14 2.618896092876026337e-14 1.066277002049567853e-13
1.284959866220735769e+00 -3.631157488864149328e-26 -8.655385257387486251e-23 -1.805074053281507605e-20 -1.134618044648790557e-18 -3.306532734939169639e-17 -5.305370783055099845e-16 -4.539734524771009540e-15 -1.302020195655753021e-14 2.120901601627489702e-14 1.031988558352981578e-13
1.298334448160535004e+00 -2.175959815043905071e-26 -5.460394315225378589e-23 -1.201294768643867201e-20 -7.994457448460469608e-19 -2.478495509007126365e-17 -4.268782182683503954e-16 -4.010408674286393923e-15 -1.363141461501086845e-14 1.627908297316489152e-14 9.977731001630407326e-14
1.311709030100334461e+00 -1.303548380102017354e-26 -3.438150985351878958e-23 -7.968201614496027880e-21 -5.607145352277172082e-19 -1.847189244964357806e-17 -3.409898347634625969e-16 -3.506107004944692013e-15 -1.391732406040682776e-14 1.143149538084658553e-14 9.635287817045903365e-14
1.325083612040133696e+00 -7.804063058922704236e-27 -2.160255171538698604e-23 -5.266832831239526603e-21 -3.914097282437631021e-19 -1.368576748174919113e-17 -2.703884603867109782e-16 -3.034150350885968643e-15 -1.390868837756415402e-14 6.713865664366923707e-15 9.291435907965481611e-14
1.338458193979933153e+00 -4.670738063029906033e-27 -1.354840131019135183e-23 -3.469991038725424192e-21 -2.719898625980080773e-19 -1.008187043094981091e-17 -2.128815069879962338e-16 -2.600276670130359195e-15 -1.364449168073368153e-14 2.174043435119275665e-15 8.944933431718418937e-14
1.351832775919732388e+00 -2.794575838722670356e-27 -8.478488499578026411e-24 -2.278182886586013102e-21 -1.881212756587185186e-19 -7.384124197284806008e-18 -1.664258824155243136e-16 -2.207673174456562457e-15 -1.316730306074792715e-14 -2.141519762689664428e-15 8.594482208837190997e-14
1.365207357859531845e+00 -1.671195092349370253e-27 -5.295956547452028162e-24 -1.490963122939904586e-21 -1.295413419337629889e-19 -5.378341527269398347e-18 -1.292242978227115803e-16 -1.857621307931322480e-15 -1.251936448201379066e-14 -6.185881187203021904e-15 8.238758198555809895e-14
1.378581939799331080e+00 -9.993687725711785339e-28 -3.301885236523166642e-24 -9.726929959082736804e-22 -8.881545989673718222e-20 -3.896040918016807597e-18 -9.967094497099382157e-17 -1.549607445734329728e-15 -1.174206154880985843e-14 -9.915226359268263528e-15 7.876499267753583903e-14
1.391956521739130537e+00 -5.957417927102938786e-28 -2.054320809681216922e-24 -6.324748096831458042e-22 -6.062235447164943567e-20 -2.806741397974439379e-18 -7.636706419327661642e-17 -1.281798210698433947e-15 -1.087385127197051730e-14 -1.328937840197822264e-14 7.506580529656337810e-14
1.405331103678929772e+00 -3.560111893893172952e-28 -1.274755659500298589e-24 -4.096449915519203452e-22 -4.116709961307632110e-20 -2.009379462504167620e-18 -5.807772765573042562e-17 -1.050545442066703075e-15 -9.938657431238909336e-15 -1.624167454272171870e-14 7.128479144015034641e-14
1.418705685618729007e+00 -2.114739695870086421e-28 -7.883153292508381611e-25 -2.641034905537838455e-22 -2.779613518800574185e-20 -1.428830117328885816e-18 -4.382269632675720546e-17 -8.529076245773696658e-16 -8.967743543252917845e-15 -1.873099806339455330e-14 6.742084330948406547e-14
1.432080267558528464e+00 -1.268259094263458988e-28 -4.867737785527601306e-25 -1.698209970076329373e-22 -1.869783274341943896e-20 -1.011160944395523656e-18 -3.287388829540970292e-17 -6.873985614815782541e-16 -8.008758122748334539e-15 -2.079485975865171492e-14 6.346633886254282013e-14
1.445454849498327698e+00 -7.411201212865580499e-29 -3.003253970468324872e-25 -1.089762769760884140e-22 -1.253804566873794058e-20 -7.125630304528678596e-19 -2.452986875978822636e-17 -5.502700229907896758e-16 -7.084471837213667735e-15 -2.243525773000541202e-14 5.942130978525688232e-14
1.458829431438127155e+00 -4.406601610872851950e-29 -1.851059957347199624e-25 -6.978538577632421320e-23 -8.381207482301733506e-21 -5.000702279970015200e-19 -1.821002560326098042e-17 -4.376658155915868934e-16 -6.211176917669971370e-15 -2.366284032369291674e-14 5.528965253867667612e-14
1.472204013377926390e+00 -2.627576300083506282e-29 -1.140471526418492745e-25 -4.462224560652339444e-23 -5.588206831742784470e-21 -3.496869792296142811e-19 -1.345611829751507327e-17 -3.460480577824782979e-16 -5.400691899657663019e-15 -2.449665849558485776e-14 5.107785910869898913e-14
1.485578595317725847e+00 -1.572714157891708470e-29 -7.025583845788814551e-26 -2.849738182390533564e-23 -3.717497875927501745e-21 -2.437249435213800167e-19 -9.900635516331694798e-18 -2.720957623555113467e-16 -4.659805949998406719e-15 -2.496152564266218936e-14 4.679590005587813530e-14
1.498953177257525082e+00 -9.517241113780508111e-30 -4.327118173846819689e-26 -1.817745873581417405e-23 -2.467594149207616700e-21 -1.693350031045429225e-19 -7.254656423806486703e-18 -2.128194302922124490e-16 -3.991318474533704929e-15 -2.508664365534503146e-14 4.245677874372840182e-14
1.512327759197324317e+00 -5.577289109588009510e-30 -2.676040425830254169e-26 -1.162977017408245253e-23 -1.641185271766047840e-21 -1.177644777495587731e-19 -5.315638242168290487e-18 -1.662552020028306595e-16 -3.408097697279495945e-15 -2.500874647960652309e-14 3.802332165756446142e-14
1.525702341137123774e+00 -3.300631127704656916e-30 -1.655480586440437195e-26 -7.436058167775749557e-24 -1.089823426973231777e-21 -8.169267445940672286e-20 -3.881348932764161181e-18 -1.292839184388768206e-16 -2.891471242374357926e-15 -2.465497510400938065e-14 3.355033737199047323e-14
1.539076923076923009e+00 -2.144869528214122110e-30 -1.023995892344276095e-26 -4.749819444511882461e-24 -7.222765895425778820e-22 -5.650536073972784289e-20 -2.823162740221353223e-18 -1.000378762950704287e-16 -2.436763248238875509e-15 -2.404385441000365992e-14 2.906671082016639758e-14
1.552451505016722466e+00 -1.240751239761621140e-30 -6.339114017715355783e-27 -3.032990771362438568e-24 -4.780636421894792277e-22 -3.899468799332230317e-20 -2.046774544499343883e-18 -7.706898228149731168e-17 -2.041046789517116241e-15 -2.321933034144467106e-14 2.459032638182830232e-14
1.565826086956521701e+00 -8.237088453755946599e-31 -3.930753964559374765e-27 -1.937804253938547547e-24 -3.163166649749702769e-22 -2.687716700145612040e-20 -1.480716825190662034e-18 -5.918609671170929963e-17 -1.701523742051473414e-15 -2.224679138978538733e-14 2.011621941706006630e-14
1.579200668896321158e+00 -5.551097352478695039e-31 -2.435761196124929275e-27 -1.236715554762648066e-24 -2.088711371769218504e-22 -1.847038627391336927e-20 -1.067030191717837018e-18 -4.522755734208391302e-17 -1.409224864676530309e-15 -2.111079511515691774e-14 1.571055759584749997e-14
1.592575250836120393e+00 -2.795399551303856262e-31 -1.509772717278391804e-27 -7.882865925439110006e-25 -1.376252425630437887e-22 -1.265418848556177949e-20 -7.658469536647395768e-19 -3.438732208031446535e-17 -1.159516427039156342e-15 -1.984557083467069021e-14 1.140654038903270831e-14
1.605949832775919628e+00 -2.807584748918492421e-31 -9.325382000332066953e-28 -5.010164026007582414e-25 -9.034434190426179352e-23 -8.629752613637589084e-21 -5.466718363811763973e-19 -2.597684642881383744e-17 -9.465551903050192028e-16 -1.846040741837986923e-14 7.274440319017766283e-15
1.619324414715719085e+00 0.000000000000000000e+00 -5.758672425655258372e-28 -3.175715905928474775e-25 -5.909359602841359835e-23 -5.858694421610679178e-21 -3.880959265030171886e-19 -1.949625973381696152e-17 -7.665824632563964930e-16 -1.699199381878764970e-14 3.359663677569454840e-15
1.632698996655518320e+00 0.000000000000000000e+00 -3.551736756263047649e-28 -2.010016317671286433e-25 -3.856463522640346897e-23 -3.965009528016158797e-21 -2.744176767722546874e-19 -1.456001063219976165e-17 -6.169365453893854438e-16 -1.550665982983374465e-14 -3.575406917354599342e-16
1.646073578595317777e+00 0.000000000000000000e+00 -2.193384963688673467e-28 -1.270653690621735199e-25 -2.511652767685869915e-23 -2.675747586065480247e-21 -1.933148298267650807e-19 -1.082284002701901874e-17 -4.935492827026864048e-16 -1.403610938332862790e-14 -3.863026634919269350e-15
1.659448160535117012e+00 0.000000000000000000e+00 -1.338569492445951673e-28 -7.973361596048957190e-26 -1.622357585263967802e-23 -1.789302196652408983e-21 -1.348212057700707632e-19 -7.956546230368464662e-18 -3.899738308740117888e-16 -1.251887855462814899e-14 -6.902886580593789272e-15
1.672822742474916469e+00 0.000000000000000000e+00 -8.273500342645108781e-29 -4.984070836189247342e-26 -1.043119312497662612e-23 -1.190078501567548044e-21 -9.344180364264158695e-20 -5.807673766556693206e-18 -3.055680106722375991e-16 -1.104997806964322355e-14 -9.590604298995414131e-15
1.686197324414715704e+00 0.000000000000000000e+00 -4.904966961730742184e-29 -3.113914668626569150e-26 -6.697728165329012420e-24 -7.898043035708528435e-22 -6.456591991505060094e-20 -4.222345462355433182e-18 -2.381925736015710985e-16 -9.683945891319610329e-15 -1.202718298966036006e-14
1.699571906354515161e+00 0.000000000000000000e+00 -3.006300066309559927e-29 -1.944499750168636469e-26 -4.295323163149855776e-24 -5.231080189422688827e-22 -4.448635070925307528e-20 -3.058211890955307507e-18 -1.847558355286976642e-16 -8.428725073096565506e-15 -1.421919649103115109e-14
1.712946488294314396e+00 0.000000000000000000e+00 -1.828082657493630184e-29 -1.214708078648225977e-26 -2.753827680429890885e-24 -3.461051063551223549e-22 -3.059483414699780006e-20 -2.209031675874826652e-18 -1.427603272602078964e-16 -7.295056684129249479e-15 -1.621420115752333535e-14
1.726321070234113630e+00 0.000000000000000000e+00 -1.120348285651666310e-29 -7.588295797950960771e-27 -1.764164931548321942e-24 -2.286347153400878627e-22 -2.099030317527336600e-20 -1.590312519910906051e-18 -1.098134446943207745e-16 -6.273622129927054802e-15 -1.798403883648201924e-14
1.739695652173913087e+00 0.000000000000000000e+00 -6.889938382080989149e-30 -4.738849835886409226e-27 -1.128953053062717765e-24 -1.507615827360902141e-22 -1.436353042848516366e-20 -1.140932052241831782e-18 -8.408708532711969674e-17 -5.361262057671222156e-15 -1.953735053246620968e-14
1.753070234113712322e+00 0.000000000000000000e+00 -4.202362180835951840e-30 -2.958769352395575517e-27 -7.216924497032629676e-25 -9.923457616660392535e-23 -9.803668857108620182e-21 -8.157360512949827612e-19 -6.409899915416805706e-17 -4.553126924121196777e-15 -2.088265177566509958e-14
1.766444816053511779e+00 0.000000000000000000e+00 -2.571239848785778819e-30 -1.846518254043458565e-27 -4.610381195485723284e-25 -6.522582858496918305e-23 -6.676495897846850867e-21 -5.814111436864036592e-19 -4.865597093134516202e-17 -3.843665768337047655e-15 -2.203375283653282204e-14
1.779819397993311014e+00 0.000000000000000000e+00 -1.679310490091131754e-30 -1.152061483912170096e-27 -2.942331988787139959e-25 -4.280039251528250007e-23 -4.535822848403667310e-21 -4.130535909006396274e-19 -3.677629188931477982e-17 -3.225605643037709645e-15 -2.300369160522526099e-14
1.793193979933110471e+00 0.000000000000000000e+00 -9.398681187358602957e-31 -7.180865710174398024e-28 -1.876346292247807252e-25 -2.804346243781073508e-23 -3.074583158686500487e-21 -2.925376101405506934e-19 -2.768195350179078965e-17 -2.691193837759460250e-15 -2.380240062287623447e-14
1.806568561872909706e+00 0.000000000000000000e+00 -6.914482315558023083e-31 -4.479164038948327161e-28 -1.195440511122789105e-25 -1.834480738731665946e-23 -2.079153894833993927e-21 -2.065198874127461981e-19 -2.074829554745340454e-17 -2.232132465912687410e-15 -2.443580706983264188e-14
1.819943143812709163e+00 0.000000000000000000e+00 -4.507425471492548891e-31 -2.785456776921095252e-28 -7.607949275729852642e-26 -1.197949165572237693e-23 -1.402559096522343296e-21 -1.453216086756959484e-19 -1.548576781275679048e-17 -1.840688482772006158e-15 -2.491781885634261769e-14
1.833317725752508398e+00 0.000000000000000000e+00 -2.210292250061920118e-31 -1.746842488526370855e-28 -4.839649229051125116e-26 -7.814174627672149268e-24 -9.443846113575767929e-22 -1.019821723799864674e-19 -1.151489371637184707e-17 -1.509767553262246044e-15 -2.526993031908658027e-14
1.846692307692307633e+00 0.000000000000000000e+00 -2.159936639993988171e-31 -1.090920101713776038e-28 -3.076907898521116024e-26 -5.090966555048238477e-24 -6.346664569758436918e-22 -7.137484053154047116e-20 -8.530930857221958645e-18 -1.231933832575317464e-15 -2.550869332796211684e-14
1.860066889632107090e+00 0.000000000000000000e+00 0.000000000000000000e+00 -6.769390445205645445e-29 -1.955279889900921294e-26 -3.313102508316994207e-24 -4.257556746812379903e-22 -4.982482994062419526e-20 -6.297957209773188681e-18 -1.000183899971834611e-15 -2.564673191016419329e-14
1.873441471571906325e+00 0.000000000000000000e+00 0.000000000000000000e+00 -4.283314218000137291e-29 -1.242265545778312854e-26 -2.154391075041558703e-24 -2.851808963778631993e-22 -3.470073144620652463e-20 -4.634085424851932278e-18 -8.080931755485077104e-16 -2.569402373143781444e-14
1.886816053511705782e+00 0.000000000000000000e+00 0.000000000000000000e+00 -2.558157742576805697e-29 -7.890782157240699414e-27 -1.399543623955573290e-24 -1.907074529709110677e-22 -2.410981703793714179e-20 -3.398555472895111313e-18 -6.498113994328129993e-16 -2.566358577138646184e-14
1.900190635451505017e+00 0.000000000000000000e+00 0.000000000000000000e+00 -1.606873163454218718e-29 -5.011051458403128298e-27 -9.085638870531374594e-25 -1.273588227493496900e-22 -1.671585793229377612e-20 -2.484819218645051136e-18 -5.201729163307039192e-16 -2.556548787979910868e-14
1.913565217391304474e+00 0.000000000000000000e+00 0.000000000000000000e+00 -1.004509629286163107e-29 -3.184269477340749845e-27 -5.898033427209448118e-25 -8.499382409682715746e-23 -1.157259414209252128e-20 -1.812420024521651049e-18 -4.148087402629547621e-16 -2.542731055137848878e-14
1.926939799331103709e+00 0.000000000000000000e+00 0.000000000000000000e+00 -6.311002891386861776e-30 -2.023604077087979150e-27 -3.825802676143296148e-25 -5.664206567216991512e-23 -7.994922543136972069e-21 -1.318020455819779564e-18 -3.293479866732412651e-16 -2.523547194072051348e-14
1.940314381270902944e+00 0.000000000000000000e+00 0.000000000000000000e+00 -3.913207208768218281e-30 -1.285329609530345810e-27 -2.480660906224412575e-25 -3.770814602506786949e-23 -5.513306893239005177e-21 -9.558584692388270766e-19 -2.604038756043384938e-16 -2.499537678467156811e-14
1.953688963210702401e+00 0.000000000000000000e+00 0.000000000000000000e+00 -2.459634041623632238e-30 -8.165849548739732265e-28 -1.607360859760370066e-25 -2.507061968712042524e-23 -3.794340605641662574e-21 -6.912140318402144869e-19 -2.050242477849214236e-16 -2.471049599218613575e-14
1.967063545150501636e+00 0.000000000000000000e+00 0.000000000000000000e+00 -1.537057300481340145e-30 -5.191293697041063310e-28 -1.040838384057942121e-25 -1.664803626735342513e-23 -2.606304965684307877e-21 -4.984504688671986593e-19 -1.607607342372319649e-16 -2.438658460685168010e-14
1.980438127090301093e+00 0.000000000000000000e+00 0.000000000000000000e+00 -9.956750295316514511e-31 -3.294227729265572793e-28 -6.737801537962717625e-26 -1.104459963119073701e-23 -1.787258618517769663e-21 -3.585197497130864128e-19 -1.255567809391890999e-16 -2.402732153805091938e-14
1.993812709030100327e+00 0.000000000000000000e+00 0.000000000000000000e+00 -6.461415073916877410e-31 -2.088262252215018547e-28 -4.358648988961950005e-26 -7.317816011003139278e-24 -1.223217829920913161e-21 -2.571570935112803755e-19 -9.766642633437744495e-17 -2.363456097518176877e-14
2.007187290969899784e+00 0.000000000000000000e+00 0.000000000000000000e+00 -3.134109688934160611e-31 -1.326790814196924268e-28 -2.816330605314789993e-26 -4.840418153906882124e-24 -8.352023882794804238e-22 -1.838585264464378214e-19 -7.562841608259280494e-17 -2.319409387228472091e-14
2.020561872909699019e+00 0.000000000000000000e+00 0.000000000000000000e+00 -3.037173212600349705e-31 -8.465285661155327439e-29 -1.818032135714195808e-26 -3.196829324362304493e-24 -5.690114545056568738e-22 -1.310518515134381544e-19 -5.830977413792451575e-17 -2.271349100129954543e-14
2.033936454849498254e+00 0.000000000000000000e+00 0.000000000000000000e+00 -1.472836056869374338e-31 -5.382644853585154356e-29 -1.172988054246817183e-26 -2.109013393786951175e-24 -3.869867718115747819e-22 -9.317550831257230071e-20 -4.478894867975007002e-17 -2.221224509478243342e-14
2.047311036789297489e+00 0.000000000000000000e+00 0.000000000000000000e+00 -1.425275412964750560e-31 -3.377959749428659603e-29 -7.567673880250250511e-27 -1.390470729066268558e-24 -2.628463085887203348e-22 -6.610334157392189287e-20 -3.428526321977850173e-17 -2.169534193777096078e-14
2.060685618729097168e+00 0.000000000000000000e+00 0.000000000000000000e+00 0.000000000000000000e+00 -2.192644411298216492e-29 -4.880865452813505028e-27 -9.159869952508495372e-25 -1.782707108103005652e-22 -4.679229458972838535e-20 -2.615495771263943052e-17 -2.116528734605169211e-14
2.074060200668896403e+00 0.000000000000000000e+00 0.000000000000000000e+00 0.000000000000000000e+00 -1.312412411647565299e-29 -3.148190498758158013e-27 -6.029536127087891806e-25 -1.207416354386671209e-22 -3.305110859030027294e-20 -1.988610020213604285e-17 -2.062397280544022385e-14
2.087434782608695638e+00 0.000000000000000000e+00 0.000000000000000000e+00 0.000000000000000000e+00 -8.359664666095140637e-30 -2.030148115404871253e-27 -3.967454712184048654e-25 -8.169375210645368988e-23 -2.330228780116860571e-20 -1.507339845020653595e-17 -2.007449650518003437e-14
2.100809364548494873e+00 0.000000000000000000e+00 0.000000000000000000e+00 0.000000000000000000e+00 -5.354011520221611726e-30 -1.309154470673096847e-27 -2.609001833555137809e-25 -5.520770849462915092e-23 -1.639703709242764882e-20 -1.139031208501147420e-17 -1.951891408645156790e-14
2.114183946488294552e+00 0.000000000000000000e+00 0.000000000000000000e+00 0.000000000000000000e+00 -3.350710702016540848e-30 -8.445242036690750729e-28 -1.715726270737991855e-25 -3.728711490872551911e-23 -1.152248484576205811e-20 -8.585556920010344862e-18 -1.896652192919130402e-14
2.127558528428093787e+00 0.000000000000000000e+00 0.000000000000000000e+00 0.000000000000000000e+00 -2.133220872686957301e-30 -5.446024994131254551e-28 -1.127934975648792233e-25 -2.516053626420791195e-23 -8.083479953135866866e-21 -6.453156468250509576e-18 -1.840866508404605290e-14
2.140933110367893022e+00 0.000000000000000000e+00 0.000000000000000000e+00 0.000000000000000000e+00 -1.346358077448876310e-30 -3.520274098590437655e-28 -7.411396242059656792e-26 -1.695982348983272679e-23 -5.660814853205595905e-21 -4.836505842499293219e-18 -1.784532357660859584e-14
2.154307692307692257e+00 0.000000000000000000e+00 0.000000000000000000e+00 0.000000000000000000e+00 -8.614605998056969550e-31 -2.266766238900877799e-28 -4.869150870630552095e-26 -1.142342005406009810e-23 -3.958247956293024321e-21 -3.615213585835741114e-18 -1.727641967141733935e-14
2.167682274247491492e+00 0.000000000000000000e+00 0.000000000000000000e+00 0.000000000000000000e+00 -5.186924806198938965e-31 -1.463731580928631179e-28 -3.197752639178159684e-26 -7.687339872259047740e-24 -2.763273501450239368e-21 -2.695038405191552513e-18 -1.670247083903051288e-14
2.181056856187291171e+00 0.000000000000000000e+00 0.000000000000000000e+00 0.000000000000000000e+00 -3.942299415927505156e-31 -9.427217881261775539e-29 -2.099348464417987164e-26 -5.168534149798128539e-24 -1.925985193348112301e-21 -2.003749119494581797e-18 -1.612341961270235315e-14
2.194431438127090406e+00 0.000000000000000000e+00 0.000000000000000000e+00 0.000000000000000000e+00 -1.930896005960287978e-31 -6.096127844780954189e-29 -1.378124965589244010e-26 -3.472840216158931425e-24 -1.340575390905652417e-21 -1.486098756342670253e-18 -1.553926399130851283e-14
2.207806020066889641e+00 0.000000000000000000e+00 0.000000000000000000e+00 0.000000000000000000e+00 -1.859648424171665043e-31 -3.958586623808913932e-29 -9.043417552922908983e-27 -2.331490338240594417e-24 -9.316870684617126435e-22 -1.099383789962379723e-18 -1.495093989096412839e-14
2.221180602006688876e+00 0.000000000000000000e+00 0.000000000000000000e+00 0.000000000000000000e+00 -8.941302201666491195e-32 -2.560321834980769618e-29 -5.934959733363857118e-27 -1.564433165185883302e-24 -6.467331159535332663e-22 -8.114669837839883263e-19 -1.436087054596908573e-14
2.234555183946488555e+00 0.000000000000000000e+00 0.000000000000000000e+00 0.000000000000000000e+00 -8.624783413407016252e-32 -1.627164120311090481e-29 -3.895418172474589294e-27 -1.049308279711250399e-24 -4.484433013294453558e-22 -5.976784085411082199e-19 -1.377020919366029362e-14
2.247929765886287790e+00 0.000000000000000000e+00 0.000000000000000000e+00 0.000000000000000000e+00 0.000000000000000000e+00 -1.086010414279222122e-29 -2.556209337237264827e-27 -7.034120140525756648e-25 -3.105790043779196038e-22 -4.392583630190184691e-19 -1.317934458920898083e-14
2.261304347826087024e+00 0.000000000000000000e+00 0.000000000000000000e+00 0.000000000000000000e+00 0.000000000000000000e+00 -7.253393417888303893e-30 -1.677677161787329869e-27 -4.714300128208062385e-25 -2.149036697000470739e-22 -3.222017768028971366e-19 -1.258889389890859065e-14
2.274678929765886259e+00 0.000000000000000000e+00 0.000000000000000000e+00 0.000000000000000000e+00 0.000000000000000000e+00 -4.236140760227368140e-30 -1.101802180055889551e-27 -3.158252642497705793e-25 -1.485469292717656818e-22 -2.358637907899232883e-19 -1.199959885276471351e-14
2.288053511705685494e+00 0.000000000000000000e+00 0.000000000000000000e+00 0.000000000000000000e+00 0.000000000000000000e+00 -2.720826497536006280e-30 -7.235460428743103980e-28 -2.114984282328155707e-25 -1.025757108242358773e-22 -1.723217910063723951e-19 -1.141241216874134561e-14
2.301428093645485173e+00 0.000000000000000000e+00 0.000000000000000000e+00 0.000000000000000000e+00 0.000000000000000000e+00 -1.769632985792640264e-30 -4.750797790397646099e-28 -1.416199627524943764e-25 -7.077829928461863878e-23 -1.256774921190356524e-19 -1.082850347892510691e-14
2.314802675585284408e+00 0.000000000000000000e+00 0.000000000000000000e+00 0.000000000000000000e+00 0.000000000000000000e+00 -1.156249750085152924e-30 -3.120983227632545684e-28 -9.479370936619861344e-26 -4.879071959323005197e-23 -9.148641812892708617e-20 -1.024912863613419305e-14
2.328177257525083643e+00 0.000000000000000000e+00 0.000000000000000000e+00 0.000000000000000000e+00 0.000000000000000000e+00 -7.734605044010243979e-31 -2.049170173120076868e-28 -6.343967895181690037e-26 -3.360747687858149512e-23 -6.648231529603062826e-20 -9.675752375372315389e-15
2.341551839464882878e+00 0.000000000000000000e+00 0.000000000000000000e+00 0.000000000000000000e+00 0.000000000000000000e+00 -5.029272231532025538e-31 -1.347507887597080474e-28 -4.245145908097045688e-26 -2.313249692767960484e-23 -4.823203437836181191e-20 -9.109935072908695007e-15
2.354926421404682113e+00 0.000000000000000000e+00 0.000000000000000000e+00 0.000000000000000000e+00 0.000000000000000000e+00 -3.017076349889483313e-31 -8.869974591844517617e-29 -2.839927381977454869e-26 -1.590904740527272085e-23 -3.493139093618677268e-20 -8.553290142649198217e-15
2.368301003344481792e+00 0.000000000000000000e+00 0.000000000000000000e+00 0.000000000000000000e+00 0.000000000000000000e+00 -2.143098569067863144e-31 -5.840003713840148549e-29 -1.899908476964060625e-26 -1.093516058645274469e-23 -2.526090665501209926e-20 -8.007549540138429123e-15
2.381675585284281027e+00 0.000000000000000000e+00 0.000000000000000000e+00 0.000000000000000000e+00 0.000000000000000000e+00 -1.114010089546178134e-31 -3.840730622189767932e-29 -1.270891115962989811e-26 -7.511075793286008538e-24 -1.823883773663421132e-20 -7.474375179317859216e-15
2.395050167224080262e+00 0.000000000000000000e+00 0.000000000000000000e+00 0.000000000000000000e+00 0.000000000000000000e+00 -1.069210959077805928e-31 -2.520593723743456265e-29 -8.499799940235528333e-27 -5.155631437185567253e-24 -1.314844984296211352e-20 -6.955429053277352285e-15
2.408424749163879497e+00 0.000000000000000000e+00 0.000000000000000000e+00 0.000000000000000000e+00 0.000000000000000000e+00 -5.126012861313726866e-32 -1.672156988889807538e-29 -5.685764806981780108e-27 -3.537365005324670592e-24 -9.466243374452965323e-21 -6.452356204148101697e-15
2.421799331103679176e+00 0.000000000000000000e+00 0.000000000000000000e+00 0.000000000000000000e+00 0.000000000000000000e+00 -4.924296092643460277e-32 -1.100328456765643208e-29 -3.802930154833455591e-27 -2.425463784961009363e-24 -6.805160592912596182e-21 -5.966598377652931197e-15
2.435173913043478411e+00 0.000000000000000000e+00 0.000000000000000000e+00 0.000000000000000000e+00 0.000000000000000000e+00 -4.723167075563819866e-32 -7.080628315058952274e-30 -2.543767970660618184e-27 -1.662279552369197918e-24 -4.885671711703313715e-21 -5.499544671986716380e-15
2.448548494983277646e+00 0.000000000000000000e+00 0.000000000000000000e+00 0.000000000000000000e+00 0.000000000000000000e+00 0.000000000000000000e+00 -4.829923732235666923e-30 -1.701381429960805547e-27 -1.138763376378125537e-24 -3.503190472798197567e-21 -5.052397051254508494e-15
2.461923076923076881e+00 0.000000000000000000e+00 0.000000000000000000e+00 0.000000000000000000e+00 0.000000000000000000e+00 0.000000000000000000e+00 -3.298331997215874241e-30 -1.138083106769448089e-27 -7.796926487456426300e-25 -2.508528797336827404e-21 -4.626131987309789200e-15
2.475297658862876116e+00 0.000000000000000000e+00 0.000000000000000000e+00 0.000000000000000000e+00 0.000000000000000000e+00 0.000000000000000000e+00 -1.926185483392351371e-30 -7.618126930048086439e-28 -5.336995510866077115e-25 -1.794294011845136206e-21 -4.221613195881420122e-15
2.488672240802675795e+00 0.000000000000000000e+00 0.000000000000000000e+00 0.000000000000000000e+00 0.000000000000000000e+00 0.000000000000000000e+00 -1.285860104233534191e-30 -5.097414466260058559e-28 -3.651637570833754577e-25 -1.281869460660136836e-21 -3.839399326942935372e-15
2.502046822742475030e+00 0.000000000000000000e+00 0.000000000000000000e+00 0.000000000000000000e+00 0.000000000000000000e+00 0.000000000000000000e+00 -8.366913672998967875e-31 -3.411576550504504290e-28 -2.497451936929053890e-25 -9.146988481382092432e-22 -3.479866854945533943e-15
2.515421404682274265e+00 0.000000000000000000e+00 0.000000000000000000e+00 0.000000000000000000e+00 0.000000000000000000e+00 0.000000000000000000e+00 -5.473746561249645572e-31 -2.284273198936482991e-28 -1.707819317058132408e-25 -6.520733645480169419e-22 -3.143231826479006582e-15
2.528795986622073499e+00 0.000000000000000000e+00 0.000000000000000000e+00 0.000000000000000000e+00 0.000000000000000000e+00 0.000000000000000000e+00 -3.564929745232846991e-31 -1.528646045195148776e-28 -1.167388316022250533e-25 -4.643238559730441205e-22 -2.829395677329244129e-15
2.542170568561873178e+00 0.000000000000000000e+00 0.000000000000000000e+00 0.000000000000000000e+00 0.000000000000000000e+00 0.000000000000000000e+00 -2.341834334033710798e-31 -1.024634335703073455e-28 -7.977896918505595388e-26 -3.303070270669507277e-22 -2.538148365906235454e-15
2.555545150501672413e+00 0.000000000000000000e+00 0.000000000000000000e+00 0.000000000000000000e+00 0.000000000000000000e+00 0.000000000000000000e+00 -1.602514589476943819e-31 -6.852496679375432936e-29 -5.451202005456606664e-26 -2.347549135992599822e-22 -2.269073200289891616e-15
2.568919732441471648e+00 0.000000000000000000e+00 0.000000000000000000e+00 0.000000000000000000e+00 0.000000000000000000e+00 0.000000000000000000e+00 -9.443421308294275370e-32 -4.594303527293387859e-29 -3.723559267142167707e-26 -1.666735284631535940e-22 -2.021552732217996213e-15
2.582294314381270883e+00 0.000000000000000000e+00 0.000000000000000000e+00 0.000000000000000000e+00 0.000000000000000000e+00 0.000000000000000000e+00 -5.862918912024315319e-32 -3.082583969383957068e-29 -2.543353783378627383e-26 -1.182435563704226063e-22 -1.794901833793332823e-15
2.595668896321070118e+00 0.000000000000000000e+00 0.000000000000000000e+00 0.000000000000000000e+00 0.000000000000000000e+00 0.000000000000000000e+00 -5.617996047164573592e-32 -2.054951250104012962e-29 -1.736905860860989833e-26 -8.381069672596225493e-23 -1.588236852968479369e-15
2.609043478260869797e+00 0.000000000000000000e+00 0.000000000000000000e+00 0.000000000000000000e+00 0.000000000000000000e+00 0.000000000000000000e+00 -2.685054786557939884e-32 -1.390211933995224529e-29 -1.185896984701494549e-26 -5.935204737453521963e-23 -1.400603676267658700e-15
2.622418060200669032e+00 0.000000000000000000e+00 0.000000000000000000e+00 0.000000000000000000e+00 0.000000000000000000e+00 0.000000000000000000e+00 -2.567989239465705003e-32 -9.271819267228571264e-30 -8.097641051903027813e-27 -4.200383944407097676e-23 -1.231008708447703270e-15
2.635792642140468267e+00 0.000000000000000000e+00 0.000000000000000000e+00 0.000000000000000000e+00 0.000000000000000000e+00 0.000000000000000000e+00 -2.455860699326286234e-32 -6.254588742112573180e-30 -5.528307505222293249e-27 -2.970115868799593498e-23 -1.078328708908150980e-15
2.649167224080267502e+00 0.000000000000000000e+00 0.000000000000000000e+00 0.000000000000000000e+00 0.000000000000000000e+00 0.000000000000000000e+00 0.000000000000000000e+00 -4.199489524175669065e-30 -3.773972884219347989e-27 -2.098714919734477826e-23 -9.414645031425894248e-16
2.662541806020067181e+00 0.000000000000000000e+00 0.000000000000000000e+00 0.000000000000000000e+00 0.000000000000000000e+00 0.000000000000000000e+00 0.000000000000000000e+00 -2.738319111688847324e-30 -2.576572042484938814e-27 -1.482028406379537271e-23 -8.192846980450691766e-16
2.675916387959866416e+00 0.000000000000000000e+00 0.000000000000000000e+00 0.000000000000000000e+00 0.000000000000000000e+00 0.000000000000000000e+00 0.000000000000000000e+00 -1.906077233649476760e-30 -1.758693943799196458e-27 -1.045759231625423546e-23 -7.106373908557983395e-16
2.689290969899665651e+00 0.000000000000000000e+00 0.000000000000000000e+00 0.000000000000000000e+00 0.000000000000000000e+00 0.000000000000000000e+00 0.000000000000000000e+00 -1.335843530434407114e-30 -1.200632257594041891e-27 -7.375343676433934949e-24 -6.144304624601806904e-16
2.702665551839464886e+00 0.000000000000000000e+00 0.000000000000000000e+00 0.000000000000000000e+00 0.000000000000000000e+00 0.000000000000000000e+00 0.000000000000000000e+00 -7.667045761358517605e-31 -8.198541906560809804e-28 -5.198256809424217596e-24 -5.295590945085510312e-16
2.716040133779264121e+00 0.000000000000000000e+00 0.000000000000000000e+00 0.000000000000000000e+00 0.000000000000000000e+00 0.000000000000000000e+00 0.000000000000000000e+00 -5.201951843503926609e-31 -5.597042117701013156e-28 -3.661476565215245823e-24 -4.549739475442289210e-16
2.729414715719063800e+00 0.000000000000000000e+00 0.000000000000000000e+00 0.000000000000000000e+00 0.000000000000000000e+00 0.000000000000000000e+00 0.000000000000000000e+00 -3.477870522135174656e-31 -3.822439188020386139e-28 -2.578000856035450873e-24 -3.896932052393736713e-16
2.742789297658863035e+00 0.000000000000000000e+00 0.000000000000000000e+00 0.000000000000000000e+00 0.000000000000000000e+00 0.000000000000000000e+00 0.000000000000000000e+00 -2.372772922794240370e-31 -2.609494813473795992e-28 -1.814034319950177115e-24 -3.327525203957424991e-16
2.756163879598662270e+00 0.000000000000000000e+00 0.000000000000000000e+00 0.000000000000000000e+00 0.000000000000000000e+00 0.000000000000000000e+00 0.000000000000000000e+00 -1.617345395435003819e-31 -1.782813284193618991e-28 -1.275869663900153960e-24 -2.832758234901035651e-16
2.769538461538461505e+00 0.000000000000000000e+00 0.000000000000000000e+00 0.000000000000000000e+00 0.000000000000000000e+00 0.000000000000000000e+00 0.000000000000000000e+00 -1.079664235404911800e-31 -1.217510489874204147e-28 -8.970009385301546421e-25 -2.404411606454000478e-16
2.782913043478261184e+00 0.000000000000000000e+00 0.000000000000000000e+00 0.000000000000000000e+00 0.000000000000000000e+00 0.000000000000000000e+00 0.000000000000000000e+00 -7.351070129008035755e-32 -8.314651779841791202e-29 -6.303031305198760387e-25 -2.034808714954044178e-16
2.796287625418060419e+00 0.000000000000000000e+00 0.000000000000000000e+00 0.000000000000000000e+00 0.000000000000000000e+00 0.000000000000000000e+00 0.000000000000000000e+00 -5.211650627291746782e-32 -5.686349774643396929e-29 -4.427696445036535413e-25 -1.717086485378084272e-16
2.809662207357859653e+00 0.000000000000000000e+00 0.000000000000000000e+00 0.000000000000000000e+00 0.000000000000000000e+00 0.000000000000000000e+00 0.000000000000000000e+00 -3.127445906099002079e-32 -3.885317682908833172e-29 -3.109040668554228142e-25 -1.444839865298989228e-16
2.823036789297658888e+00 0.000000000000000000e+00 0.000000000000000000e+00 0.000000000000000000e+00 0.000000000000000000e+00 0.000000000000000000e+00 0.000000000000000000e+00 -2.548935817901442487e-32 -2.659062430598369749e-29 -2.182169190461416744e-25 -1.212329776556693304e-16
2.836411371237458123e+00 0.000000000000000000e+00 0.000000000000000000e+00 0.000000000000000000e+00 0.000000000000000000e+00 0.000000000000000000e+00 0.000000000000000000e+00 -1.215217293559820796e-32 -1.816630671286931762e-29 -1.531338177630504835e-25 -1.014467112552086412e-16
2.849785953177257802e+00 0.000000000000000000e+00 0.000000000000000000e+00 0.000000000000000000e+00 0.000000000000000000e+00 0.000000000000000000e+00 0.000000000000000000e+00 -1.157630801726907672e-32 -1.241337822441165523e-29 -1.074178562365887633e-25 -8.465721135950824182e-17
2.863160535117057037e+00 0.000000000000000000e+00 0.000000000000000000e+00 0.000000000000000000e+00 0.000000000000000000e+00 0.000000000000000000e+00 0.000000000000000000e+00 -1.103024771057066756e-32 -8.446376220932284575e-30 -7.532962635696584891e-26 -7.045804459135582404e-17
2.876535117056856272e+00 0.000000000000000000e+00 0.000000000000000000e+00 0.000000000000000000e+00 0.000000000000000000e+00 0.000000000000000000e+00 0.000000000000000000e+00 0.000000000000000000e+00 -5.798669016457287997e-30 -5.281599475790651913e-26 -5.848735805330078702e-17
2.889909698996655507e+00 0.000000000000000000e+00 0.000000000000000000e+00 0.000000000000000000e+00 0.000000000000000000e+00 0.000000000000000000e+00 0.000000000000000000e+00 0.000000000000000000e+00 -3.990291291680055794e-30 -3.701835072330041509e-26 -4.842376520988233537e-17
2.903284280936454742e+00 0.000000000000000000e+00 0.000000000000000000e+00 0.000000000000000000e+00 0.000000000000000000e+00 0.000000000000000000e+00 0.000000000000000000e+00 0.000000000000000000e+00 -2.710105314553844011e-30 -2.594298337341367998e-26 -3.999122525953887898e-17
2.916658862876254421e+00 0.000000000000000000e+00 0.000000000000000000e+00 0.000000000000000000e+00 0.000000000000000000e+00 0.000000000000000000e+00 0.000000000000000000e+00 0.000000000000000000e+00 -1.865719942097223985e-30 -1.817699257791719804e-26 -3.294444162296690980e-17
2.930033444816053656e+00 0.000000000000000000e+00 0.000000000000000000e+00 0.000000000000000000e+00 0.000000000000000000e+00 0.000000000000000000e+00 0.000000000000000000e+00 0.000000000000000000e+00 -1.263587904369344136e-30 -1.273247530938769475e-26 -2.707221587517532323e-17
2.943408026755852891e+00 0.000000000000000000e+00 0.000000000000000000e+00 0.000000000000000000e+00 0.000000000000000000e+00 0.000000000000000000e+00 0.000000000000000000e+00 0.000000000000000000e+00 -9.097858132380598486e-31 -8.918614140177157722e-27 -2.219415830049141750e-17
2.956782608695652126e+00 0.000000000000000000e+00 0.000000000000000000e+00 0.000000000000000000e+00 0.000000000000000000e+00 0.000000000000000000e+00 0.000000000000000000e+00 0.000000000000000000e+00 -5.948870903497506447e-31 -6.245723008168029508e-27 -1.815147344694987208e-17
2.970157190635451805e+00 0.000000000000000000e+00 0.000000000000000000e+00 0.000000000000000000e+00 0.000000000000000000e+00 0.000000000000000000e+00 0.000000000000000000e+00 0.000000000000000000e+00 -4.280751733078572227e-31 -4.373383672373353549e-27 -1.481075989800875218e-17
2.983531772575251040e+00 0.000000000000000000e+00 0.000000000000000000e+00 0.000000000000000000e+00 0.000000000000000000e+00 0.000000000000000000e+00 0.000000000000000000e+00 0.000000000000000000e+00 -3.095879098973097032e-31 -3.062169969744059750e-27 -1.205758320274322947e-17
2.996906354515050275e+00 0.000000000000000000e+00 0.000000000000000000e+00 0.000000000000000000e+00 0.000000000000000000e+00 0.000000000000000000e+00 0.000000000000000000e+00 0.000000000000000000e+00 -1.677360483353213433e-31 -2.143756203310359770e-27 -9.793892771708738760e-18
3.010280936454849510e+00 0.000000000000000000e+00 0.000000000000000000e+00 0.000000000000000000e+00 0.000000000000000000e+00 0.000000000000000000e+00 0.000000000000000000e+00 0.000000000000000000e+00 -1.143715304075266245e-31 -1.500809943004891128e-27 -7.938003090355282732e-18
3.023655518394648745e+00 0.000000000000000000e+00 0.000000000000000000e+00 0.000000000000000000e+00 0.000000000000000000e+00 0.000000000000000000e+00 0.000000000000000000e+00 0.000000000000000000e+00 -7.847094656782974974e-32 -1.050636520972239842e-27 -6.419858134462787008e-18
3.037030100334448424e+00 0.000000000000000000e+00 0.000000000000000000e+00 0.000000000000000000e+00 0.000000000000000000e+00 0.000000000000000000e+00 0.000000000000000000e+00 0.000000000000000000e+00 -5.717224758348594339e-32 -7.354002624636142709e-28 -5.180928505092640890e-18
3.050404682274247659e+00 0.000000000000000000e+00 0.000000000000000000e+00 0.000000000000000000e+00 0.000000000000000000e+00 0.000000000000000000e+00 0.000000000000000000e+00 0.000000000000000000e+00 -3.811465860675594730e-32 -5.148089274075630587e-28 -4.172651968160060552e-18
3.063779264214046893e+00 0.000000000000000000e+00 0.000000000000000000e+00 0.000000000000000000e+00 0.000000000000000000e+00 0.000000000000000000e+00 0.000000000000000000e+00 0.000000000000000000e+00 -2.586671002762317821e-32 -3.603550213794691188e-28 -3.353635161249363077e-18
3.077153846153846128e+00 0.000000000000000000e+00 0.000000000000000000e+00 0.000000000000000000e+00 0.000000000000000000e+00 0.000000000000000000e+00 0.000000000000000000e+00 0.000000000000000000e+00 -1.964167336228257743e-32 -2.522260805625464554e-28 -2.690007816544875505e-18
3.090528428093645807e+00 0.000000000000000000e+00 0.000000000000000000e+00 0.000000000000000000e+00 0.000000000000000000e+00 0.000000000000000000e+00 0.000000000000000000e+00 0.000000000000000000e+00 -1.398247175031124190e-32 -1.765780481797897363e-28 -2.153530187293180100e-18
3.103903010033445042e+00 0.000000000000000000e+00 0.000000000000000000e+00 0.000000000000000000e+00 0.000000000000000000e+00 0.000000000000000000e+00 0.000000000000000000e+00 0.000000000000000000e+00 -8.850987495287689786e-33 -1.235949843780248702e-28 -1.720666357190879454e-18
3.117277591973244277e+00 0.000000000000000000e+00 0.000000000000000000e+00 0.000000000000000000e+00 0.000000000000000000e+00 0.000000000000000000e+00 0.000000000000000000e+00 0.000000000000000000e+00 -4.196631957070345888e-33 -8.655163438051947783e-29 -1.372279028116358377e-18
3.130652173913043512e+00 0.000000000000000000e+00 0.000000000000000000e+00 0.000000000000000000e+00 0.000000000000000000e+00 0.000000000000000000e+00 0.000000000000000000e+00 0.000000000000000000e+00 -3.984155782214661471e-33 -6.060114149445744373e-29 -1.092399302192150138e-18
3.144026755852842747e+00 0.000000000000000000e+00 0.000000000000000000e+00 0.000000000000000000e+00 0.000000000000000000e+00 0.000000000000000000e+00 0.000000000000000000e+00 0.000000000000000000e+00 -3.778535538138118120e-33 -4.243535972706088250e-29 -8.679996726850213527e-19
3.157401337792642426e+00 0.000000000000000000e+00 0.000000000000000000e+00 0.000000000000000000e+00 0.000000000000000000e+00 0.000000000000000000e+00 0.000000000000000000e+00 0.000000000000000000e+00 -3.583482626523563820e-33 -2.972121523784148773e-29 -6.885192979201816963e-19
3.170775919732441661e+00 0.000000000000000000e+00 0.000000000000000000e+00 0.000000000000000000e+00 0.000000000000000000e+00 0.000000000000000000e+00 0.000000000000000000e+00 0.000000000000000000e+00 0.000000000000000000e+00 -2.080898338547730408e-29 -5.451793520922233488e-19
3.184150501672240896e+00 0.000000000000000000e+00 0.000000000000000000e+00 0.000000000000000000e+00 0.000000000000000000e+00 0.000000000000000000e+00 0.000000000000000000e+00 0.000000000000000000e+00 0.000000000000000000e+00 -1.456632259986064187e-29 -4.309480208780212894e-19
3.197525083612040131e+00 0.000000000000000000e+00 0.000000000000000000e+00 0.000000000000000000e+00 0.000000000000000000e+00 0.000000000000000000e+00 0.000000000000000000e+00 0.000000000000000000e+00 0.000000000000000000e+00 -1.020713637853545831e-29 -3.400936265946729855e-19
3.210899665551839366e+00 0.000000000000000000e+00 0.000000000000000000e+00 0.000000000000000000e+00 0.000000000000000000e+00 0.000000000000000000e+00 0.000000000000000000e+00 0.000000000000000000e+00 0.000000000000000000e+00 -7.160101018933572699e-30 -2.679432119545200640e-19
3.224274247491639045e+00 0.000000000000000000e+00 0.000000000000000000e+00 0.000000000000000000e+00 0.000000000000000000e+00 0.000000000000000000e+00 0.000000000000000000e+00 0.000000000000000000e+00 0.000000000000000000e+00 -5.009542865228516842e-30 -2.107714807044626827e-19
3.237648829431438280e+00 0.000000000000000000e+00 0.000000000000000000e+00 0.000000000000000000e+00 0.000000000000000000e+00 0.000000000000000000e+00 0.000000000000000000e+00 0.000000000000000000e+00 0.000000000000000000e+00 -3.519574688229441167e-30 -1.655370197121115717e-19
3.251023411371237515e+00 0.000000000000000000e+00 0.000000000000000000e+00 0.000000000000000000e+00 0.000000000000000000e+00 0.000000000000000000e+00 0.000000000000000000e+00 0.000000000000000000e+00 0.000000000000000000e+00 -2.468108691720392904e-30 -1.298059539269894947e-19
3.264397993311036750e+00 0.000000000000000000e+00 0.000000000000000000e+00 0.000000000000000000e+00 0.000000000000000000e+00 0.000000000000000000e+00 0.000000000000000000e+00 0.000000000000000000e+00 0.000000000000000000e+00 -1.721600518279934695e-30 -1.016421743318497381e-19
3.277772575250836429e+00 0.000000000000000000e+00 0.000000000000000000e+00 0.000000000000000000e+00 0.000000000000000000e+00 0.000000000000000000e+00 0.000000000000000000e+00 0.000000000000000000e+00 0.000000000000000000e+00 -1.207236471567847163e-30 -7.946823102643423040e-20
3.291147157190635664e+00 0.000000000000000000e+00 0.000000000000000000e+00 0.000000000000000000e+00 0.000000000000000000e+00 0.000000000000000000e+00 0.000000000000000000e+00 0.000000000000000000e+00 0.000000000000000000e+00 -8.444513269609624225e-31 -6.204246494479770904e-20
3.304521739130434899e+00 0.000000000000000000e+00 0.000000000000000000e+00 0.000000000000000000e+00 0.000000000000000000e+00 0.000000000000000000e+00 0.000000000000000000e+00 0.000000000000000000e+00 0.000000000000000000e+00 -5.941885167706995636e-31 -4.837118506910421868e-20
3.317896321070234134e+00 0.000000000000000000e+00 0.000000000000000000e+00 0.000000000000000000e+00 0.000000000000000000e+00 0.000000000000000000e+00 0.000000000000000000e+00 0.000000000000000000e+00 0.000000000000000000e+00 -4.271925462374382847e-31 -3.765854244435277357e-20
3.331270903010033368e+00 0.000000000000000000e+00 0.000000000000000000e+00 0.000000000000000000e+00 0.000000000000000000e+00 0.000000000000000000e+00 0.000000000000000000e+00 0.000000000000000000e+00 0.000000000000000000e+00 -2.874092163176917657e-31 -2.928028584367027184e-20
3.344645484949833047e+00 0.000000000000000000e+00 0.000000000000000000e+00 0.000000000000000000e+00 0.000000000000000000e+00 0.000000000000000000e+00 0.000000000000000000e+00 0.000000000000000000e+00 0.000000000000000000e+00 -2.047356242866713289e-31 -2.273570195265550562e-20
3.358020066889632282e+00 0.000000000000000000e+00 0.000000000000000000e+00 0.000000000000000000e+00 0.000000000000000000e+00 0.000000000000000000e+00 0.000000000000000000e+00 0.000000000000000000e+00 0.000000000000000000e+00 -1.479854511361357896e-31 -1.763034234131988504e-20
3.371394648829431517e+00 0.000000000000000000e+00 0.000000000000000000e+00 0.000000000000000000e+00 0.000000000000000000e+00 0.000000000000000000e+00 0.000000000000000000e+00 0.000000000000000000e+00 0.000000000000000000e+00 -9.708493356618876519e-32 -1.365526708115232565e-20
3.384769230769230752e+00 0.000000000000000000e+00 0.000000000000000000e+00 0.000000000000000000e+00 0.000000000000000000e+00 0.000000000000000000e+00 0.000000000000000000e+00 0.000000000000000000e+00 0.000000000000000000e+00 -7.209749110040992845e-32 -1.056282268074440970e-20
3.398143812709030431e+00 0.000000000000000000e+00 0.000000000000000000e+00 0.000000000000000000e+00 0.000000000000000000e+00 0.000000000000000000e+00 0.000000000000000000e+00 0.000000000000000000e+00 0.000000000000000000e+00 -5.319808997249167008e-32 -8.160852436073224132e-21
3.411518394648829666e+00 0.000000000000000000e+00 0.000000000000000000e+00 0.000000000000000000e+00 0.000000000000000000e+00 0.000000000000000000e+00 0.000000000000000000e+00 0.000000000000000000e+00 0.000000000000000000e+00 -4.021331783134801633e-32 -6.297871056615841169e-21
3.424892976588628901e+00 0.000000000000000000e+00 0.000000000000000000e+00 0.000000000000000000e+00 0.000000000000000000e+00 0.000000000000000000e+00 0.000000000000000000e+00 0.000000000000000000e+00 0.000000000000000000e+00 -2.030405355936263069e-32 -4.854296673780440119e-21
3.438267558528428136e+00 0.000000000000000000e+00 0.000000000000000000e+00 0.000000000000000000e+00 0.000000000000000000e+00 0.000000000000000000e+00 0.000000000000000000e+00 0.000000000000000000e+00 0.000000000000000000e+00 -1.457131449044680715e-32 -3.737580400645923664e-21
3.451642140468227371e+00 0.000000000000000000e+00 0.000000000000000000e+00 0.000000000000000000e+00 0.000000000000000000e+00 0.000000000000000000e+00 0.000000000000000000e+00 0.000000000000000000e+00 0.000000000000000000e+00 -1.058478606764308359e-32 -2.874551258474014151e-21
3.465016722408027050e+00 0.000000000000000000e+00 0.000000000000000000e+00 0.000000000000000000e+00 0.000000000000000000e+00 0.000000000000000000e+00 0.000000000000000000e+00 0.000000000000000000e+00 0.000000000000000000e+00 -6.994293198968037810e-33 -2.208305747705145773e-21
3.478391304347826285e+00 0.000000000000000000e+00 0.000000000000000000e+00 0.000000000000000000e+00 0.000000000000000000e+00 0.000000000000000000e+00 0.000000000000000000e+00 0.000000000000000000e+00 0.000000000000000000e+00 -4.716191012434089139e-33 -1.694843139536233374e-21
3.491765886287625520e+00 0.000000000000000000e+00 0.000000000000000000e+00 0.000000000000000000e+00 0.000000000000000000e+00 0.000000000000000000e+00 0.000000000000000000e+00 0.000000000000000000e+00 0.000000000000000000e+00 -3.561243585545185472e-33 -1.299354951766815537e-21
3.505140468227424755e+00 0.000000000000000000e+00 0.000000000000000000e+00 0.000000000000000000e+00 0.000000000000000000e+00 0.000000000000000000e+00 0.000000000000000000e+00 0.000000000000000000e+00 0.000000000000000000e+00 -2.520148497896497401e-33 -9.951512831058590983e-22
3.518515050167224434e+00 0.000000000000000000e+00 0.000000000000000000e+00 0.000000000000000000e+00 0.000000000000000000e+00 0.000000000000000000e+00 0.000000000000000000e+00 0.000000000000000000e+00 0.000000000000000000e+00 -1.585328562979043829e-33 -7.614496375468853205e-22
3.531889632107023669e+00 0.000000000000000000e+00 0.000000000000000000e+00 0.000000000000000000e+00 0.000000000000000000e+00 0.000000000000000000e+00 0.000000000000000000e+00 0.000000000000000000e+00 0.000000000000000000e+00 -1.495571199221197229e-33 -5.820374275831106269e-22
3.545264214046822904e+00 0.000000000000000000e+00 0.000000000000000000e+00 0.000000000000000000e+00 0.000000000000000000e+00 0.000000000000000000e+00 0.000000000000000000e+00 0.000000000000000000e+00 0.000000000000000000e+00 -7.052865364102601083e-34 -4.445049760142321286e-22
3.558638795986622139e+00 0.000000000000000000e+00 0.000000000000000000e+00 0.000000000000000000e+00 0.000000000000000000e+00 0.000000000000000000e+00 0.000000000000000000e+00 0.000000000000000000e+00 0.000000000000000000e+00 -6.652760570616983759e-34 -3.391563716076373945e-22
3.572013377926421374e+00 0.000000000000000000e+00 0.000000000000000000e+00 0.000000000000000000e+00 0.000000000000000000e+00 0.000000000000000000e+00 0.000000000000000000e+00 0.000000000000000000e+00 0.000000000000000000e+00 -6.271818542959145308e-34 -2.585304667877962655e-22
3.585387959866221053e+00 0.000000000000000000e+00 0.000000000000000000e+00 0.000000000000000000e+00 0.000000000000000000e+00 0.000000000000000000e+00 0.000000000000000000e+00 0.000000000000000000e+00 0.000000000000000000e+00 -5.912572755108776810e-34 -1.969186869951490550e-22
3.598762541806020288e+00 0.000000000000000000e+00 0.000000000000000000e+00 0.000000000000000000e+00 0.000000000000000000e+00 0.000000000000000000e+00 0.000000000000000000e+00 0.000000000000000000e+00 0.000000000000000000e+00 0.000000000000000000e+00 -1.498534228247238267e-22
3.612137123745819522e+00 0.000000000000000000e+00 0.000000000000000000e+00 0.000000000000000000e+00 0.000000000000000000e+00 0.000000000000000000e+00 0.000000000000000000e+00 0.000000000000000000e+00 0.000000000000000000e+00 0.000000000000000000e+00 -1.139424363314749603e-22
3.625511705685618757e+00 0.000000000000000000e+00 0.000000000000000000e+00 0.000000000000000000e+00 0.000000000000000000e+00 0.000000000000000000e+00 0.000000000000000000e+00 0.000000000000000000e+00 0.000000000000000000e+00 0.000000000000000000e+00 -8.657092268664554742e-23
3.638886287625418436e+00 0.000000000000000000e+00 0.000000000000000000e+00 0.000000000000000000e+00 0.000000000000000000e+00 0.000000000000000000e+00 0.000000000000000000e+00 0.000000000000000000e+00 0.000000000000000000e+00 0.000000000000000000e+00 -6.571871318068289575e-23
3.652260869565217671e+00 0.000000000000000000e+00 0.000000000000000000e+00 0.000000000000000000e+00 0.000000000000000000e+00 0.000000000000000000e+00 0.000000000000000000e+00 0.000000000000000000e+00 0.000000000000000000e+00 0.000000000000000000e+00 -4.985347735525131257e-23
3.665635451505016906e+00 0.000000000000000000e+00 0.000000000000000000e+00 0.000000000000000000e+00 0.000000000000000000e+00 0.000000000000000000e+00 0.000000000000000000e+00 0.000000000000000000e+00 0.000000000000000000e+00 0.000000000000000000e+00 -3.778953455719371632e-23
3.679010033444816141e+00 0.000000000000000000e+00 0.000000000000000000e+00 0.000000000000000000e+00 0.000000000000000000e+00 0.000000000000000000e+00 0.000000000000000000e+00 0.000000000000000000e+00 0.000000000000000000e+00 0.000000000000000000e+00 -2.862231108321953660e-23
3.692384615384615376e+00 0.000000000000000000e+00 0.000000000000000000e+00 0.000000000000000000e+00 0.000000000000000000e+00 0.000000000000000000e+00 0.000000000000000000e+00 0.000000000000000000e+00 0.000000000000000000e+00 0.000000000000000000e+00 -2.166572580237590028e-23
3.705759197324415055e+00 0.000000000000000000e+00 0.000000000000000000e+00 0.000000000000000000e+00 0.000000000000000000e+00 0.000000000000000000e+00 0.000000000000000000e+00 0.000000000000000000e+00 0.000000000000000000e+00 0.000000000000000000e+00 -1.638752215859441427e-23
3.719133779264214290e+00 0.000000000000000000e+00 0.000000000000000000e+00 0.000000000000000000e+00 0.000000000000000000e+00 0.000000000000000000e+00 0.000000000000000000e+00 0.000000000000000000e+00 0.000000000000000000e+00 0.000000000000000000e+00 -1.238679013607962578e-23
3.732508361204013525e+00 0.000000000000000000e+00 0.000000000000000000e+00 0.000000000000000000e+00 0.000000000000000000e+00 0.000000000000000000e+00 0.000000000000000000e+00 0.000000000000000000e+00 0.000000000000000000e+00 0.000000000000000000e+00 -9.357061822980778152e-24
3.745882943143812760e+00 0.000000000000000000e+00 0.000000000000000000e+00 0.000000000000000000e+00 0.000000000000000000e+00 0.000000000000000000e+00 0.000000000000000000e+00 0.000000000000000000e+00 0.000000000000000000e+00 0.000000000000000000e+00 -7.063411419214831546e-24
3.759257525083611995e+00 0.000000000000000000e+00 0.000000000000000000e+00 0.000000000000000000e+00 0.000000000000000000e+00 0.000000000000000000e+00 0.000000000000000000e+00 0.000000000000000000e+00 0.000000000000000000e+00 0.000000000000000000e+00 -5.328968536346603997e-24
3.772632107023411674e+00 0.000000000000000000e+00 0.000000000000000000e+00 0.000000000000000000e+00 0.000000000000000000e+00 0.000000000000000000e+00 0.000000000000000000e+00 0.000000000000000000e+00 0.000000000000000000e+00 0.000000000000000000e+00 -4.017954672048860293e-24
3.786006688963210909e+00 0.000000000000000000e+00 0.000000000000000000e+00 0.000000000000000000e+00 0.000000000000000000e+00 0.000000000000000000e+00 0.000000000000000000e+00 0.000000000000000000e+00 0.000000000000000000e+00 0.000000000000000000e+00 -3.027502177989337967e-24
3.799381270903010144e+00 0.000000000000000000e+00 0.000000000000000000e+00 0.000000000000000000e+00 0.000000000000000000e+00 0.000000000000000000e+00 0.000000000000000000e+00 0.000000000000000000e+00 0.000000000000000000e+00 0.000000000000000000e+00 -2.280147440554411567e-24
3.812755852842809379e+00 0.000000000000000000e+00 0.000000000000000000e+00 0.000000000000000000e+00 0.000000000000000000e+00 0.000000000000000000e+00 0.000000000000000000e+00 0.000000000000000000e+00 0.000000000000000000e+00 0.000000000000000000e+00 -1.716217867114183870e-24
3.826130434782609058e+00 0.000000000000000000e+00 0.000000000000000000e+00 0.000000000000000000e+00 0.000000000000000000e+00 0.000000000000000000e+00 0.000000000000000000e+00 0.000000000000000000e+00 0.000000000000000000e+00 0.000000000000000000e+00 -1.291060049872817657e-24
3.839505016722408293e+00 0.000000000000000000e+00 0.000000000000000000e+00 0.000000000000000000e+00 0.000000000000000000e+00 0.000000000000000000e+00 0.000000000000000000e+00 0.000000000000000000e+00 0.000000000000000000e+00 0.000000000000000000e+00 -9.707696686566473385e-25
3.852879598662207528e+00 0.000000000000000000e+00 0.000000000000000000e+00 0.000000000000000000e+00 0.000000000000000000e+00 0.000000000000000000e+00 0.000000000000000000e+00 0.000000000000000000e+00 0.000000000000000000e+00 0.000000000000000000e+00 -7.295210857416145750e-25
3.866254180602006763e+00 0.000000000000000000e+00 0.000000000000000000e+00 0.000000000000000000e+00 0.000000000000000000e+00 0.000000000000000000e+00 0.000000000000000000e+00 0.000000000000000000e+00 0.000000000000000000e+00 0.000000000000000000e+00 -5.479881252176862229e-25
3.879628762541805997e+00 0.000000000000000000e+00 0.000000000000000000e+00 0.000000000000000000e+00 0.000000000000000000e+00 0.000000000000000000e+00 0.000000000000000000e+00 0.000000000000000000e+00 0.000000000000000000e+00 0.000000000000000000e+00 -4.114296374849632689e-25
3.893003344481605676e+00 0.000000000000000000e+00 0.000000000000000000e+00 0.000000000000000000e+00 0.000000000000000000e+00 0.000000000000000000e+00 0.000000000000000000e+00 0.000000000000000000e+00 0.000000000000000000e+00 0.000000000000000000e+00 -3.087399006498063737e-25
3.906377926421404911e+00 0.000000000000000000e+00 0.000000000000000000e+00 0.000000000000000000e+00 0.000000000000000000e+00 0.000000000000000000e+00 0.000000000000000000e+00 0.000000000000000000e+00 0.000000000000000000e+00 0.000000000000000000e+00 -2.316044741035056317e-25
3.919752508361204146e+00 0.000000000000000000e+00 0.000000000000000000e+00 0.000000000000000000e+00 0.000000000000000000e+00 0.000000000000000000e+00 0.000000000000000000e+00 0.000000000000000000e+00 0.000000000000000000e+00 0.000000000000000000e+00 -1.736545473606373443e-25
3.933127090301003381e+00 0.000000000000000000e+00 0.000000000000000000e+00 0.000000000000000000e+00 0.000000000000000000e+00 0.000000000000000000e+00 0.000000000000000000e+00 0.000000000000000000e+00 0.000000000000000000e+00 0.000000000000000000e+00 -1.301494495813835988e-25
3.946501672240803060e+00 0.000000000000000000e+00 0.000000000000000000e+00 0.000000000000000000e+00 0.000000000000000000e+00 0.000000000000000000e+00 0.000000000000000000e+00 0.000000000000000000e+00 0.000000000000000000e+00 0.000000000000000000e+00 -9.750934204075153590e-26
3.959876254180602295e+00 0.000000000000000000e+00 0.000000000000000000e+00 0.000000000000000000e+00 0.000000000000000000e+00 0.000000000000000000e+00 0.000000000000000000e+00 0.000000000000000000e+00 0.000000000000000000e+00 0.000000000000000000e+00 -7.302105330418378261e-26
3.973250836120401530e+00 0.000000000000000000e+00 0.000000000000000000e+00 0.000000000000000000e+00 0.000000000000000000e+00 0.000000000000000000e+00 0.000000000000000000e+00 0.000000000000000000e+00 0.000000000000000000e+00 0.000000000000000000e+00 -5.466410001781617466e-26
3.986625418060200765e+00 0.000000000000000000e+00 0.000000000000000000e+00 0.000000000000000000e+00 0.000000000000000000e+00 0.000000000000000000e+00 0.000000000000000000e+00 0.000000000000000000e+00 0.000000000000000000e+00 0.000000000000000000e+00 -4.090528520490471428e-26
4.000000000000000000e+00 0.000000000000000000e+00 0.000000000000000000e+00 0.000000000000000000e+00 0.000000000000000000e+00 0.000000000000000000e+00 0.000000000000000000e+00 0.000000000000000000e+00 0.000000000000000000e+00 0.000000000000000000e+00 -3.059462203559806663e-26
