1.000000000000000021e-03 2.545900274347672601e-10 2.299885185431037418e-10 2.254268919719045323e-10 2.229278889245617120e-10 2.213327095344027034e-10 2.203179296635877149e-10 2.198155726130077835e-10 2.199105697052655174e-10 2.211904615367207307e-10 2.255372760425931406e-10
1.437458193979933296e-02 1.710145686310265754e-11 1.577347348464837383e-11 1.554250414751202978e-11 1.541859356646407777e-11 1.534277845610702447e-11 1.529971740766941495e-11 1.528810474853883651e-11 1.531615398980545597e-11 1.542712392003863374e-11 1.575951636954603169e-11
2.774916387959866504e-02 8.532531266397879132e-12 8.048050155183731992e-12 7.974415969403517272e-12 7.936812148646093163e-12 7.916220190765282216e-12 7.908563510981050005e-12 7.914979142586023972e-12 7.940925539353490841e-12 8.010030839457705913e-12 8.198117190881112669e-12
4.112374581939799711e-02 5.530824766517910249e-12 5.343847916057448250e-12 5.326023683121359885e-12 5.319070403782371907e-12 5.318121235597944902e-12 5.323093911858209149e-12 5.336039802508153219e-12 5.361417249543988028e-12 5.416094003761450844e-12 5.553990831939923683e-12
5.449832775919732919e-02 3.998082259909902781e-12 3.964037235496395447e-12 3.975253679612844328e-12 3.984260708744482723e-12 3.993583183570579329e-12 4.005186866641975275e-12 4.021608663827812596e-12 4.046853527250407342e-12 4.094340754357128367e-12 4.206853744360215270e-12
6.787290969899666127e-02 3.066423899833114699e-12 3.125690142880855789e-12 3.155017569812752634e-12 3.173992738711278632e-12 3.189724627842240353e-12 3.205508667927232746e-12 3.224177266828473916e-12 3.249464661207914434e-12 3.292699628556492206e-12 3.389983039955369121e-12
8.124749163879599334e-02 2.439467222010381372e-12 2.561424733104355069e-12 2.603315731765541546e-12 2.629218395008880096e-12 2.649421796577851279e-12 2.668139088737371175e-12 2.688421323196908557e-12 2.713832850918385341e-12 2.754320002842466751e-12 2.841511971233068771e-12
9.462207357859532542e-02 1.988427069690856114e-12 2.155005911052407055e-12 2.206271402140266473e-12 2.237355843353592568e-12 2.260913434729569646e-12 2.281850786180857016e-12 2.303386676711799025e-12 2.328974230149677867e-12 2.367568968474405663e-12 2.447631197150427442e-12
1.079966555183946575e-01 1.648322314125819364e-12 1.847803115324202256e-12 1.906433555992264394e-12 1.941594724984662737e-12 1.967806492789372767e-12 1.990506863944643852e-12 2.013071881156921683e-12 2.038869546438713942e-12 2.076115553206678432e-12 2.150903748712758128e-12
1.213712374581939896e-01 1.382823860564000706e-12 1.607014293774993628e-12 1.671667625135218713e-12 1.710167505457308282e-12 1.738561441136465341e-12 1.762732683260308226e-12 1.786171002151292627e-12 1.812198426670636440e-12 1.848455039124611748e-12 1.919217593726251676e-12
1.347458193979933216e-01 1.170028727448841632e-12 1.412861601917264926e-12 1.482598272531108187e-12 1.523921821987324478e-12 1.554172321702706778e-12 1.579592774081354662e-12 1.603797928156184474e-12 1.630072426312864199e-12 1.665595861383290144e-12 1.733204243256563088e-12
1.481204013377926398e-01 9.959432641618544802e-13 1.252713859977993792e-12 1.326850807817651459e-12 1.370619020739472073e-12 1.402475564517757825e-12 1.429001003545043510e-12 1.453898685315666160e-12 1.480423122649095602e-12 1.515403551901425104e-12 1.580492992399169202e-12
1.614949832775919858e-01 8.512052522634174296e-13 1.118129073176134880e-12 1.196142532620867322e-12 1.242073678632965415e-12 1.275359493923926680e-12 1.302872973828133046e-12 1.328397788385634382e-12 1.355186623454269516e-12 1.389759895417824182e-12 1.452811469170439372e-12
1.748695652173913317e-01 7.293221011423988955e-13 1.003237477432908859e-12 1.084731026720129909e-12 1.132607167848044904e-12 1.167183859840056841e-12 1.195591442033965738e-12 1.221704284342762861e-12 1.248760475688402378e-12 1.283033763184823746e-12 1.344417781484662388e-12
1.882441471571906499e-01 6.256393222119394413e-13 9.038430340245836426e-13 9.885026121355562301e-13 1.038154456920922965e-12 1.073909685255082140e-12 1.103142591186874612e-12 1.129808742706240129e-12 1.157135446769302587e-12 1.191194730789228896e-12 1.251200571925478805e-12
2.016187290969899681e-01 5.367368959300588565e-13 8.168648695651417604e-13 9.044383667671445719e-13 9.557259499545950268e-13 9.925746189790552387e-13 1.022575517624074010e-12 1.049763184099056387e-12 1.077368869536812579e-12 1.111280355645561284e-12 1.170141386656853644e-12
2.149933110367893141e-01 4.600419913584601653e-13 7.399816792018413341e-13 8.302705611944996506e-13 8.830814182668903943e-13 9.209468285147512229e-13 9.516728774743399204e-13 9.793590848756108333e-13 1.007247349660340637e-12 1.041067339819284185e-12 1.098970693804974702e-12
2.283678929765886600e-01 3.935817301402687628e-13 6.714268090259460116e-13 7.642580158826501833e-13 8.184997875670640059e-13 8.573267689653455429e-13 8.887386278144271260e-13 9.169065556726311726e-13 9.450756381940901134e-13 9.788499980153715817e-13 1.035952715414108421e-12
2.417424749163879782e-01 3.358168373969081924e-13 6.098152849091227240e-13 7.050483111614315790e-13 7.606448591002696666e-13 8.003830590136129668e-13 8.324478457840719820e-13 8.610812522680937138e-13 8.895365753132080274e-13 9.233006373573562558e-13 9.797350139280951898e-13
2.551170568561872964e-01 2.855268005771773556e-13 5.540639506499260886e-13 6.515721994764265570e-13 7.084574073817703947e-13 7.490659295119318046e-13 7.817611118413945241e-13 8.108440991049404438e-13 8.395858974874715202e-13 8.733740170692733430e-13 9.292469035124652861e-13
2.684916387959866424e-01 2.417310057244920621e-13 5.032966176119305952e-13 6.029733627960355687e-13 6.610936539864129367e-13 7.025369329532041591e-13 7.358364974195833431e-13 7.653591150884718701e-13 7.943894407981258033e-13 8.282285106039699068e-13 8.836344361704623415e-13
2.818662207357859883e-01 2.036246714764537287e-13 4.568172838888149153e-13 5.585573734058141391e-13 6.178642494969022127e-13 6.601118747162487502e-13 6.939992333748925282e-13 7.239511671222338919e-13 7.532710309782749753e-13 7.871834857483937358e-13 8.422034618812498838e-13
2.952408026755852788e-01 1.705419096118842416e-13 4.140599893957248412e-13 5.177574016133813735e-13 5.782109384672508589e-13 6.212354073076276182e-13 6.556916577844756255e-13 6.860654939575367557e-13 7.156768178174625249e-13 7.496852230460430644e-13 8.043851152929267438e-13
3.086153846153846247e-01 1.419185515522255091e-13 3.745682446833366368e-13 4.801009447274654394e-13 5.416672023122484529e-13 5.854487246715426190e-13 6.204581131381985037e-13 6.512460386348933266e-13 6.811484072128624360e-13 7.152678802457596500e-13 7.697114461303969795e-13
3.219899665551839707e-01 1.172684146586437587e-13 3.379719695267161311e-13 4.452011703867727111e-13 5.078445783380127425e-13 5.523619720177040122e-13 5.879147132311972281e-13 6.191099475279772480e-13 6.493050514738164923e-13 6.835514868013454033e-13 7.377897346764404659e-13
3.353645484949833167e-01 9.616305642355780622e-14 3.039810023583380261e-13 4.127249524402855102e-13 4.764206872227681726e-13 5.216554123237355037e-13 5.577389981533288071e-13 5.893365198287378295e-13 6.198254762288218430e-13 6.542123877841893107e-13 7.082915069696452802e-13
3.487391304347826626e-01 7.821713812625389786e-14 2.723673039811780669e-13 3.823966054973838088e-13 4.471180182911040710e-13 4.930558067270433228e-13 5.296590278848089758e-13 5.616536306940126625e-13 5.924373433466103386e-13 6.269762644333533155e-13 6.809386541796594760e-13
3.621137123745819530e-01 6.307900342729565134e-14 2.429586225383661042e-13 3.539762064148332595e-13 4.197022069462750197e-13 4.663277411343103113e-13 5.034433861450024867e-13 5.358319614610168955e-13 5.669104120197181463e-13 6.016117455146356444e-13 6.554926038689345119e-13
3.754882943143812990e-01 5.041989998623493288e-14 2.156299172411876909e-13 3.272660666462262373e-13 3.939714817624841644e-13 4.412741404379529904e-13 4.788941299813411735e-13 5.116702181756985626e-13 5.430444976880488167e-13 5.779186011128590540e-13 6.317506464468666619e-13
3.888628762541806450e-01 3.993455963864620689e-14 1.902914505718352424e-13 3.020911896027861215e-13 3.697527035823083062e-13 4.177202588483067395e-13 4.558379181938042555e-13 4.889986326826729374e-13 5.206688703405845044e-13 5.557236868720481271e-13 6.095372738194079731e-13
4.022374581939799354e-01 3.133688064278583585e-14 1.668819251271475832e-13 2.783047753103155804e-13 3.468946911345598987e-13 3.955181305815451149e-13 4.341260733980083298e-13 4.676687298306233387e-13 4.996352627125015797e-13 5.348792267088830457e-13 5.886993930172980740e-13
4.156120401337792813e-01 2.436022277386892329e-14 1.453579828203984241e-13 2.557837438004427066e-13 3.252676473152605107e-13 3.745363355533466937e-13 4.136291030564376756e-13 4.475508313479658935e-13 4.798144448350383082e-13 5.152539990708379108e-13 5.691049091427149967e-13
4.289866220735786273e-01 1.875903589526333239e-14 1.256863877716528505e-13 2.344257934306726771e-13 3.047548607447383092e-13 3.546612508067205545e-13 3.942347141506909358e-13 4.285320016389119571e-13 4.610923197509194725e-13 4.967345306961513207e-13 5.506375207854275872e-13
4.423612040133779733e-01 1.431090646610564645e-14 1.078344330700938475e-13 2.141482318086565914e-13 2.852567502788314372e-13 3.357932519306949179e-13 3.758411598448258195e-13 4.105127865843560745e-13 4.433704096347663597e-13 4.792200139337579101e-13 5.331952469143745571e-13
4.557357859531773192e-01 1.081626021462305576e-14 9.176335487246033918e-14 1.948896499347986802e-13 2.666838655759329432e-13 3.178430575978629231e-13 3.583613693354155026e-13 3.934046448588730470e-13 4.265604030254476040e-13 4.626224396443031648e-13 5.166879253447289403e-13
4.691103678929766096e-01 8.099803636238050661e-15 7.742345710023043473e-14 1.766044792244129363e-13 2.489591893083169520e-13 3.007320745937391665e-13 3.417175296898666026e-13 3.771303766101325522e-13 4.105845172422349671e-13 4.468635786002476462e-13 5.010357762862597317e-13
4.824849498327759556e-01 6.010475974012218087e-15 6.475053381668935622e-14 1.592667894495536830e-13 2.320143559575943075e-13 2.843916029532109642e-13 3.258395439135684454e-13 3.616205012849291701e-13 3.953727128958078530e-13 4.318740481111687877e-13 4.861677055482429966e-13
4.958595317725753016e-01 4.419959038814878007e-15 5.366384031696082646e-14 1.428654141347278817e-13 2.157886037091297240e-13 2.687583548157883896e-13 3.106666152463193441e-13 3.468134710998383127e-13 3.808638177504431953e-13 4.175917769956241749e-13 4.720200505042445058e-13
5.092341137123745920e-01 3.221391588364563331e-15 4.406720188842511090e-14 1.274026517567954648e-13 2.002322539880222961e-13 2.537775369839093711e-13 2.961420917891461288e-13 3.326535119893469952e-13 3.670031327225855000e-13 4.039603949681937979e-13 4.585365053514856474e-13
5.226086956521739380e-01 2.327114584104236239e-15 3.585094404928946864e-14 1.128905564096363208e-13 1.853016913116553740e-13 2.393988529342682401e-13 2.822169305493475054e-13 3.190914190270551873e-13 3.537399882415864105e-13 3.909303695980088044e-13 4.456661640441275586e-13
5.359832775919732839e-01 1.666366166857696235e-15 2.889438334068185365e-14 9.934744001609173476e-14 1.709634143195240978e-13 2.255774530674138386e-13 2.688461586356448395e-13 3.060825292949039361e-13 3.410300145752802577e-13 3.784570578126984172e-13 4.333629019327263240e-13
5.493578595317726299e-01 1.182793591781580411e-15 2.307004660723227447e-14 8.679160506716169575e-14 1.571925124377902483e-13 2.122732102601572170e-13 2.559888740890687737e-13 2.935868671690336604e-13 3.288330853760407968e-13 3.664995036455699620e-13 4.215856304994354532e-13
5.627324414715719758e-01 8.322391716071911313e-16 1.824850238048985677e-14 7.524063229562291338e-14 1.439718734052832109e-13 1.994504749027364240e-13 2.436095827094542382e-13 2.815663845380566795e-13 3.171126713578743140e-13 3.550209516198824540e-13 4.102969178341434114e-13
5.761070234113713218e-01 5.804911367143810016e-16 1.430144300829335325e-14 6.470294656648181544e-14 1.312960740287343970e-13 1.870771541689262618e-13 2.316743914776818189e-13 2.699894499178419712e-13 3.058355879277646749e-13 3.439879075000545716e-13 3.994627025830495710e-13
5.894816053511705567e-01 4.013949622296122492e-16 1.110583693178971831e-14 5.517832842563336232e-14 1.191665142757938708e-13 1.751242721664921392e-13 2.201533874066508328e-13 2.588256709067362663e-13 2.949714246170376603e-13 3.333705521174331148e-13 3.890520734998608845e-13
6.028561872909699026e-01 2.751644303424426547e-16 8.546795772413515141e-15 4.665313977913945517e-14 1.075934354580561668e-13 1.635686831066082983e-13 2.090187597250549620e-13 2.480474285984955885e-13 2.844927844843486668e-13 3.231412248341654583e-13 3.790368049540181505e-13
6.162307692307692486e-01 1.870161087643547445e-16 6.519158189487844228e-15 3.910052100605474686e-14 9.659398501521412652e-14 1.523902179029186306e-13 1.982454345989923746e-13 2.376294580746797603e-13 2.743750932160493441e-13 3.132743705556680129e-13 3.693915161490620549e-13
6.296053511705685946e-01 1.260190471879754846e-16 4.929255745450390598e-15 3.248027593242763113e-14 8.618990250901855932e-14 1.415732359863630507e-13 1.878108308970409216e-13 2.275491471418548442e-13 2.645948649100014849e-13 3.037474800957796718e-13 3.600921355721051869e-13
6.429799331103679405e-01 8.419725223079311219e-17 3.695195770800794541e-15 2.673998508355463975e-14 7.640504089541621898e-14 1.311074317609195005e-13 1.776944827008162648e-13 2.177854818524752024e-13 2.551311190581412208e-13 2.945384712998037764e-13 3.511176392869546540e-13
6.563545150501672865e-01 5.578546053453589083e-17 2.746748544145093470e-15 2.181691657529992743e-14 6.726379120861661501e-14 1.209871832055729170e-13 1.678771226657645133e-13 2.083187988750033465e-13 2.459648772939215138e-13 2.856287954194950619e-13 3.424479048996993143e-13
6.697290969899666324e-01 3.665650106541089498e-17 2.024839518449704192e-15 1.764119661507596514e-14 5.878741710784051613e-14 1.112131792370889287e-13 1.583419065546856219e-13 1.991314741226669169e-13 2.370784781791188525e-13 2.770000647061522544e-13 3.340644739064118970e-13
6.831036789297659784e-01 2.389141822448097659e-17 1.480498109459165485e-15 1.413785513859285657e-14 5.099129553896831756e-14 1.017909581451796312e-13 1.490736162698454809e-13 1.902073023780293128e-13 2.284543409198750780e-13 2.686363554739300225e-13 3.259510753397242025e-13
6.964782608695653243e-01 1.544864011262227420e-17 1.073836781070298964e-15 1.123057811875193360e-14 4.388387214337398817e-14 9.273126404083637487e-14 1.400602904988531159e-13 1.815311390466155838e-13 2.200786543646382532e-13 2.605214512681854772e-13 3.180918426621299285e-13
7.098528428093645593e-01 9.912217059653109775e-18 7.727222021686701953e-16 8.843643176804922911e-15 3.746453620415603742e-14 8.404983124193993307e-14 1.312909832310410215e-13 1.730888632308840436e-13 2.119370505618265268e-13 2.526419513615582075e-13 3.104724970082488470e-13
7.232274247491639052e-01 6.311668657910102339e-18 5.517038336840314786e-16 6.904366610814889009e-15 3.172285247133887553e-14 7.576580490025211655e-14 1.227575871815681745e-13 1.648676833039980664e-13 2.040159828166443106e-13 2.449849726192459865e-13 3.030796574063708400e-13
7.366020066889632512e-01 3.989335695678949382e-18 3.908737420028470837e-16 5.344895981743100653e-15 2.663826131707296124e-14 6.790056429395484753e-14 1.144554464711308794e-13 1.568558100858753827e-13 1.963042618203040584e-13 2.375377837435857844e-13 2.959011529097606178e-13
7.499765886287625971e-01 2.503559363380183546e-18 2.748319966799191910e-16 4.103450578483631791e-15 2.218162762041379573e-14 6.047635297246224642e-14 1.063829027936865298e-13 1.490420574641150838e-13 1.887900921963655839e-13 2.302897117051265932e-13 2.889253922560189966e-13
7.633511705685619431e-01 1.560319409428672360e-18 1.917980997978756455e-16 3.124743607648966235e-15 1.831548474370371763e-14 5.351419707643136273e-14 9.854116238050197861e-14 1.414170117489025699e-13 1.814633310904209824e-13 2.232300396409311822e-13 2.821417742463102370e-13
7.767257525083612890e-01 9.660211853071997796e-19 1.328612373042077826e-16 2.360523342467401641e-15 1.499625507330354412e-14 4.703202581784090734e-14 9.093577258691188806e-14 1.339715025162479726e-13 1.743143361647207136e-13 2.163491652003571390e-13 2.755404035816588661e-13
7.901003344481606350e-01 5.941881633658822775e-19 9.136877813234877355e-17 1.769313300732676405e-15 1.217617189483512695e-14 4.104427542013414231e-14 8.357515430128819136e-14 1.266980063455075191e-13 1.673340718456010678e-13 2.096380528151466348e-13 2.691118619567192102e-13
8.034749163879598699e-01 3.632761744444208673e-19 6.238777662014097680e-17 1.316004859753934364e-15 9.804383920618378065e-15 3.555866842519855423e-14 7.647168338619112985e-14 1.195902056814639988e-13 1.605140308769049348e-13 2.030876515557671450e-13 2.628477507948380722e-13
8.168494983277592159e-01 2.207878181144557499e-19 4.229968823418043138e-17 9.714839515622607674e-16 7.829907706711704984e-15 3.057716479505449213e-14 6.963996202870157530e-14 1.126425358333941020e-13 1.538464707405704127e-13 1.966907598819283560e-13 2.567398684497902857e-13
8.302240802675585618e-01 1.334316072903334401e-19 2.848192447533276070e-17 7.118669896734241265e-16 6.202473150711147271e-15 2.609422834528985975e-14 6.309703733612860904e-14 1.058517341066120791e-13 1.473238645543289062e-13 1.904397985032447322e-13 2.507806902389889905e-13
8.435986622073579078e-01 8.020497539146910439e-20 1.904905029180615497e-17 5.178531226345421536e-16 4.874113078521661323e-15 2.209732108868959762e-14 5.686103083936755519e-14 9.921653793055698860e-14 1.409398392572448535e-13 1.843276244435219678e-13 2.449631085018605035e-13
8.569732441471572537e-01 4.796167039042366514e-20 1.265621898962494498e-17 3.740480163663883862e-16 3.800286389579066907e-15 1.856773220792515035e-14 5.095035006783326581e-14 9.273684996040922020e-14 1.346876254268038873e-13 1.783479717623475405e-13 2.392804770280486878e-13
8.703478260869565997e-01 2.854488651715220118e-20 8.354704951252384839e-18 2.682979306499233889e-16 2.940254466562142978e-15 1.548038227398109670e-14 4.538206499893853280e-14 8.641589152668321129e-14 1.285615973865390349e-13 1.724944995969157839e-13 2.337266661126754256e-13
8.837224080267559456e-01 1.691058311461370244e-20 5.480815693758053681e-18 1.911269364657481535e-16 2.257688025762888223e-15 1.280587566262754631e-14 4.017155927392631145e-14 8.025820578209067840e-14 1.225565191732600442e-13 1.667616283193231174e-13 2.282956649510760213e-13
8.970969899665552916e-01 9.974042944729569419e-21 3.573679238427689607e-18 1.352422048680039743e-16 1.720756476502944920e-15 1.051117372662030145e-14 3.533060967682418807e-14 7.427137633165206898e-14 1.166678382883519300e-13 1.611439427539788822e-13 2.229820981219221647e-13
9.104715719063546375e-01 5.858450522045004171e-21 2.316334001055453247e-18 9.506801106364547562e-17 1.302020646882878734e-15 8.561077066430239141e-15 3.086734759844602269e-14 6.846502724842515107e-14 1.108910750017535655e-13 1.556361897345033194e-13 2.177808244458730290e-13
9.238461538461538725e-01 3.427657970932265726e-21 1.492678736521601472e-18 6.639590056442443375e-17 9.781776436241461976e-16 6.919416064431237451e-15 2.678498454939424713e-14 6.285072481017994130e-14 1.052231505986060507e-13 1.502336811273146472e-13 2.126867931115120306e-13
9.372207357859532184e-01 1.998366053588332124e-21 9.566266202972398797e-19 4.607799792696573699e-17 7.297798269158481342e-16 5.550309739372512528e-15 2.308180043383397484e-14 5.744118012525574621e-14 9.966146232288423017e-14 1.449322919475355857e-13 2.076954260718544662e-13
9.505953177257525644e-01 1.161101196182719761e-21 6.097992506458349945e-19 3.177995798782143678e-17 5.407605747673106159e-16 4.418903399842639858e-15 1.975102185739016106e-14 5.225096342933893763e-14 9.420465517251526559e-14 1.397271967353907279e-13 2.028024738937800185e-13
9.639698996655519103e-01 6.724531839928886294e-22 3.866995112473349973e-19 2.178558478017925749e-17 3.980290217559050870e-16 3.492267710309869558e-15 1.678093886533930751e-14 4.729442193676517361e-14 8.885248722642647589e-14 1.346145325283655652e-13 1.980038360033287714e-13
9.773444816053512563e-01 3.882775451575408470e-22 2.440015906428754132e-19 1.484623865644617760e-17 2.910571003592930297e-16 2.740042153486592693e-15 1.415586265484789574e-14 4.258575541590700034e-14 8.360556418551162294e-14 1.295906042582630624e-13 1.932956452373253723e-13
9.907190635451506022e-01 2.235692238783752858e-22 1.532238754418389541e-19 1.005921878834004754e-17 2.114796655514277485e-16 2.134568989382337765e-15 1.185591064481592531e-14 3.813822440068477534e-14 7.846630027470564148e-14 1.246521506627360901e-13 1.886739835857374656e-13
1.004093645484949837e+00 1.284176158010026245e-22 9.578639840373224722e-20 6.777244424872943664e-18 1.526966900428851419e-16 1.651329202817593526e-15 9.858654390477547369e-15 3.396319907082638024e-14 7.343839793616389752e-14 1.197952851406561349e-13 1.841357916066458427e-13
1.017468227424749072e+00 7.358437492053690148e-23 5.961584269017979176e-20 4.540955806494278717e-18 1.095772140713864998e-16 1.268763437923888396e-15 8.139429341617795087e-15 3.006953547464742723e-14 6.852709427007840038e-14 1.150176030352629228e-13 1.796773780444290024e-13
1.030842809364548529e+00 4.207222170948549472e-23 3.694799965666762879e-20 3.026435284373131424e-18 7.816436619877829978e-17 9.683198866219281416e-16 6.672401160666945511e-15 2.646329327995805344e-14 6.373921762834405357e-14 1.103159469518114735e-13 1.752958188557467461e-13
1.044217391304347764e+00 2.400549400245361888e-23 2.280677888226362344e-20 2.006679969218347822e-18 5.543025662006043633e-17 7.341836152435463786e-16 5.431416352722797667e-15 2.314736317932610386e-14 5.908261690396075520e-14 1.056879043942549981e-13 1.709881089935127536e-13
1.057591973244147221e+00 1.367096926053841584e-23 1.402349571143001365e-20 1.323755965009230937e-18 3.908310810745688570e-17 5.530967499432223751e-16 4.390512611012120323e-15 2.012086578156683777e-14 5.456651655438781363e-14 1.011314432783588910e-13 1.667514066299041536e-13
1.070966555183946456e+00 7.774175854500642663e-24 8.592644146020613431e-21 8.690751183903645009e-19 2.740335717128733233e-17 4.140680457534754630e-16 3.524756920459555131e-15 1.737966968097344204e-14 5.020092348317162575e-14 9.664465431275262788e-14 1.625831868030017298e-13
1.084341137123745691e+00 4.414072562045001171e-24 5.246690144520546774e-21 5.678730203119816150e-19 1.910919309070538578e-17 3.080846046748370352e-16 2.810586969263003874e-15 1.491603551132110547e-14 4.599652421933435034e-14 9.222645182159127767e-14 1.584806958562017118e-13
1.097715719063545148e+00 2.502738064484694756e-24 3.193058104256985658e-21 3.693690051961771426e-19 1.325438844432267606e-17 2.278563577248375202e-16 2.226198565594084469e-15 1.271925321936092520e-14 4.196416614851284059e-14 8.787592161530087471e-14 1.544416009602948303e-13
1.111090301003344383e+00 1.417361563079381610e-24 1.937243883398978537e-21 2.391994633628288339e-19 9.145478785773569742e-18 1.675308506327010104e-16 1.751782761208192280e-15 1.077585275835165903e-14 3.811414780665238107e-14 8.359315076938683359e-14 1.504635817172254206e-13
1.124464882943143840e+00 8.018121490450786619e-25 1.171883375321017737e-21 1.542493241001233600e-19 6.278382781674939323e-18 1.224697479249690995e-16 1.369619534612058759e-15 9.070332305124463702e-15 3.445638765175483471e-14 7.937838276932791355e-14 1.465445199751685456e-13
1.137839464882943075e+00 4.532441359529096510e-25 7.070166131815996795e-22 9.907062317189688089e-20 4.288905453858679755e-18 8.902877025369045761e-17 1.064084146631380297e-15 7.585392961756927583e-15 3.099961716429239408e-14 7.523289031391765087e-14 1.426823261586329625e-13
1.151214046822742532e+00 2.560168392648976514e-25 4.254580945521728861e-22 6.338315034976984457e-20 2.915827663684222041e-18 6.436376786960600985e-17 8.215901139682930809e-16 6.302674203816653768e-15 2.775095387842673715e-14 7.115904181962377841e-14 1.388748477108924025e-13
1.164588628762541767e+00 1.445080870208833025e-25 2.553909691684276383e-22 4.039773900768576983e-20 1.973080591139813059e-18 4.628344369994526526e-17 6.305142905412415896e-16 5.203293625383488487e-15 2.471570655233682301e-14 6.715937848133896773e-14 1.351203584125891799e-13
1.177963210702341001e+00 8.152178944635686411e-26 1.529508284767926970e-22 2.565489093396902831e-20 1.329089312203889078e-18 3.310928789845831077e-17 4.810182789625855785e-16 4.268418543795770215e-15 2.189721484166479609e-14 6.323778390817096006e-14 1.314169745049258199e-13
1.191337792642140458e+00 4.597010016347496950e-26 9.140473824853679548e-23 1.623611219489317017e-20 8.913463360923079088e-19 2.356395940321998890e-17 3.648351327776645599e-16 3.479479876835299404e-15 1.929640605914857358e-14 5.939860845516204161e-14 1.277630532166709114e-13
1.204712374581939693e+00 2.591837206828209992e-26 5.452194447733112396e-23 1.024234251978366343e-20 5.952660738178767970e-19 1.668692291211177984e-17 2.751415935343078063e-16 2.818733969273076140e-15 1.691207238128531619e-14 5.564712039073981665e-14 1.241569730329423079e-13
1.218086956521739150e+00 1.461053255739730143e-26 3.246159941332173091e-23 6.440933301846418165e-21 3.958956688694066013e-19 1.175998498948423937e-17 2.063511501654262079e-16 2.269423687406260282e-15 1.474062294193762575e-14 5.198933442692179795e-14 1.205970850581995823e-13
1.231461538461538385e+00 8.235017296519304110e-27 1.929410124146224212e-23 4.038265710951511478e-21 2.622498938957490190e-19 8.248512623032683228e-18 1.539188051777077439e-16 1.816114929727471179e-15 1.277636095899054581e-14 4.843139366695745027e-14 1.170821352167267403e-13
1.244836120401337842e+00 4.642074057498923587e-27 1.144926132720236630e-23 2.524585820714530254e-21 1.730483422107429399e-19 5.758865451865155212e-18 1.141999354623649832e-16 1.444692080878052904e-15 1.101156231993552460e-14 4.498018968429104852e-14 1.136106837205018588e-13
1.258210702341137077e+00 2.616204613029637347e-27 6.784256197806258116e-24 1.574015710571814156e-21 1.137640449782830186e-19 4.002601439963088136e-18 8.429232147818790094e-17 1.142499694065138871e-15 9.436881774075899243e-15 4.164245295883680873e-14 1.101816668385371491e-13
1.271585284280936534e+00 1.475181145318791636e-27 4.015368995122273681e-24 9.789655339866964759e-22 7.452916703321912943e-20 2.769981576747248322e-18 6.190258595624847048e-17 8.983165287509399327e-16 8.041534713946034771e-15 3.842515077091909303e-14 1.067938686354643048e-13
1.284959866220735769e+00 8.320122526829680808e-28 2.373646501639157854e-24 6.073797382452303659e-22 4.865669600651484547e-20 1.908800612542066387e-18 4.523559960967705355e-17 7.023346650546051134e-16 6.813587925417623678e-15 3.533480986503011279e-14 1.034465117110406547e-13
1.298334448160535004e+00 4.694072937506140474e-28 1.401631832752485942e-24 3.759697013752852562e-22 3.166050104008368421e-20 1.309942224202356981e-18 3.289625139780271629e-17 5.460600783846525100e-16 5.740376203341215138e-15 3.237767398656373518e-14 1.001388496372742539e-13
1.311709030100334461e+00 2.652008729823854059e-28 8.268382577098610266e-25 2.322169441223804007e-22 2.053528252871624690e-20 8.953551522850969333e-19 2.381015089368435981e-17 4.222479656099656223e-16 4.808855258826678142e-15 2.955924988749330619e-14 9.687033314573108855e-14
1.325083612040133696e+00 1.495758859954305180e-28 4.873232469858952637e-25 1.431319936836629191e-22 1.327852251428505229e-20 6.096047503678297080e-19 1.715479583434044811e-17 3.247749609541945588e-16 4.005847255384167276e-15 2.688422947890516866e-14 9.364072418134546662e-14
1.338458193979933153e+00 8.469451847533401778e-29 2.870450253290873084e-25 8.806306633195077468e-23 8.561674247147879236e-21 4.135070814642533557e-19 1.230412911702896703e-17 2.484963785735262996e-16 3.318246293999455476e-15 2.435647994317998284e-14 9.044994624348804545e-14
1.351832775919732388e+00 4.769479786567351490e-29 1.689660582093215202e-25 5.408427644814933945e-23 5.504948959180826749e-21 2.794718292042877153e-19 8.786533416871320028e-18 1.891665507839086142e-16 2.733409495116679302e-15 2.197867015199214773e-14 8.729823200655640029e-14
1.365207357859531845e+00 2.693211129470359789e-29 9.939949634388728031e-26 3.315884379286833614e-23 3.529949438828115906e-21 1.882116739353312986e-19 6.248130752341408413e-18 1.432802610800869147e-16 2.239309592509586799e-15 1.975240497329284302e-14 8.418612132571971166e-14
1.378581939799331080e+00 1.527300971466349226e-29 5.844872539201087668e-26 2.029785542481263990e-23 2.257752503077833704e-21 1.263215813419433449e-19 4.424553031470918798e-18 1.079952269169599811e-16 1.824532413231046125e-15 1.767798539244291445e-14 8.111449908972666634e-14
1.391956521739130537e+00 8.657567602451522202e-30 3.435501316526778582e-26 1.240659346981827402e-23 1.440493058953183109e-21 8.450151550435323114e-20 3.120485974548948620e-18 8.101115892118838518e-17 1.478597390812322893e-15 1.575462089138976647e-14 7.808449237537968194e-14
1.405331103678929772e+00 4.921939632695043155e-30 2.018954644435350278e-26 7.573972316516779399e-24 9.170285596208449760e-22 5.635149856862459349e-20 2.192267769401782271e-18 6.048727652111573574e-17 1.191918657521317284e-15 1.398027920260220225e-14 7.509755397866651442e-14
1.418705685618729007e+00 2.778539634418891034e-30 1.186359796632002631e-26 4.618096731359057090e-24 5.825078024909751316e-22 3.746426156451724328e-20 1.534279381560534033e-18 4.495646280817476511e-17 9.557927894172163715e-16 1.235177854997476984e-14 7.215548990906335525e-14
1.432080267558528464e+00 1.609826149524051795e-30 6.969808070834732585e-27 2.812511159808344415e-24 3.692354267099817611e-22 2.483373568281611363e-20 1.069796361632681201e-18 3.326458614068686369e-17 7.624996655889889199e-16 1.086482687277080377e-14 6.926036745246374655e-14
1.445454849498327698e+00 8.769582540654372312e-31 4.094239392955232214e-27 1.711013867934610789e-24 2.335761223237975394e-22 1.641424885942965076e-20 7.432278862496013883e-19 2.450677883612840412e-17 6.052205657262271225e-16 9.514332757007398986e-15 6.641441892687939478e-14
1.458829431438127155e+00 5.019140890781397840e-31 2.405184266742319719e-27 1.039925711291171604e-24 1.474819531335694683e-22 1.081965479462054756e-20 5.145433492397820450e-19 1.797806827135147294e-17 4.779885812251455190e-16 8.294229571529122417e-15 6.362022482891510497e-14
1.472204013377926390e+00 2.763681063843935818e-31 1.413355190744194298e-27 6.315657006542137539e-25 9.296315700129262952e-23 7.113591289073796015e-21 3.550266211770441697e-19 1.313421261769814553e-17 3.756588015411526284e-16 7.197832775741071659e-15 6.088036160582568060e-14
1.485578595317725847e+00 1.609401442623122376e-31 8.305811604677027894e-28 3.832570313587581583e-25 5.849917982950395735e-23 4.665149094654330107e-21 2.441551445922304454e-19 9.556677080281106119e-18 2.938162225301249705e-16 6.217897301293512598e-15 5.819760027028488491e-14
1.498953177257525082e+00 8.733036515051184669e-32 4.883570517727756717e-28 2.324153128823233915e-25 3.675404230253118892e-23 3.052059311084526324e-21 1.673725201849361262e-19 6.926236108962025292e-18 2.287199878349115869e-16 5.346786436418714377e-15 5.557467470461424091e-14
1.512327759197324317e+00 5.769310733341637333e-32 2.873081359271184322e-28 1.408509986486762775e-25 2.305710032689538621e-23 1.992071977352166048e-21 1.143804549622811016e-19 5.000494339042694518e-18 1.772248869735422916e-16 4.576617347778165657e-15 5.301431155042493208e-14
1.525702341137123774e+00 2.323798009349934965e-32 1.688235483582519438e-28 8.531388906703461722e-26 1.444427253431606223e-23 1.297333020955955881e-21 7.793245352471474257e-20 3.596687335018266061e-18 1.366989873998213383e-16 3.899353567779838442e-15 5.051914225056012627e-14
1.539076923076923009e+00 1.130417396941916381e-32 9.928143909933531500e-29 5.165842113857518809e-26 9.037879193840510155e-24 8.431594819594649293e-22 5.294772477648638930e-20 2.577606651968040990e-18 1.049723993578877159e-16 3.307052247663313885e-15 4.809158101773859078e-14
1.552451505016722466e+00 5.638611184988424412e-33 5.857910077281815565e-29 3.126795757512765436e-26 5.648389838244511887e-24 5.468948191959545665e-22 3.587362867564233887e-20 1.840775932968677380e-18 8.026054990739220027e-17 2.791840943586456562e-15 4.573388544857487284e-14
1.565826086956521701e+00 4.784253105581187034e-33 3.450036253651277242e-29 1.892020988010279578e-26 3.526039907697848425e-24 3.540413029172756207e-22 2.423947878564851348e-20 1.310017309250809317e-18 6.110395112512490917e-17 2.346091760653795598e-15 4.344802941141825851e-14
1.579200668896321158e+00 1.125802761812209712e-33 2.032789938861466140e-29 1.144596204508401377e-26 2.198888106814060901e-24 2.287774990637087599e-22 1.633601682466491920e-20 9.291811807917794196e-19 4.632663516706953653e-17 1.962521452344535555e-15 4.123567374647819112e-14
1.592575250836120393e+00 2.457397508805502021e-34 1.200775706379612296e-29 6.922556279958099517e-27 1.369891241847108828e-24 1.475707474573868650e-22 1.098156073633215547e-20 6.568878746287679447e-19 3.497901550983453729e-17 1.634203364535692835e-15 3.909814681563347294e-14
1.605949832775919628e+00 0.000000000000000000e+00 7.016370683754284037e-30 4.187340644518376608e-27 8.527824134754515518e-25 9.504113801943206304e-23 7.364877375615120750e-21 4.629437120213600107e-19 2.630674761439937542e-17 1.354674234449534840e-15 3.703644460092391580e-14
1.619324414715719085e+00 0.000000000000000000e+00 4.164845629301494835e-30 2.532664546292542667e-27 5.304405307697280150e-25 6.111331856352815622e-23 4.927742074507585155e-21 3.252489985250138118e-19 1.970707907659895929e-17 1.117926099972645574e-15 3.505116917198578586e-14
1.632698996655518320e+00 0.000000000000000000e+00 2.440971064699606715e-30 1.531617665966451541e-27 3.296979491150721808e-25 3.923878660302690548e-23 3.289732013086817830e-21 2.278284212934674941e-19 1.470713908301028186e-17 9.184553123487069258e-16 3.314257684944232545e-14
1.646073578595317777e+00 0.000000000000000000e+00 1.465423524161127201e-30 9.263895471142486917e-28 2.047865514410562680e-25 2.515813793633659849e-23 2.191442101932616767e-21 1.591213165986704161e-19 1.093473064838985675e-17 7.512496137065915484e-16 3.131057919975808259e-14
1.659448160535117012e+00 0.000000000000000000e+00 8.518461666879374652e-31 5.604544904439832288e-28 1.271257197584781756e-25 1.610905608986680678e-23 1.456819689868580711e-21 1.108226689606794868e-19 8.100533223688229080e-18 6.118083181117831118e-16 2.955472633280067433e-14
1.672822742474916469e+00 0.000000000000000000e+00 4.961610187390531448e-31 3.390970810338210762e-28 7.888150940491352444e-26 1.030266534581352272e-23 9.665864169172426126e-22 7.697550896153724568e-20 5.979709636062483020e-18 4.961046424138203653e-16 2.787427314726919494e-14
1.686197324414715704e+00 0.000000000000000000e+00 2.990981178340506669e-31 2.051918124812598684e-28 4.892439467811904426e-26 6.581557830139418669e-24 6.401133032899611084e-22 5.332504964854481725e-20 4.398920749900723732e-18 4.005654485588466273e-16 2.626818119057913019e-14
1.699571906354515161e+00 0.000000000000000000e+00 1.712640437299626536e-31 1.242028074309323857e-28 3.033330254066246848e-26 4.199954418411692486e-24 4.231495167303966561e-22 3.684715344893215884e-20 3.225144139541528465e-18 3.220683550047643015e-16 2.473513075333576296e-14
1.712946488294314396e+00 0.000000000000000000e+00 9.760108186602875847e-32 7.524416333706178269e-29 1.879996064104330734e-26 2.677390626655798747e-24 2.792366980162800219e-22 2.539782613019289225e-20 2.356786269208119993e-18 2.578798484889409188e-16 2.327360047559997691e-14
1.726321070234113630e+00 0.000000000000000000e+00 6.126686269707448870e-32 4.565655791501098872e-29 1.164870947700397205e-26 1.705167771578354173e-24 1.839631275318988936e-22 1.746410678432612863e-20 1.716704081207351729e-18 2.056399015826331529e-16 2.188185122073130734e-14
1.739695652173913087e+00 0.000000000000000000e+00 3.791295096839495766e-32 2.762569638466340618e-29 7.216977219699342931e-27 1.085110679525365746e-24 1.210118630371603117e-22 1.198135907040523404e-20 1.246578324819905640e-18 1.633239800459052041e-16 2.055798748764640574e-14
1.753070234113712322e+00 0.000000000000000000e+00 2.023847105928578503e-32 1.672401773114030331e-29 4.470561696498771167e-27 6.899640491096028468e-25 7.948235108767506841e-23 8.201510862292338300e-21 9.024459979964581499e-19 1.292023005068196769e-16 1.929998604671535811e-14
1.766444816053511779e+00 0.000000000000000000e+00 1.492356160536760720e-32 1.014839804777065011e-29 2.768926232873423267e-27 4.383809519688493083e-25 5.213002661884090516e-23 5.601942204508640103e-21 6.513715015038598020e-19 1.018093763282638130e-16 1.810570592827026751e-14
1.779819397993311014e+00 0.000000000000000000e+00 4.003478025766453820e-33 6.157420061030118286e-30 1.715001226572161325e-27 2.783415862563306535e-25 3.414401525438274123e-23 3.818385358728405899e-21 4.687964392384586406e-19 7.991721296535664959e-17 1.697295557747454741e-14
1.793193979933110471e+00 0.000000000000000000e+00 3.463366698417884052e-33 3.760099593538628429e-30 1.062157142847223649e-27 1.766122138928010214e-25 2.233407835276204174e-23 2.597386313575966894e-21 3.364406301220581629e-19 6.249519817905787107e-17 1.589945895548386282e-14
1.806568561872909706e+00 0.000000000000000000e+00 1.677359924228695343e-33 2.304944179207407596e-30 6.578322100976072058e-28 1.120129608413730621e-25 1.459256050434067968e-23 1.763536201978243727e-21 2.408054869672190789e-19 4.869158096318884340e-17 1.488295690382695962e-14
1.819943143812709163e+00 0.000000000000000000e+00 1.487614179041608133e-33 1.363892112128644197e-30 4.076036053725890427e-28 7.100398953527382731e-26 9.523159736523012788e-24 1.195119547321575519e-21 1.718929738470149964e-19 3.779831083819303828e-17 1.392113450786268693e-14
1.833317725752508398e+00 0.000000000000000000e+00 8.528551647294176232e-35 8.266150062014706825e-31 2.525809762798869448e-28 4.498928566329230824e-26 6.208202532510736242e-24 8.084819792517675168e-22 1.223877815150930760e-19 2.923809507294725539e-17 1.301172668043158849e-14
1.846692307692307633e+00 0.000000000000000000e+00 8.019720142217086652e-35 5.095959659297049804e-31 1.564366098751094575e-28 2.849508498054733716e-26 4.043036485653836941e-24 5.459857879434805604e-22 8.692074302119117881e-20 2.253711886227073925e-17 1.215247382941619573e-14
1.860066889632107090e+00 0.000000000000000000e+00 0.000000000000000000e+00 3.070429629633572470e-31 9.698686707250961094e-29 1.804201261048982219e-26 2.630483761607669016e-24 3.681133723315343250e-22 6.158264582141443974e-20 1.731271181018420796e-17 1.134115979321373562e-14
1.873441471571906325e+00 0.000000000000000000e+00 0.000000000000000000e+00 1.873676305567710728e-31 6.009239259119710363e-29 1.142088503537993341e-26 1.709970065178423529e-24 2.478011645337371149e-22 4.352783741771192947e-20 1.325458159028804504e-17 1.057560937282704162e-14
1.886816053511705782e+00 0.000000000000000000e+00 0.000000000000000000e+00 1.109198253221527785e-31 3.729119722983312895e-29 7.228097970387467764e-27 1.110671447988939811e-24 1.665619867607281767e-22 3.069643617360697553e-20 1.011446462705636945e-17 9.853709760958169166e-15
1.900190635451505017e+00 0.000000000000000000e+00 0.000000000000000000e+00 6.988777747339884676e-32 2.310922960237056247e-29 4.573406507842555579e-27 7.208213302084837698e-25 1.117904593436378838e-22 2.159885808592428077e-20 7.693256941572194221e-18 9.173403263108534531e-15
1.913565217391304474e+00 0.000000000000000000e+00 0.000000000000000000e+00 4.619569588792944569e-32 1.434905238345039880e-29 2.893393079076966667e-27 4.674699446816570710e-25 7.492593969970978813e-23 1.516489841258626405e-20 5.833233612286844617e-18 8.532700301821075079e-15
1.926939799331103709e+00 0.000000000000000000e+00 0.000000000000000000e+00 2.324925139721391558e-32 8.945552503988543019e-30 1.830249099834919852e-27 3.029566964755219745e-25 5.015069685897912292e-23 1.062512412907643088e-20 4.409216278860984438e-18 7.929679867290685548e-15
1.940314381270902944e+00 0.000000000000000000e+00 0.000000000000000000e+00 1.424683820911785928e-32 5.524228867947475403e-30 1.157793273042828481e-27 1.962300120678736364e-25 3.352694366135731529e-23 7.429584013352447921e-21 3.322824575333509872e-18 7.362492103267945311e-15
1.953688963210702401e+00 0.000000000000000000e+00 0.000000000000000000e+00 7.928766876179771192e-33 3.417683252421420442e-30 7.323956979493549520e-28 1.270281381629214141e-25 2.238639462955067771e-23 5.184915135852371068e-21 2.496709294461845057e-18 6.829358474990736882e-15
1.967063545150501636e+00 0.000000000000000000e+00 0.000000000000000000e+00 5.852290937121171935e-33 2.145048258888834473e-30 4.632803909612600518e-28 8.218757178174334246e-26 1.493046876918547708e-23 3.611552946308322198e-21 1.870564486587016021e-18 6.328570175350158172e-15
1.980438127090301093e+00 0.000000000000000000e+00 0.000000000000000000e+00 4.184993512768227870e-33 1.324067838713741095e-30 2.930644827880945507e-28 5.315079055423746816e-26 9.946966882346642386e-24 2.511036044166425679e-21 1.397504754272895397e-18 5.858495837705061632e-15
1.993812709030100327e+00 0.000000000000000000e+00 0.000000000000000000e+00 1.354444038051104499e-33 8.331115132132192618e-31 1.853925206672904805e-28 3.435831090726604468e-26 6.620039261757136467e-24 1.742787032303742817e-21 1.041203533063671488e-18 5.417563228011535503e-15
2.007187290969899784e+00 0.000000000000000000e+00 0.000000000000000000e+00 6.534619376611371616e-34 5.067002064284332068e-31 1.173928290286040444e-28 2.220361092171297953e-26 4.401811489403367263e-24 1.207571970154361926e-21 7.736747940724921173e-19 5.004283803369319829e-15
2.020561872909699019e+00 0.000000000000000000e+00 0.000000000000000000e+00 5.771604347784967981e-34 3.155344289735115505e-31 7.426381323085025332e-29 1.434369381761999827e-26 2.924074001599777380e-24 8.353250877342011816e-22 5.733654611109230246e-19 4.617219071306710899e-15
2.033936454849498254e+00 0.000000000000000000e+00 0.000000000000000000e+00 3.288643157122808128e-35 1.946732018423826900e-31 4.704907709878688045e-29 9.263498012653584760e-27 1.940755323512378318e-24 5.769172855339502650e-22 4.238344358550037248e-19 4.255011005723326589e-15
2.047311036789297489e+00 0.000000000000000000e+00 0.000000000000000000e+00 3.079085343879382052e-35 1.247107964742364510e-31 2.980626968290449854e-29 5.980893828777700710e-27 1.287005668696033317e-24 3.978252148904735953e-22 3.125090783003199989e-19 3.916355300671491477e-15
2.060685618729097168e+00 0.000000000000000000e+00 0.000000000000000000e+00 0.000000000000000000e+00 7.562132463647739246e-32 1.883521462907139886e-29 3.860849589834802249e-27 8.528241815731167909e-25 2.739286592154348471e-22 2.298669753472554228e-19 3.600004944928309919e-15
2.074060200668896403e+00 0.000000000000000000e+00 0.000000000000000000e+00 0.000000000000000000e+00 4.678694691852655293e-32 1.194317643791513140e-29 2.491928117012191571e-27 5.647169851936026083e-25 1.883505060764848401e-22 1.686749499287909554e-19 3.304778091712914011e-15
2.087434782608695638e+00 0.000000000000000000e+00 0.000000000000000000e+00 0.000000000000000000e+00 2.802492502573550147e-32 7.567209003712991138e-30 1.608230799087344270e-27 3.736975940212165669e-25 1.293351405232302117e-22 1.234893386302851995e-19 3.029544943649369369e-15
2.100809364548494873e+00 0.000000000000000000e+00 0.000000000000000000e+00 0.000000000000000000e+00 1.808169481510541368e-32 4.787581588664217277e-30 1.037782223873782531e-27 2.471236011913223078e-25 8.869064515711857230e-23 9.020114363885239914e-20 2.773223881130132604e-15
2.114183946488294552e+00 0.000000000000000000e+00 0.000000000000000000e+00 0.000000000000000000e+00 1.292611542711728258e-32 3.037322981952937240e-30 6.696554047437405883e-28 1.633290362318608324e-25 6.074393721177486993e-23 6.574283062550438739e-20 2.534796569280415989e-15
2.127558528428093787e+00 0.000000000000000000e+00 0.000000000000000000e+00 0.000000000000000000e+00 5.718087071885894372e-33 1.937734964551021222e-30 4.320829582360341348e-28 1.078867699557943936e-25 4.155229225666332006e-23 4.781292600925511161e-20 2.313264594704163360e-15
2.140933110367893022e+00 0.000000000000000000e+00 0.000000000000000000e+00 0.000000000000000000e+00 4.286502232533577314e-33 1.213717453568652659e-30 2.788465085498847190e-28 7.123431515645583100e-26 2.839304451971479241e-23 3.470195921781680004e-20 2.107706464810796378e-15
2.154307692307692257e+00 0.000000000000000000e+00 0.000000000000000000e+00 0.000000000000000000e+00 2.308296067544713325e-33 7.733769027422060520e-31 1.799709241888543084e-28 4.701129531233228338e-26 1.937935306889074106e-23 2.513467605914140396e-20 1.917218163443588435e-15
2.167682274247491492e+00 0.000000000000000000e+00 0.000000000000000000e+00 0.000000000000000000e+00 1.862954136760119510e-33 4.864604880422100635e-31 1.161604157729525077e-28 3.101216969004960231e-26 1.321316431721931708e-23 1.816924026543096011e-20 1.740948694946797305e-15
2.181056856187291171e+00 0.000000000000000000e+00 0.000000000000000000e+00 0.000000000000000000e+00 1.465920711597873878e-33 3.119491412149692822e-31 7.494594979994773198e-29 2.044969343285240828e-26 8.999640812136379170e-24 1.310868298359118644e-20 1.578077807428369258e-15
2.194431438127090406e+00 0.000000000000000000e+00 0.000000000000000000e+00 0.000000000000000000e+00 2.558757018389812765e-34 2.016295249449125713e-31 4.836875742052909325e-29 1.348007502190296952e-26 6.123832680404889658e-24 9.439958617295073327e-21 1.427821756279915456e-15
2.207806020066889641e+00 0.000000000000000000e+00 0.000000000000000000e+00 0.000000000000000000e+00 2.251234609509437911e-34 1.218277152042434486e-31 3.123622734068574599e-29 8.883467875265730677e-27 4.163268072336628365e-24 6.785785787684653019e-21 1.289436974607707416e-15
2.221180602006688876e+00 0.000000000000000000e+00 0.000000000000000000e+00 0.000000000000000000e+00 2.100225548777669526e-34 7.910098478685221842e-32 2.016547029239522847e-29 5.852637935874244899e-27 2.827864458845222971e-24 4.869233967261316950e-21 1.162201579221939531e-15
2.234555183946488555e+00 0.000000000000000000e+00 0.000000000000000000e+00 0.000000000000000000e+00 1.187548849258402162e-35 5.114817322278943723e-32 1.304305465002459201e-29 3.854924598036265846e-27 1.919209301764711735e-24 3.488026069928046447e-21 1.045432884594739259e-15
2.247929765886287790e+00 0.000000000000000000e+00 0.000000000000000000e+00 0.000000000000000000e+00 0.000000000000000000e+00 3.075589345667454843e-32 8.415863230606901689e-30 2.538544659733772788e-27 1.301461467356611277e-24 2.494418126045598836e-21 9.384669512122906733e-16
2.261304347826087024e+00 0.000000000000000000e+00 0.000000000000000000e+00 0.000000000000000000e+00 0.000000000000000000e+00 1.998817041563302750e-32 5.447108077305295253e-30 1.671415806235767032e-27 8.818988555874481401e-25 1.781000370039268952e-21 8.406789700382786604e-16
2.274678929765886259e+00 0.000000000000000000e+00 0.000000000000000000e+00 0.000000000000000000e+00 0.000000000000000000e+00 1.240509521483644140e-32 3.529584382606150348e-30 1.100396633264350886e-27 5.971914306820676470e-25 1.269659048590040762e-21 7.514625934058578658e-16
2.288053511705685494e+00 0.000000000000000000e+00 0.000000000000000000e+00 0.000000000000000000e+00 0.000000000000000000e+00 7.452583477409617420e-33 2.268747024442590320e-30 7.244136195261758611e-28 4.041374840091483563e-25 9.037813993722908191e-22 6.702392457395427597e-16
2.301428093645485173e+00 0.000000000000000000e+00 0.000000000000000000e+00 0.000000000000000000e+00 0.000000000000000000e+00 5.049915695975328668e-33 1.466692304119544742e-30 4.768407606240790904e-28 2.733069256666781675e-25 6.423704419288553796e-22 5.964543267913098144e-16
2.314802675585284408e+00 0.000000000000000000e+00 0.000000000000000000e+00 0.000000000000000000e+00 0.000000000000000000e+00 3.576881854280303044e-33 9.530840850049609838e-31 3.138608581624257956e-28 1.847262261497437469e-25 4.559358044455114339e-22 5.295793602756337547e-16
2.328177257525083643e+00 0.000000000000000000e+00 0.000000000000000000e+00 0.000000000000000000e+00 0.000000000000000000e+00 1.612662911174033900e-33 6.152836076790051537e-31 2.065818683904389714e-28 1.247790448190793574e-25 3.231508284064871602e-22 4.691092098561519916e-16
2.341551839464882878e+00 0.000000000000000000e+00 0.000000000000000000e+00 0.000000000000000000e+00 0.000000000000000000e+00 8.674615384728000106e-34 4.014420965164471853e-31 1.359725026340769702e-28 8.424820935944121622e-26 2.287458711969227840e-22 4.145623788791851843e-16
2.354926421404682113e+00 0.000000000000000000e+00 0.000000000000000000e+00 0.000000000000000000e+00 0.000000000000000000e+00 6.976835929739816214e-34 2.606032718387553067e-31 8.949825791314329797e-29 5.685259931877144580e-26 1.617059543999681453e-22 3.654784202771484440e-16
2.368301003344481792e+00 0.000000000000000000e+00 0.000000000000000000e+00 0.000000000000000000e+00 0.000000000000000000e+00 5.472386778808066600e-34 1.662717101095769364e-31 5.891741695952222660e-29 3.834881171448522718e-26 1.141738885771155432e-22 3.214222409566441213e-16
2.381675585284281027e+00 0.000000000000000000e+00 0.000000000000000000e+00 0.000000000000000000e+00 0.000000000000000000e+00 9.455442250331764000e-35 1.062800658190437320e-31 3.878805049584868306e-29 2.585574598018563912e-26 8.051429289872816628e-23 2.819812347549172592e-16
2.395050167224080262e+00 0.000000000000000000e+00 0.000000000000000000e+00 0.000000000000000000e+00 0.000000000000000000e+00 8.518731393845835321e-35 6.895366348619173222e-32 2.554553375599203143e-29 1.742617129263199603e-26 5.671301897687029555e-23 2.467646896683846026e-16
2.408424749163879497e+00 0.000000000000000000e+00 0.000000000000000000e+00 0.000000000000000000e+00 0.000000000000000000e+00 7.696844917914954664e-35 4.560572776999239420e-32 1.682151306234621442e-29 1.174085907703615369e-26 3.990326567296700830e-23 2.154038936957685971e-16
2.421799331103679176e+00 0.000000000000000000e+00 0.000000000000000000e+00 0.000000000000000000e+00 0.000000000000000000e+00 4.315179540361278954e-36 2.841912723635977690e-32 1.107828889571576935e-29 7.908111858832710781e-27 2.804640441572138185e-23 1.875518910929897011e-16
2.435173913043478411e+00 0.000000000000000000e+00 0.000000000000000000e+00 0.000000000000000000e+00 0.000000000000000000e+00 0.000000000000000000e+00 1.859989254474530108e-32 7.302814229277924196e-30 5.324915789695353680e-27 1.969198796242730328e-23 1.628844637729916036e-16
2.448548494983277646e+00 0.000000000000000000e+00 0.000000000000000000e+00 0.000000000000000000e+00 0.000000000000000000e+00 0.000000000000000000e+00 1.160689687396694168e-32 4.812649780311947657e-30 3.584549395708629052e-27 1.381224127299762499e-23 1.410984658355298133e-16
2.461923076923076881e+00 0.000000000000000000e+00 0.000000000000000000e+00 0.000000000000000000e+00 0.000000000000000000e+00 0.000000000000000000e+00 7.887513354890019062e-33 3.167385604692658936e-30 2.412426923079740864e-27 9.678766524060754971e-24 1.219110359010552216e-16
2.475297658862876116e+00 0.000000000000000000e+00 0.000000000000000000e+00 0.000000000000000000e+00 0.000000000000000000e+00 0.000000000000000000e+00 4.747210408029738131e-33 2.085503343692124750e-30 1.623283395411458405e-27 6.776050515199053689e-24 1.050598516783136209e-16
2.488672240802675795e+00 0.000000000000000000e+00 0.000000000000000000e+00 0.000000000000000000e+00 0.000000000000000000e+00 0.000000000000000000e+00 3.077502089007412161e-33 1.378904977660050689e-30 1.092082331875189736e-27 4.739690027697215872e-24 9.030266944869165904e-17
2.502046822742475030e+00 0.000000000000000000e+00 0.000000000000000000e+00 0.000000000000000000e+00 0.000000000000000000e+00 0.000000000000000000e+00 1.805289749129777987e-33 9.081327683513342468e-31 7.345834222836252073e-28 3.312391451963131718e-24 7.741668680719990856e-17
2.515421404682274265e+00 0.000000000000000000e+00 0.000000000000000000e+00 0.000000000000000000e+00 0.000000000000000000e+00 0.000000000000000000e+00 1.345087581098706696e-33 6.003924752253551899e-31 4.940595589081901928e-28 2.313051981434667444e-24 6.619667197063306871e-17
2.528795986622073499e+00 0.000000000000000000e+00 0.000000000000000000e+00 0.000000000000000000e+00 0.000000000000000000e+00 0.000000000000000000e+00 9.589662132127456396e-34 3.959572587241293193e-31 3.322450829336425151e-28 1.613876104841505862e-24 5.645543588324337235e-17
2.542170568561873178e+00 0.000000000000000000e+00 0.000000000000000000e+00 0.000000000000000000e+00 0.000000000000000000e+00 0.000000000000000000e+00 5.531355555160831856e-34 2.582568500292024556e-31 2.234302176723772976e-28 1.125266781493702503e-24 4.802262131736447942e-17
2.555545150501672413e+00 0.000000000000000000e+00 0.000000000000000000e+00 0.000000000000000000e+00 0.000000000000000000e+00 0.000000000000000000e+00 2.279040657058224900e-34 1.714215222578400971e-31 1.502376266665211794e-28 7.839877645466617612e-25 4.074337714120532132e-17
2.568919732441471648e+00 0.000000000000000000e+00 0.000000000000000000e+00 0.000000000000000000e+00 0.000000000000000000e+00 0.000000000000000000e+00 1.781241199970182766e-34 1.120383075539723484e-31 1.010238584321238790e-28 5.458738586262639632e-25 3.447841164871169099e-17
2.582294314381270883e+00 0.000000000000000000e+00 0.000000000000000000e+00 0.000000000000000000e+00 0.000000000000000000e+00 0.000000000000000000e+00 1.361895721183951268e-34 7.484036757285933301e-32 6.793011900579320977e-29 3.798124045788107639e-25 2.910136747440876784e-17
2.595668896321070118e+00 0.000000000000000000e+00 0.000000000000000000e+00 0.000000000000000000e+00 0.000000000000000000e+00 0.000000000000000000e+00 2.809360557175753261e-35 5.005866945300167337e-32 4.567406720677674562e-29 2.641116531750199974e-25 2.449999490938047707e-17
2.609043478260869797e+00 0.000000000000000000e+00 0.000000000000000000e+00 0.000000000000000000e+00 0.000000000000000000e+00 0.000000000000000000e+00 2.449564757021924459e-35 3.206011807243062662e-32 3.071429425657059986e-29 1.835440311348729319e-25 2.057335875856419135e-17
2.622418060200669032e+00 0.000000000000000000e+00 0.000000000000000000e+00 0.000000000000000000e+00 0.000000000000000000e+00 0.000000000000000000e+00 1.433556873759553682e-35 2.084113874475727212e-32 2.065678325366345994e-29 1.274852328899655193e-25 1.723241688086960981e-17
2.635792642140468267e+00 0.000000000000000000e+00 0.000000000000000000e+00 0.000000000000000000e+00 0.000000000000000000e+00 0.000000000000000000e+00 1.254569282368834783e-36 1.427008573103870631e-32 1.389265096292066295e-29 8.849784199394907292e-26 1.439749920829971383e-17
2.649167224080267502e+00 0.000000000000000000e+00 0.000000000000000000e+00 0.000000000000000000e+00 0.000000000000000000e+00 0.000000000000000000e+00 0.000000000000000000e+00 9.546772173888861151e-33 9.344489403722248494e-30 6.140293299713460628e-26 1.199890125124773906e-17
2.662541806020067181e+00 0.000000000000000000e+00 0.000000000000000000e+00 0.000000000000000000e+00 0.000000000000000000e+00 0.000000000000000000e+00 0.000000000000000000e+00 5.940227924925196813e-33 6.284698847199693877e-30 4.258229399600046932e-26 9.975003414752208796e-18
2.675916387959866416e+00 0.000000000000000000e+00 0.000000000000000000e+00 0.000000000000000000e+00 0.000000000000000000e+00 0.000000000000000000e+00 0.000000000000000000e+00 3.942620220719994625e-33 4.228966916704032770e-30 2.951773556624751524e-26 8.272119029732414848e-18
2.689290969899665651e+00 0.000000000000000000e+00 0.000000000000000000e+00 0.000000000000000000e+00 0.000000000000000000e+00 0.000000000000000000e+00 0.000000000000000000e+00 2.451781224131649014e-33 2.846918508196900100e-30 2.045278177454403543e-26 6.843217216529064326e-18
2.702665551839464886e+00 0.000000000000000000e+00 0.000000000000000000e+00 0.000000000000000000e+00 0.000000000000000000e+00 0.000000000000000000e+00 0.000000000000000000e+00 1.621770903327455374e-33 1.916155855572552462e-30 1.416598296576594470e-26 5.647448557918131360e-18
2.716040133779264121e+00 0.000000000000000000e+00 0.000000000000000000e+00 0.000000000000000000e+00 0.000000000000000000e+00 0.000000000000000000e+00 0.000000000000000000e+00 1.150201583684630823e-33 1.288625541234213337e-30 9.808129650131258158e-27 4.649475861702012079e-18
2.729414715719063800e+00 0.000000000000000000e+00 0.000000000000000000e+00 0.000000000000000000e+00 0.000000000000000000e+00 0.000000000000000000e+00 0.000000000000000000e+00 7.700288450186674051e-34 8.679547377999888729e-31 6.788339032239111556e-27 3.818780832616655930e-18
2.742789297658863035e+00 0.000000000000000000e+00 0.000000000000000000e+00 0.000000000000000000e+00 0.000000000000000000e+00 0.000000000000000000e+00 0.000000000000000000e+00 4.558601051129059980e-34 5.841339269315815313e-31 4.696976230660130415e-27 3.129183997672225532e-18
2.756163879598662270e+00 0.000000000000000000e+00 0.000000000000000000e+00 0.000000000000000000e+00 0.000000000000000000e+00 0.000000000000000000e+00 0.000000000000000000e+00 2.633712523853272951e-34 3.932493392766650333e-31 3.248815660370449260e-27 2.558151919945513191e-18
2.769538461538461505e+00 0.000000000000000000e+00 0.000000000000000000e+00 0.000000000000000000e+00 0.000000000000000000e+00 0.000000000000000000e+00 0.000000000000000000e+00 1.927796464503843059e-34 2.653434010127390465e-31 2.246588509197497722e-27 2.086555420117754083e-18
2.782913043478261184e+00 0.000000000000000000e+00 0.000000000000000000e+00 0.000000000000000000e+00 0.000000000000000000e+00 0.000000000000000000e+00 0.000000000000000000e+00 1.606394491784345116e-34 1.790217155947088193e-31 1.553062217145933118e-27 1.698024252276902022e-18
2.796287625418060419e+00 0.000000000000000000e+00 0.000000000000000000e+00 0.000000000000000000e+00 0.000000000000000000e+00 0.000000000000000000e+00 0.000000000000000000e+00 4.548114175800892571e-35 1.199527799231508976e-31 1.073428381542289216e-27 1.378785356016395066e-18
2.809662207357859653e+00 0.000000000000000000e+00 0.000000000000000000e+00 0.000000000000000000e+00 0.000000000000000000e+00 0.000000000000000000e+00 0.000000000000000000e+00 4.139887516077526413e-35 8.121591950981335454e-32 7.417362500452294339e-28 1.117080367037999305e-18
2.823036789297658888e+00 0.000000000000000000e+00 0.000000000000000000e+00 0.000000000000000000e+00 0.000000000000000000e+00 0.000000000000000000e+00 0.000000000000000000e+00 3.184183265411890557e-35 5.425047599011829173e-32 5.124623900920740701e-28 9.030933987410429951e-19
2.836411371237458123e+00 0.000000000000000000e+00 0.000000000000000000e+00 0.000000000000000000e+00 0.000000000000000000e+00 0.000000000000000000e+00 0.000000000000000000e+00 6.071086474700494128e-36 3.672645391839590339e-32 3.539810385441284960e-28 7.285224346679310326e-19
2.849785953177257802e+00 0.000000000000000000e+00 0.000000000000000000e+00 0.000000000000000000e+00 0.000000000000000000e+00 0.000000000000000000e+00 0.000000000000000000e+00 5.572723264881309495e-36 2.486306840232252584e-32 2.444867667679883270e-28 5.864652141972963250e-19
2.863160535117057037e+00 0.000000000000000000e+00 0.000000000000000000e+00 0.000000000000000000e+00 0.000000000000000000e+00 0.000000000000000000e+00 0.000000000000000000e+00 3.045020651901120589e-37 1.715407472855279916e-32 1.688333116692769873e-28 4.711208852705635372e-19
2.876535117056856272e+00 0.000000000000000000e+00 0.000000000000000000e+00 0.000000000000000000e+00 0.000000000000000000e+00 0.000000000000000000e+00 0.000000000000000000e+00 0.000000000000000000e+00 1.097791238919594091e-32 1.165840156848933396e-28 3.776867701764480240e-19
2.889909698996655507e+00 0.000000000000000000e+00 0.000000000000000000e+00 0.000000000000000000e+00 0.000000000000000000e+00 0.000000000000000000e+00 0.000000000000000000e+00 0.000000000000000000e+00 7.537266180228228253e-33 8.049278311108784081e-29 3.021689181819061671e-19
2.903284280936454742e+00 0.000000000000000000e+00 0.000000000000000000e+00 0.000000000000000000e+00 0.000000000000000000e+00 0.000000000000000000e+00 0.000000000000000000e+00 0.000000000000000000e+00 5.177182488671588266e-33 5.557110547625809367e-29 2.412687012757816365e-19
2.916658862876254421e+00 0.000000000000000000e+00 0.000000000000000000e+00 0.000000000000000000e+00 0.000000000000000000e+00 0.000000000000000000e+00 0.000000000000000000e+00 0.000000000000000000e+00 3.314983306093508228e-33 3.836331388260634405e-29 1.922664163609688750e-19
2.930033444816053656e+00 0.000000000000000000e+00 0.000000000000000000e+00 0.000000000000000000e+00 0.000000000000000000e+00 0.000000000000000000e+00 0.000000000000000000e+00 0.000000000000000000e+00 2.216668070649466927e-33 2.648319774818828354e-29 1.529193697962492577e-19
2.943408026755852891e+00 0.000000000000000000e+00 0.000000000000000000e+00 0.000000000000000000e+00 0.000000000000000000e+00 0.000000000000000000e+00 0.000000000000000000e+00 0.000000000000000000e+00 1.550067825457484953e-33 1.828151527420238957e-29 1.213943437675170577e-19
2.956782608695652126e+00 0.000000000000000000e+00 0.000000000000000000e+00 0.000000000000000000e+00 0.000000000000000000e+00 0.000000000000000000e+00 0.000000000000000000e+00 0.000000000000000000e+00 9.420297673739677795e-34 1.261982933507302164e-29 9.618721328275909621e-20
2.970157190635451805e+00 0.000000000000000000e+00 0.000000000000000000e+00 0.000000000000000000e+00 0.000000000000000000e+00 0.000000000000000000e+00 0.000000000000000000e+00 0.000000000000000000e+00 6.530196813237585048e-34 8.711700644463797002e-30 7.607530470862018656e-20
2.983531772575251040e+00 0.000000000000000000e+00 0.000000000000000000e+00 0.000000000000000000e+00 0.000000000000000000e+00 0.000000000000000000e+00 0.000000000000000000e+00 0.000000000000000000e+00 4.393380314556094906e-34 6.013462048741323904e-30 6.005948614961728368e-20
2.996906354515050275e+00 0.000000000000000000e+00 0.000000000000000000e+00 0.000000000000000000e+00 0.000000000000000000e+00 0.000000000000000000e+00 0.000000000000000000e+00 0.000000000000000000e+00 3.175078818860466167e-34 4.151346417886152011e-30 4.733156002523100279e-20
3.010280936454849510e+00 0.000000000000000000e+00 0.000000000000000000e+00 0.000000000000000000e+00 0.000000000000000000e+00 0.000000000000000000e+00 0.000000000000000000e+00 0.000000000000000000e+00 1.781702361407413054e-34 2.866203244188831730e-30 3.723552064645200074e-20
3.023655518394648745e+00 0.000000000000000000e+00 0.000000000000000000e+00 0.000000000000000000e+00 0.000000000000000000e+00 0.000000000000000000e+00 0.000000000000000000e+00 0.000000000000000000e+00 1.288506321657077280e-34 1.979268727008134258e-30 2.924313819307305566e-20
3.037030100334448424e+00 0.000000000000000000e+00 0.000000000000000000e+00 0.000000000000000000e+00 0.000000000000000000e+00 0.000000000000000000e+00 0.000000000000000000e+00 0.000000000000000000e+00 8.671363471115030274e-35 1.366332400334080478e-30 2.292730060912977824e-20
3.050404682274247659e+00 0.000000000000000000e+00 0.000000000000000000e+00 0.000000000000000000e+00 0.000000000000000000e+00 0.000000000000000000e+00 0.000000000000000000e+00 0.000000000000000000e+00 6.473859154648141647e-35 9.437376852653231027e-31 1.794593481199798452e-20
3.063779264214046893e+00 0.000000000000000000e+00 0.000000000000000000e+00 0.000000000000000000e+00 0.000000000000000000e+00 0.000000000000000000e+00 0.000000000000000000e+00 0.000000000000000000e+00 2.719870267242407832e-35 6.519785303510892377e-31 1.402379163956097339e-20
3.077153846153846128e+00 0.000000000000000000e+00 0.000000000000000000e+00 0.000000000000000000e+00 0.000000000000000000e+00 0.000000000000000000e+00 0.000000000000000000e+00 0.000000000000000000e+00 2.352070546936329756e-35 4.504332494315538692e-31 1.094151059825042179e-20
3.090528428093645807e+00 0.000000000000000000e+00 0.000000000000000000e+00 0.000000000000000000e+00 0.000000000000000000e+00 0.000000000000000000e+00 0.000000000000000000e+00 0.000000000000000000e+00 1.614146350614846600e-35 3.111394507758421237e-31 8.523257652773867270e-21
3.103903010033445042e+00 0.000000000000000000e+00 0.000000000000000000e+00 0.000000000000000000e+00 0.000000000000000000e+00 0.000000000000000000e+00 0.000000000000000000e+00 0.000000000000000000e+00 4.908516297978138572e-36 2.149203657229901439e-31 6.629277989303846614e-21
3.117277591973244277e+00 0.000000000000000000e+00 0.000000000000000000e+00 0.000000000000000000e+00 0.000000000000000000e+00 0.000000000000000000e+00 0.000000000000000000e+00 0.000000000000000000e+00 4.410984385246619374e-36 1.481702185595721795e-31 5.148333298468489956e-21
3.130652173913043512e+00 0.000000000000000000e+00 0.000000000000000000e+00 0.000000000000000000e+00 0.000000000000000000e+00 0.000000000000000000e+00 0.000000000000000000e+00 0.000000000000000000e+00 8.254578747856246911e-37 1.024910215801444921e-31 3.992322508414163135e-21
3.144026755852842747e+00 0.000000000000000000e+00 0.000000000000000000e+00 0.000000000000000000e+00 0.000000000000000000e+00 0.000000000000000000e+00 0.000000000000000000e+00 0.000000000000000000e+00 7.491532393275094170e-37 7.083904094288283211e-32 3.091426455612418700e-21
3.157401337792642426e+00 0.000000000000000000e+00 0.000000000000000000e+00 0.000000000000000000e+00 0.000000000000000000e+00 0.000000000000000000e+00 0.000000000000000000e+00 0.000000000000000000e+00 3.999728471134122374e-38 4.910463796889838174e-32 2.390412807472629663e-21
3.170775919732441661e+00 0.000000000000000000e+00 0.000000000000000000e+00 0.000000000000000000e+00 0.000000000000000000e+00 0.000000000000000000e+00 0.000000000000000000e+00 0.000000000000000000e+00 0.000000000000000000e+00 3.391027149998591771e-32 1.845764216344792203e-21
3.184150501672240896e+00 0.000000000000000000e+00 0.000000000000000000e+00 0.000000000000000000e+00 0.000000000000000000e+00 0.000000000000000000e+00 0.000000000000000000e+00 0.000000000000000000e+00 0.000000000000000000e+00 2.353104612950894708e-32 1.423256547155224936e-21
3.197525083612040131e+00 0.000000000000000000e+00 0.000000000000000000e+00 0.000000000000000000e+00 0.000000000000000000e+00 0.000000000000000000e+00 0.000000000000000000e+00 0.000000000000000000e+00 0.000000000000000000e+00 1.615536472916025798e-32 1.095992602816943198e-21
3.210899665551839366e+00 0.000000000000000000e+00 0.000000000000000000e+00 0.000000000000000000e+00 0.000000000000000000e+00 0.000000000000000000e+00 0.000000000000000000e+00 0.000000000000000000e+00 0.000000000000000000e+00 1.115895759272903529e-32 8.428748741718728866e-22
3.224274247491639045e+00 0.000000000000000000e+00 0.000000000000000000e+00 0.000000000000000000e+00 0.000000000000000000e+00 0.000000000000000000e+00 0.000000000000000000e+00 0.000000000000000000e+00 0.000000000000000000e+00 7.733895817634642379e-33 6.473729106872058670e-22
3.237648829431438280e+00 0.000000000000000000e+00 0.000000000000000000e+00 0.000000000000000000e+00 0.000000000000000000e+00 0.000000000000000000e+00 0.000000000000000000e+00 0.000000000000000000e+00 0.000000000000000000e+00 5.400757167517924369e-33 4.965865078319945163e-22
3.251023411371237515e+00 0.000000000000000000e+00 0.000000000000000000e+00 0.000000000000000000e+00 0.000000000000000000e+00 0.000000000000000000e+00 0.000000000000000000e+00 0.000000000000000000e+00 0.000000000000000000e+00 3.702272108043556954e-33 3.804522882386946794e-22
3.264397993311036750e+00 0.000000000000000000e+00 0.000000000000000000e+00 0.000000000000000000e+00 0.000000000000000000e+00 0.000000000000000000e+00 0.000000000000000000e+00 0.000000000000000000e+00 0.000000000000000000e+00 2.520436701010842002e-33 2.911218962363726606e-22
3.277772575250836429e+00 0.000000000000000000e+00 0.000000000000000000e+00 0.000000000000000000e+00 0.000000000000000000e+00 0.000000000000000000e+00 0.000000000000000000e+00 0.000000000000000000e+00 0.000000000000000000e+00 1.783861269332873214e-33 2.225075093849620294e-22
3.291147157190635664e+00 0.000000000000000000e+00 0.000000000000000000e+00 0.000000000000000000e+00 0.000000000000000000e+00 0.000000000000000000e+00 0.000000000000000000e+00 0.000000000000000000e+00 0.000000000000000000e+00 1.221135345720902022e-33 1.698627883989760688e-22
3.304521739130434899e+00 0.000000000000000000e+00 0.000000000000000000e+00 0.000000000000000000e+00 0.000000000000000000e+00 0.000000000000000000e+00 0.000000000000000000e+00 0.000000000000000000e+00 0.000000000000000000e+00 8.133820822148372629e-34 1.295291624789164777e-22
3.317896321070234134e+00 0.000000000000000000e+00 0.000000000000000000e+00 0.000000000000000000e+00 0.000000000000000000e+00 0.000000000000000000e+00 0.000000000000000000e+00 0.000000000000000000e+00 0.000000000000000000e+00 5.821338682959582133e-34 9.866110814286682920e-23
3.331270903010033368e+00 0.000000000000000000e+00 0.000000000000000000e+00 0.000000000000000000e+00 0.000000000000000000e+00 0.000000000000000000e+00 0.000000000000000000e+00 0.000000000000000000e+00 0.000000000000000000e+00 4.005919803985000221e-34 7.506887192958799526e-23
3.344645484949833047e+00 0.000000000000000000e+00 0.000000000000000000e+00 0.000000000000000000e+00 0.000000000000000000e+00 0.000000000000000000e+00 0.000000000000000000e+00 0.000000000000000000e+00 0.000000000000000000e+00 2.600466272203868388e-34 5.705582277968232488e-23
3.358020066889632282e+00 0.000000000000000000e+00 0.000000000000000000e+00 0.000000000000000000e+00 0.000000000000000000e+00 0.000000000000000000e+00 0.000000000000000000e+00 0.000000000000000000e+00 0.000000000000000000e+00 1.815952330803807466e-34 4.332026348231399423e-23
3.371394648829431517e+00 0.000000000000000000e+00 0.000000000000000000e+00 0.000000000000000000e+00 0.000000000000000000e+00 0.000000000000000000e+00 0.000000000000000000e+00 0.000000000000000000e+00 0.000000000000000000e+00 1.272789088087811359e-34 3.285772655495545071e-23
3.384769230769230752e+00 0.000000000000000000e+00 0.000000000000000000e+00 0.000000000000000000e+00 0.000000000000000000e+00 0.000000000000000000e+00 0.000000000000000000e+00 0.000000000000000000e+00 0.000000000000000000e+00 8.316882326578263434e-35 2.489727973477349531e-23
3.398143812709030431e+00 0.000000000000000000e+00 0.000000000000000000e+00 0.000000000000000000e+00 0.000000000000000000e+00 0.000000000000000000e+00 0.000000000000000000e+00 0.000000000000000000e+00 0.000000000000000000e+00 5.664381012207680035e-35 1.884695735183903434e-23
3.411518394648829666e+00 0.000000000000000000e+00 0.000000000000000000e+00 0.000000000000000000e+00 0.000000000000000000e+00 0.000000000000000000e+00 0.000000000000000000e+00 0.000000000000000000e+00 0.000000000000000000e+00 3.838903705199096921e-35 1.425315235432545091e-23
3.424892976588628901e+00 0.000000000000000000e+00 0.000000000000000000e+00 0.000000000000000000e+00 0.000000000000000000e+00 0.000000000000000000e+00 0.000000000000000000e+00 0.000000000000000000e+00 0.000000000000000000e+00 2.303648634527170055e-35 1.076919168012759486e-23
3.438267558528428136e+00 0.000000000000000000e+00 0.000000000000000000e+00 0.000000000000000000e+00 0.000000000000000000e+00 0.000000000000000000e+00 0.000000000000000000e+00 0.000000000000000000e+00 0.000000000000000000e+00 1.710147584055665175e-35 8.129401274755736773e-24
3.451642140468227371e+00 0.000000000000000000e+00 0.000000000000000000e+00 0.000000000000000000e+00 0.000000000000000000e+00 0.000000000000000000e+00 0.000000000000000000e+00 0.000000000000000000e+00 0.000000000000000000e+00 1.166969935575014157e-35 6.131214492998804104e-24
3.465016722408027050e+00 0.000000000000000000e+00 0.000000000000000000e+00 0.000000000000000000e+00 0.000000000000000000e+00 0.000000000000000000e+00 0.000000000000000000e+00 0.000000000000000000e+00 0.000000000000000000e+00 8.539409128426956170e-36 4.620095888745338309e-24
3.478391304347826285e+00 0.000000000000000000e+00 0.000000000000000000e+00 0.000000000000000000e+00 0.000000000000000000e+00 0.000000000000000000e+00 0.000000000000000000e+00 0.000000000000000000e+00 0.000000000000000000e+00 5.348958776125641699e-36 3.478471616161010367e-24
3.491765886287625520e+00 0.000000000000000000e+00 0.000000000000000000e+00 0.000000000000000000e+00 0.000000000000000000e+00 0.000000000000000000e+00 0.000000000000000000e+00 0.000000000000000000e+00 0.000000000000000000e+00 3.522917510016006830e-36 2.616728245748400198e-24
3.505140468227424755e+00 0.000000000000000000e+00 0.000000000000000000e+00 0.000000000000000000e+00 0.000000000000000000e+00 0.000000000000000000e+00 0.000000000000000000e+00 0.000000000000000000e+00 0.000000000000000000e+00 2.582073560747021768e-36 1.966901773070097918e-24
3.518515050167224434e+00 0.000000000000000000e+00 0.000000000000000000e+00 0.000000000000000000e+00 0.000000000000000000e+00 0.000000000000000000e+00 0.000000000000000000e+00 0.000000000000000000e+00 0.000000000000000000e+00 1.318715431561915045e-36 1.477216878920217195e-24
3.531889632107023669e+00 0.000000000000000000e+00 0.000000000000000000e+00 0.000000000000000000e+00 0.000000000000000000e+00 0.000000000000000000e+00 0.000000000000000000e+00 0.000000000000000000e+00 0.000000000000000000e+00 1.013201686633846666e-36 1.108585966900347454e-24
3.545264214046822904e+00 0.000000000000000000e+00 0.000000000000000000e+00 0.000000000000000000e+00 0.000000000000000000e+00 0.000000000000000000e+00 0.000000000000000000e+00 0.000000000000000000e+00 0.000000000000000000e+00 4.051768207313700119e-37 8.313001216670100847e-25
3.558638795986622139e+00 0.000000000000000000e+00 0.000000000000000000e+00 0.000000000000000000e+00 0.000000000000000000e+00 0.000000000000000000e+00 0.000000000000000000e+00 0.000000000000000000e+00 0.000000000000000000e+00 1.202718297872972620e-37 6.229008599014021173e-25
3.572013377926421374e+00 0.000000000000000000e+00 0.000000000000000000e+00 0.000000000000000000e+00 0.000000000000000000e+00 0.000000000000000000e+00 0.000000000000000000e+00 0.000000000000000000e+00 0.000000000000000000e+00 1.054966801795547151e-37 4.663882070343691384e-25
3.585387959866221053e+00 0.000000000000000000e+00 0.000000000000000000e+00 0.000000000000000000e+00 0.000000000000000000e+00 0.000000000000000000e+00 0.000000000000000000e+00 0.000000000000000000e+00 0.000000000000000000e+00 1.056727768080774447e-39 3.489420171275930606e-25
3.598762541806020288e+00 0.000000000000000000e+00 0.000000000000000000e+00 0.000000000000000000e+00 0.000000000000000000e+00 0.000000000000000000e+00 0.000000000000000000e+00 0.000000000000000000e+00 0.000000000000000000e+00 0.000000000000000000e+00 2.608788967520987748e-25
3.612137123745819522e+00 0.000000000000000000e+00 0.000000000000000000e+00 0.000000000000000000e+00 0.000000000000000000e+00 0.000000000000000000e+00 0.000000000000000000e+00 0.000000000000000000e+00 0.000000000000000000e+00 0.000000000000000000e+00 1.948899116204824139e-25
3.625511705685618757e+00 0.000000000000000000e+00 0.000000000000000000e+00 0.000000000000000000e+00 0.000000000000000000e+00 0.000000000000000000e+00 0.000000000000000000e+00 0.000000000000000000e+00 0.000000000000000000e+00 0.000000000000000000e+00 1.454868636194022240e-25
3.638886287625418436e+00 0.000000000000000000e+00 0.000000000000000000e+00 0.000000000000000000e+00 0.000000000000000000e+00 0.000000000000000000e+00 0.000000000000000000e+00 0.000000000000000000e+00 0.000000000000000000e+00 0.000000000000000000e+00 1.085201573299604693e-25
3.652260869565217671e+00 0.000000000000000000e+00 0.000000000000000000e+00 0.000000000000000000e+00 0.000000000000000000e+00 0.000000000000000000e+00 0.000000000000000000e+00 0.000000000000000000e+00 0.000000000000000000e+00 0.000000000000000000e+00 8.088075293238977371e-26
3.665635451505016906e+00 0.000000000000000000e+00 0.000000000000000000e+00 0.000000000000000000e+00 0.000000000000000000e+00 0.000000000000000000e+00 0.000000000000000000e+00 0.000000000000000000e+00 0.000000000000000000e+00 0.000000000000000000e+00 6.023126480212752831e-26
3.679010033444816141e+00 0.000000000000000000e+00 0.000000000000000000e+00 0.000000000000000000e+00 0.000000000000000000e+00 0.000000000000000000e+00 0.000000000000000000e+00 0.000000000000000000e+00 0.000000000000000000e+00 0.000000000000000000e+00 4.481292620775737686e-26
3.692384615384615376e+00 0.000000000000000000e+00 0.000000000000000000e+00 0.000000000000000000e+00 0.000000000000000000e+00 0.000000000000000000e+00 0.000000000000000000e+00 0.000000000000000000e+00 0.000000000000000000e+00 0.000000000000000000e+00 3.330882442011233023e-26
3.705759197324415055e+00 0.000000000000000000e+00 0.000000000000000000e+00 0.000000000000000000e+00 0.000000000000000000e+00 0.000000000000000000e+00 0.000000000000000000e+00 0.000000000000000000e+00 0.000000000000000000e+00 0.000000000000000000e+00 2.473087110727274502e-26
3.719133779264214290e+00 0.000000000000000000e+00 0.000000000000000000e+00 0.000000000000000000e+00 0.000000000000000000e+00 0.000000000000000000e+00 0.000000000000000000e+00 0.000000000000000000e+00 0.000000000000000000e+00 0.000000000000000000e+00 1.834008643468579994e-26
3.732508361204013525e+00 0.000000000000000000e+00 0.000000000000000000e+00 0.000000000000000000e+00 0.000000000000000000e+00 0.000000000000000000e+00 0.000000000000000000e+00 0.000000000000000000e+00 0.000000000000000000e+00 0.000000000000000000e+00 1.358145182006126750e-26
3.745882943143812760e+00 0.000000000000000000e+00 0.000000000000000000e+00 0.000000000000000000e+00 0.000000000000000000e+00 0.000000000000000000e+00 0.000000000000000000e+00 0.000000000000000000e+00 0.000000000000000000e+00 0.000000000000000000e+00 1.004105671842358848e-26
3.759257525083611995e+00 0.000000000000000000e+00 0.000000000000000000e+00 0.000000000000000000e+00 0.000000000000000000e+00 0.000000000000000000e+00 0.000000000000000000e+00 0.000000000000000000e+00 0.000000000000000000e+00 0.000000000000000000e+00 7.409186544790957355e-27
3.772632107023411674e+00 0.000000000000000000e+00 0.000000000000000000e+00 0.000000000000000000e+00 0.000000000000000000e+00 0.000000000000000000e+00 0.000000000000000000e+00 0.000000000000000000e+00 0.000000000000000000e+00 0.000000000000000000e+00 5.454286950562885541e-27
3.786006688963210909e+00 0.000000000000000000e+00 0.000000000000000000e+00 0.000000000000000000e+00 0.000000000000000000e+00 0.000000000000000000e+00 0.000000000000000000e+00 0.000000000000000000e+00 0.000000000000000000e+00 0.000000000000000000e+00 4.003776496282551156e-27
3.799381270903010144e+00 0.000000000000000000e+00 0.000000000000000000e+00 0.000000000000000000e+00 0.000000000000000000e+00 0.000000000000000000e+00 0.000000000000000000e+00 0.000000000000000000e+00 0.000000000000000000e+00 0.000000000000000000e+00 2.928689530090190377e-27
3.812755852842809379e+00 0.000000000000000000e+00 0.000000000000000000e+00 0.000000000000000000e+00 0.000000000000000000e+00 0.000000000000000000e+00 0.000000000000000000e+00 0.000000000000000000e+00 0.000000000000000000e+00 0.000000000000000000e+00 2.132949853446637073e-27
3.826130434782609058e+00 0.000000000000000000e+00 0.000000000000000000e+00 0.000000000000000000e+00 0.000000000000000000e+00 0.000000000000000000e+00 0.000000000000000000e+00 0.000000000000000000e+00 0.000000000000000000e+00 0.000000000000000000e+00 1.544930202378726281e-27
3.839505016722408293e+00 0.000000000000000000e+00 0.000000000000000000e+00 0.000000000000000000e+00 0.000000000000000000e+00 0.000000000000000000e+00 0.000000000000000000e+00 0.000000000000000000e+00 0.000000000000000000e+00 0.000000000000000000e+00 1.111343702894823206e-27
3.852879598662207528e+00 0.000000000000000000e+00 0.000000000000000000e+00 0.000000000000000000e+00 0.000000000000000000e+00 0.000000000000000000e+00 0.000000000000000000e+00 0.000000000000000000e+00 0.000000000000000000e+00 0.000000000000000000e+00 7.924495329841336874e-28
3.866254180602006763e+00 0.000000000000000000e+00 0.000000000000000000e+00 0.000000000000000000e+00 0.000000000000000000e+00 0.000000000000000000e+00 0.000000000000000000e+00 0.000000000000000000e+00 0.000000000000000000e+00 0.000000000000000000e+00 5.587192409481842393e-28
3.879628762541805997e+00 0.000000000000000000e+00 0.000000000000000000e+00 0.000000000000000000e+00 0.000000000000000000e+00 0.000000000000000000e+00 0.000000000000000000e+00 0.000000000000000000e+00 0.000000000000000000e+00 0.000000000000000000e+00 3.882006955266202996e-28
3.893003344481605676e+00 0.000000000000000000e+00 0.000000000000000000e+00 0.000000000000000000e+00 0.000000000000000000e+00 0.000000000000000000e+00 0.000000000000000000e+00 0.000000000000000000e+00 0.000000000000000000e+00 0.000000000000000000e+00 2.645772378229802684e-28
3.906377926421404911e+00 0.000000000000000000e+00 0.000000000000000000e+00 0.000000000000000000e+00 0.000000000000000000e+00 0.000000000000000000e+00 0.000000000000000000e+00 0.000000000000000000e+00 0.000000000000000000e+00 0.000000000000000000e+00 1.757137159532190955e-28
3.919752508361204146e+00 0.000000000000000000e+00 0.000000000000000000e+00 0.000000000000000000e+00 0.000000000000000000e+00 0.000000000000000000e+00 0.000000000000000000e+00 0.000000000000000000e+00 0.000000000000000000e+00 0.000000000000000000e+00 1.126208157430639098e-28
3.933127090301003381e+00 0.000000000000000000e+00 0.000000000000000000e+00 0.000000000000000000e+00 0.000000000000000000e+00 0.000000000000000000e+00 0.000000000000000000e+00 0.000000000000000000e+00 0.000000000000000000e+00 0.000000000000000000e+00 6.861687752756022485e-29
3.946501672240803060e+00 0.000000000000000000e+00 0.000000000000000000e+00 0.000000000000000000e+00 0.000000000000000000e+00 0.000000000000000000e+00 0.000000000000000000e+00 0.000000000000000000e+00 0.000000000000000000e+00 0.000000000000000000e+00 3.874627076931426371e-29
3.959876254180602295e+00 0.000000000000000000e+00 0.000000000000000000e+00 0.000000000000000000e+00 0.000000000000000000e+00 0.000000000000000000e+00 0.000000000000000000e+00 0.000000000000000000e+00 0.000000000000000000e+00 0.000000000000000000e+00 1.933710797641796961e-29
3.973250836120401530e+00 0.000000000000000000e+00 0.000000000000000000e+00 0.000000000000000000e+00 0.000000000000000000e+00 0.000000000000000000e+00 0.000000000000000000e+00 0.000000000000000000e+00 0.000000000000000000e+00 0.000000000000000000e+00 7.667063747802298487e-30
3.986625418060200765e+00 0.000000000000000000e+00 0.000000000000000000e+00 0.000000000000000000e+00 0.000000000000000000e+00 0.000000000000000000e+00 0.000000000000000000e+00 0.000000000000000000e+00 0.000000000000000000e+00 0.000000000000000000e+00 1.719112670506593416e-30
4.000000000000000000e+00 0.000000000000000000e+00 0.000000000000000000e+00 0.000000000000000000e+00 0.000000000000000000e+00 0.000000000000000000e+00 0.000000000000000000e+00 0.000000000000000000e+00 0.000000000000000000e+00 0.000000000000000000e+00 0.000000000000000000e+00
