1.000000000000000021e-03 5.094770201457804745e-09 4.602453728854417546e-09 4.511167975307888226e-09 4.461158757602066463e-09 4.429236558272567582e-09 4.408929121057941879e-09 4.398876118867641126e-09 4.400777169077719036e-09 4.426389938660855588e-09 4.513376944611943848e-09
1.437458193979933296e-02 7.025892437996771355e-08 6.480372299122687297e-08 6.385480879310695537e-08 6.334573468348052493e-08 6.303425595846098418e-08 6.285734398930095027e-08 6.280963455192040873e-08 6.292487202722508306e-08 6.338078077973832323e-08 6.474638159323173568e-08
2.774916387959866504e-02 1.297824227205387005e-07 1.224191399989453753e-07 1.212990881200526346e-07 1.207270952386671701e-07 1.204138703300177347e-07 1.202974043368443218e-07 1.203949927077523927e-07 1.207896641520274954e-07 1.218408270107328538e-07 1.247018143235370861e-07
4.112374581939799711e-02 1.835405471558566167e-07 1.773590408168041741e-07 1.767674654376956760e-07 1.765366903532497718e-07 1.765051880422917975e-07 1.766702281230850439e-07 1.770998943082498514e-07 1.779421562392322563e-07 1.797568442384633355e-07 1.843335555449215887e-07
5.449832775919732919e-02 2.314426857665595353e-07 2.295366551093720889e-07 2.301861406998851121e-07 2.307076906290421005e-07 2.312475063678454600e-07 2.319194149400726013e-07 2.328703152906464895e-07 2.343321132416916895e-07 2.370818500940325588e-07 2.435968886386764723e-07
6.787290969899666127e-02 2.734380500492518019e-07 2.788691680311089868e-07 2.814857150255810653e-07 2.831786498086510204e-07 2.845822242619605483e-07 2.859904515415253455e-07 2.876560346306722868e-07 2.899121362626049357e-07 2.937694921818445003e-07 3.024489654373185738e-07
8.124749163879599334e-02 3.095176509831274053e-07 3.252797752894772580e-07 3.305995859617339526e-07 3.338890101522244098e-07 3.364546752047652286e-07 3.388316166424699472e-07 3.414072928206930366e-07 3.446343468583059750e-07 3.497758805952812918e-07 3.608485400877095765e-07
9.462207357859532542e-02 3.397158150396455227e-07 3.686919549418054475e-07 3.774627773489512185e-07 3.827808989097619496e-07 3.868112796960069610e-07 3.903933733683753669e-07 3.940778688681613778e-07 3.984555483217667263e-07 4.050585787127582987e-07 4.187561279659832715e-07
1.079966555183946575e-01 3.641084603620480551e-07 4.090371617959959170e-07 4.220158329886199418e-07 4.297992513902423527e-07 4.356015941938716222e-07 4.406266400509019519e-07 4.456217234123493428e-07 4.513323988087392451e-07 4.595773253220586298e-07 4.761327423860362813e-07
1.213712374581939896e-01 3.828213796044647429e-07 4.462477158750297537e-07 4.642011352543343235e-07 4.748920691959570759e-07 4.827767090480551030e-07 4.894887598562937926e-07 4.959972870742973890e-07 5.032247764555364261e-07 5.132927830428210057e-07 5.329426570283395615e-07
1.347458193979933216e-01 3.961394961604893678e-07 4.802593718515744022e-07 5.039642345735247651e-07 5.180109196111443989e-07 5.282936578396885947e-07 5.369345682352247863e-07 5.451623748987455544e-07 5.540935922066739884e-07 5.661687045930698684e-07 5.891501197564303986e-07
1.481204013377926398e-01 4.043020432856949884e-07 5.110124338121529304e-07 5.412546995619535318e-07 5.591088175952602174e-07 5.721038762184357936e-07 5.829242476172943534e-07 5.930806172612275838e-07 6.039005800448114715e-07 6.181699474928808509e-07 6.447215125623606826e-07
1.614949832775919858e-01 4.075290084034063217e-07 5.384531368606936311e-07 5.760217922229043776e-07 5.981406788298211374e-07 6.141700018048094171e-07 6.274195632680112225e-07 6.397114507534884495e-07 6.526120477701236056e-07 6.692613663390581079e-07 6.996248719623201151e-07
1.748695652173913317e-01 4.061256448443448076e-07 5.625260579034634327e-07 6.082204195870185162e-07 6.350650897659161567e-07 6.544526149618201986e-07 6.703810535662523842e-07 6.850228066962346560e-07 7.001935058348327420e-07 7.194109088483091276e-07 7.538295918642811516e-07
1.882441471571906499e-01 4.004269414337227051e-07 5.831818074033274981e-07 6.378064407905185071e-07 6.698430444505734577e-07 6.929132059691333899e-07 7.117750030523594114e-07 7.289806664278167415e-07 7.466125347132850886e-07 7.685884308312670151e-07 8.073056901403841470e-07
2.016187290969899681e-01 3.908040729724744833e-07 6.003755385538918846e-07 6.647405110038654972e-07 7.024356547674122669e-07 7.295185428638735393e-07 7.515684839419887838e-07 7.715507668368494634e-07 7.918402836451926154e-07 8.167644127326853320e-07 8.600258590297816975e-07
2.149933110367893141e-01 3.776559450185372790e-07 6.140598614607488188e-07 6.889861945072508571e-07 7.328104045518390453e-07 7.642323844828787400e-07 7.897298843765418471e-07 8.127048223908072243e-07 8.358474343588581271e-07 8.639123898178397932e-07 9.119625235670453745e-07
2.283678929765886600e-01 3.614008849995935047e-07 6.241991558882624840e-07 7.105055361924663011e-07 7.609323271410720096e-07 7.970284944951011078e-07 8.262310663429283394e-07 8.524178622608549986e-07 8.786057316312259754e-07 9.100046429161015754e-07 9.630911608313423527e-07
2.417424749163879782e-01 3.424873301741250866e-07 6.307515154821103449e-07 7.292660058257058010e-07 7.867722395911258900e-07 8.278754064226578837e-07 8.610415861418592471e-07 8.906585211372580804e-07 9.200912557079948467e-07 9.550150790854255236e-07 1.013387919331804635e-06
2.551170568561872964e-01 3.213818025840658069e-07 6.336889086165998189e-07 7.452370871636669248e-07 8.102996678441846463e-07 8.567457514772908211e-07 8.941409358675273214e-07 9.274046644615459077e-07 9.602781575465869776e-07 9.989233912458114160e-07 1.062828124056403467e-06
2.684916387959866424e-01 2.985697749776280968e-07 6.329748033927311556e-07 7.583904522493797365e-07 8.314913292259222090e-07 8.836166626155414718e-07 9.254992294104931615e-07 9.626313368807711831e-07 9.991442635540728822e-07 1.041705393831114120e-06 1.111392262580333560e-06
2.818662207357859883e-01 2.745488064830421805e-07 6.285922263702554331e-07 7.686991347919280308e-07 8.503186269607910062e-07 9.084607555908718759e-07 9.550972980182348343e-07 9.963178204868145547e-07 1.036668474205822602e-06 1.083339554464220200e-06 1.159059278657534874e-06
2.952408026755852788e-01 2.510625451167143044e-07 6.205677863908265802e-07 7.761408599802602775e-07 8.667634515546830050e-07 9.312590095556733539e-07 9.829104339829071838e-07 1.028442141059165940e-06 1.072830808873413019e-06 1.123810893712738586e-06 1.205808421344659730e-06
3.086153846153846247e-01 2.269077676898787270e-07 6.089074187220979385e-07 7.806892974898869336e-07 8.808020921694449881e-07 9.519949876381135164e-07 1.008923563849857609e-06 1.058987642081598712e-06 1.107611721023277153e-06 1.163093210587363634e-06 1.251623597019409501e-06
3.219899665551839707e-01 2.013302189120659534e-07 5.935617876772951677e-07 7.823318203431029004e-07 8.924131222490185588e-07 9.706415962516115414e-07 1.033116877373032281e-06 1.087934901688977095e-06 1.140995440570595634e-06 1.201175207347109010e-06 1.296485714156737360e-06
3.353645484949833167e-01 1.744928138672365983e-07 5.744355816006886197e-07 7.810426867273146476e-07 9.015843198611082535e-07 9.871870667705542749e-07 1.055472084834554302e-06 1.115267620360618774e-06 1.172965293434538939e-06 1.238039504401560732e-06 1.340379489343761057e-06
3.487391304347826626e-01 1.509030498537814213e-07 5.520083873099791216e-07 7.768107559993937048e-07 9.082965258196481020e-07 1.001616710657833866e-06 1.075974212335143619e-06 1.140969550362489908e-06 1.203505029284476150e-06 1.273669014895415488e-06 1.383290746511838135e-06
3.621137123745819530e-01 1.287641656265094981e-07 5.263141591626770763e-07 7.696138627198159052e-07 9.125363903381998458e-07 1.013911852801201635e-06 1.094610445405328511e-06 1.165031219276604246e-06 1.232603457873397066e-06 1.308052740073501605e-06 1.425203053266877093e-06
3.754882943143812990e-01 1.083660983994778809e-07 4.976258244713520062e-07 7.594475098961327517e-07 9.142903538545971896e-07 1.024065793247983900e-06 1.111370579341305958e-06 1.187434113731514836e-06 1.260244467868483069e-06 1.341176870461828963e-06 1.466105007318120042e-06
3.888628762541806450e-01 8.992110959466555542e-08 4.663023913382294452e-07 7.462954114990293901e-07 9.135483648717431408e-07 1.032062076278037617e-06 1.126239435026392614e-06 1.208169662548924562e-06 1.286417366707298532e-06 1.373027355015827493e-06 1.505984665808411869e-06
4.022374581939799354e-01 7.355030875670393671e-08 4.327939117280776507e-07 7.301504947558818280e-07 9.102990370328778942e-07 1.037894249321335547e-06 1.139206828558450969e-06 1.227227395848812602e-06 1.311111997064615522e-06 1.403597030584674254e-06 1.544828586876127843e-06
4.156120401337792813e-01 5.928651355278438230e-08 3.976327898058007069e-07 7.110151360588620216e-07 9.045373352802320554e-07 1.041550552249671534e-06 1.150263887060001269e-06 1.244597043871536215e-06 1.334319138342195219e-06 1.432873227282558808e-06 1.582627576488852333e-06
4.289866220735786273e-01 4.708621502767854983e-08 3.614236595345109313e-07 6.889039696001835971e-07 8.962503437188265386e-07 1.043024263945246031e-06 1.159405977693367031e-06 1.260270966760493661e-06 1.356027697712002777e-06 1.460847975949421570e-06 1.619371430840275769e-06
4.423612040133779733e-01 3.684101141233582303e-08 3.248152721194318784e-07 6.638514564285085611e-07 8.854343720717902631e-07 1.042310714568561830e-06 1.166620446816008490e-06 1.274242051369277125e-06 1.376232942681671483e-06 1.487511019310685121e-06 1.655051504879025689e-06
4.557357859531773192e-01 2.839147971845924175e-08 2.884741842575210169e-07 6.359317790463073959e-07 8.720806215069950519e-07 1.039402082382536264e-06 1.171904065737474510e-06 1.286501677481908735e-06 1.394926778855036902e-06 1.512855916728370107e-06 1.689659467363680084e-06
4.691103678929766096e-01 2.154213349453717331e-08 2.530456072263344615e-07 6.052566464289042560e-07 8.561863555879574435e-07 1.034293101753150626e-06 1.175252545013346605e-06 1.297046233875042769e-06 1.412103439036885194e-06 1.536876257195674997e-06 1.723188072279224207e-06
4.824849498327759556e-01 1.608394945371258997e-08 2.191254198743447136e-07 5.720052391866099734e-07 8.377467438683477751e-07 1.026983649075467410e-06 1.176659307642024693e-06 1.305870133637164903e-06 1.427754830246558964e-06 1.559567056948997499e-06 1.755630237662136313e-06
4.958595317725753016e-01 1.180649434945461292e-08 1.872271223996814748e-07 5.364272784655195858e-07 8.167535559900506848e-07 1.017467129736015389e-06 1.176125054131544947e-06 1.312970215559317689e-06 1.441878388704817671e-06 1.580923496769027222e-06 1.786978647321598445e-06
5.092341137123745920e-01 8.240529190048358414e-09 1.566960563781076796e-07 4.984718488519432200e-07 7.931898817499892453e-07 1.005744359145631474e-06 1.173642778052718733e-06 1.318341444688754818e-06 1.454472665282963697e-06 1.600938248072860542e-06 1.817229210335479913e-06
5.226086956521739380e-01 5.432714001752447043e-09 1.282422723269334609e-07 4.584295608877885214e-07 7.670278610626385925e-07 9.918116420366433459e-07 1.169213433717645155e-06 1.321982976749712970e-06 1.465530612128045618e-06 1.619608873467642678e-06 1.846377078947287643e-06
5.359832775919732839e-01 3.358023186150914674e-09 1.025968359472042407e-07 4.168197483918925865e-07 7.382493248078136999e-07 9.756659050029880370e-07 1.162835382287682173e-06 1.323893228884222923e-06 1.475050954999347507e-06 1.636933468299269884e-06 1.874416722977472732e-06
5.493578595317726299e-01 1.866125559396987110e-09 7.991537823131974075e-08 3.741040864859682065e-07 7.068238447775888916e-07 9.573024777930254000e-07 1.154506256601544539e-06 1.324072852931911518e-06 1.483032826715577345e-06 1.652907870446749580e-06 1.901345567424467826e-06
5.627324414715719758e-01 8.270065544503853002e-10 6.023390306832588697e-08 3.308145097492164512e-07 6.727116682784429261e-07 9.367135013896201432e-07 1.144231312492355123e-06 1.322514485192339972e-06 1.489475038183041882e-06 1.667529850527601989e-06 1.927160509671701097e-06
5.761070234113713218e-01 1.351440319393559376e-10 4.352026890734174736e-08 2.875553550106096704e-07 6.358917570311707919e-07 9.138811790321368173e-07 1.132008319679754449e-06 1.319225029545548783e-06 1.494376772324248509e-06 1.680797000805281409e-06 1.951858474661802756e-06
5.894816053511705567e-01 -2.978380489105424142e-10 2.964728008219821857e-08 2.449773349232655199e-07 5.963519339165742865e-07 8.887703118576450527e-07 1.117839587943241113e-06 1.314204153705464075e-06 1.497736568736408917e-06 1.692710632883809355e-06 1.975437174567015004e-06
6.028561872909699026e-01 -5.451974784522181867e-10 1.838844286543217466e-08 2.036952669636935880e-07 5.541077063758741724e-07 8.613342440400199116e-07 1.101724129322065581e-06 1.307452427539726523e-06 1.499555091402468601e-06 1.703270154357331021e-06 1.997894504523401495e-06
6.162307692307692486e-01 -6.619515076722985359e-10 9.501372758319778348e-09 1.643470617697828729e-07 5.092350555102185886e-07 8.314917624555333418e-07 1.083660956411297525e-06 1.298970675459762076e-06 1.499835972380496585e-06 1.712473842568452382e-06 2.019230963420176473e-06
6.296053511705685946e-01 -6.901451975107854007e-10 2.719323615752509932e-09 1.275415326027022846e-07 4.618981022751322599e-07 7.991257291923438725e-07 1.063647327565734699e-06 1.288763028903971117e-06 1.498577833568328499e-06 1.720325301214976169e-06 2.039442800967068682e-06
6.429799331103679405e-01 -6.609488185046074760e-10 -2.226882480466124497e-09 9.385606572928996877e-08 4.123968493504202484e-07 7.640832715523943404e-07 1.041674620538668022e-06 1.276832496837380088e-06 1.495782841239372411e-06 1.726820283987416292e-06 2.058532655889743995e-06
6.563545150501672865e-01 -6.000393425994184711e-10 -5.662228269595758639e-09 6.363887964307068532e-08 3.611051431536961325e-07 7.261570940622919995e-07 1.017717935568829804e-06 1.263180220052854290e-06 1.491455400097578016e-06 1.731965206104396696e-06 2.076498818400104158e-06
6.697290969899666324e-01 -5.238175353473937680e-10 -7.866010538116807674e-09 3.716567489447657161e-08 3.085515639311293946e-07 6.851079837525662882e-07 9.917357105568164978e-07 1.247810260244176403e-06 1.485599202314088795e-06 1.735758886691416592e-06 2.093340230537746454e-06
6.831036789297659784e-01 -4.441113093249449576e-10 -9.114646179876621976e-09 1.450026288055683208e-08 2.553204851504838718e-07 6.406469597152646269e-07 9.636525348390648656e-07 1.230726586134035354e-06 1.478209958268421783e-06 1.738207008232582487e-06 2.109060936658811660e-06
6.964782608695653243e-01 -3.673763913160530132e-10 -9.621471429148036879e-09 -4.307807498420314433e-09 2.022004255313822852e-07 5.924904699937786401e-07 9.333547175784848452e-07 1.211930666891627175e-06 1.469299547694784710e-06 1.739305675913896838e-06 2.123659854921601439e-06
7.098528428093645593e-01 -2.702620615114163818e-10 -8.469557613643475997e-09 -1.339130127469221298e-08 1.580779104425852091e-07 5.432286149740099386e-07 9.008867531387382160e-07 1.191422903635398277e-06 1.458869616694780492e-06 1.739062010426135124e-06 2.137138831929469349e-06
7.232274247491639052e-01 -1.896602299382754575e-10 -6.975640448298041410e-09 -1.759367248203630566e-08 1.206227817477668340e-07 4.930112810377130106e-07 8.661785146511958071e-07 1.169202266075308563e-06 1.446920320996967399e-06 1.737480310089445439e-06 2.149498932535795629e-06
7.366020066889632512e-01 -1.315170272517030711e-10 -5.645656162845552571e-09 -1.967567322727611396e-08 8.776218474529173805e-08 4.417244193024227409e-07 8.291084458726542792e-07 1.145262550446829320e-06 1.433461964405401195e-06 1.734559512671813136e-06 2.160743236305019579e-06
7.499765886287625971e-01 -9.014107356740745312e-11 -4.496240605780065110e-09 -2.015979029087866700e-08 5.971866852037877442e-08 3.901163291633427068e-07 7.896224066008396367e-07 1.119589035453170014e-06 1.418494802331430063e-06 1.730307299070152417e-06 2.170872990409578867e-06
7.633511705685619431e-01 -6.109580610921812026e-11 -3.527004880736465519e-09 -1.949713633393385503e-08 3.652885773610923791e-08 3.390439662495799362e-07 7.477042602267219736e-07 1.092164453474479283e-06 1.402025443761017759e-06 1.724725682799500813e-06 2.179891044348050281e-06
7.767257525083612890e-01 -4.095075297196877470e-11 -2.727055491092559033e-09 -1.807748233342612724e-08 1.800192117252125794e-08 2.893941885627680260e-07 7.034122460500597181e-07 1.062956085011609721e-06 1.384059026155055556e-06 1.717819848520294955e-06 2.187800327015373712e-06
7.901003344481606350e-01 -2.717004983890865792e-11 -2.080994003877913598e-09 -1.622880293083554389e-08 3.751411507512999060e-09 2.420089897613184208e-07 6.568777881352012941e-07 1.031923941997450693e-06 1.364600115038588198e-06 1.709594588425725712e-06 2.194602443651465949e-06
8.034749163879598699e-01 -1.785333594478575394e-11 -1.568262226807025065e-09 -1.418771386828329054e-08 -6.684875460476365682e-09 1.976817473234540281e-07 6.083492590119418179e-07 9.990174948096714060e-07 1.343652079064236929e-06 1.700049775773865670e-06 2.200302464052403778e-06
8.168494983277592159e-01 -1.162218945434427166e-11 -1.167895617746420866e-09 -1.212924991600404651e-08 -1.385851132922805301e-08 1.570618039237165941e-07 5.581838331526148167e-07 9.641735206078824004e-07 1.321218907990133050e-06 1.689196118224980168e-06 2.204902713400153874e-06
8.302240802675585618e-01 -7.500816016644306197e-12 -8.600373975656503239e-10 -1.017042055213873367e-08 -1.833153116463162752e-08 1.206504159796301665e-07 5.068611209138856183e-07 9.273318430114201165e-07 1.297300142128942279e-06 1.677037330415527355e-06 2.208406989168032857e-06
8.435986622073579078e-01 -4.800889434545073191e-12 -6.265020894415596792e-10 -8.381830572577281016e-09 -2.065349276355952886e-08 8.876509282833349451e-08 4.549724484288660060e-07 8.884421176473691067e-07 1.271898274430488759e-06 1.663576865658147652e-06 2.210818746180419391e-06
8.569732441471572537e-01 -3.048644516425065310e-12 -4.516969955545064742e-10 -6.801936172228460433e-09 -2.134397043347487400e-08 6.151502898792701895e-08 4.031864309362541762e-07 8.474649955644469871e-07 1.245004047280833040e-06 1.648822273395883933e-06 2.212141773995366397e-06
8.703478260869565997e-01 -1.922106958169640467e-12 -3.224925850558738035e-10 -5.442250650956161748e-09 -2.084792580126251450e-08 3.886048811342950585e-08 3.522415982701342217e-07 8.044056092264444062e-07 1.216608563057603496e-06 1.632776968249108737e-06 2.212381050207478457e-06
8.837224080267559456e-01 -1.203091437252215279e-12 -2.280132114463595785e-10 -4.296822589962825070e-09 -1.954611900422728668e-08 2.059158270300283869e-08 3.028958195623017829e-07 7.593144213998761919e-07 1.186695523691544768e-06 1.615448066150060465e-06 2.211539297844932789e-06
8.970969899665552916e-01 -7.480169277101231020e-13 -1.597300739498142847e-10 -3.350951373467580415e-09 -1.775435809293554474e-08 6.360382188169197787e-09 2.558684576216254515e-07 7.123126173001740448e-07 1.155242287686465092e-06 1.596841124151492053e-06 2.209622086085313429e-06
9.104715719063546375e-01 -4.774729609237216942e-13 -1.148425951975390471e-10 -2.686877989008726266e-09 -1.655922246867809410e-08 -6.917917739757679813e-09 2.088794093075727263e-07 6.627230809998747456e-07 1.122172747100482838e-06 1.576960022274710924e-06 2.206634334233345724e-06
9.238461538461538725e-01 -3.057274440696353715e-13 -8.263549812592640671e-11 -2.151309907770013610e-09 -1.523198552535357615e-08 -1.746579618053334016e-08 1.640707887901454063e-07 6.109193045899252914e-07 1.087427193300407036e-06 1.555811075623472406e-06 2.202578956448205994e-06
9.372207357859532184e-01 -1.949139981618684004e-13 -5.902532597157510651e-11 -1.704513616214795809e-09 -1.369691103752180089e-08 -2.498946440618966888e-08 1.226773255571958966e-07 5.572905693377121771e-07 1.050925410166610561e-06 1.533403226347299029e-06 2.197460890670218139e-06
9.505953177257525644e-01 -1.235776292245974905e-13 -4.180088234974527446e-11 -1.335037847267755136e-09 -1.205929043548130249e-08 -2.981628731942248636e-08 8.532674686652676081e-08 5.022489196250946817e-07 1.012571746890196742e-06 1.509734449114174799e-06 2.191285961846360287e-06
9.639698996655519103e-01 -7.792489358434147720e-14 -2.935802263548140673e-11 -1.034322303507249427e-09 -1.042524886601486166e-08 -3.240891396541409126e-08 5.236325508936528697e-08 4.462673398814557514e-07 9.722561942180865357e-07 1.484808487828508267e-06 2.184059168069619421e-06
9.773444816053512563e-01 -4.890992610835894121e-14 -2.046210743258482340e-11 -7.932461076022209180e-10 -8.868589797307990137e-09 -3.321034202820244580e-08 2.400065922345918780e-08 3.899305469236929960e-07 9.298573498713324779e-07 1.458625798367913720e-06 2.175785706771225210e-06
9.907190635451506022e-01 -3.055038964607003133e-14 -1.415374251751973027e-11 -6.023999622577576725e-10 -7.434948975727523483e-09 -3.263747435278240184e-08 2.768996315603922162e-10 3.339076675816935347e-07 8.852654694477071129e-07 1.431185297826893554e-06 2.166467887438815167e-06
1.004093645484949837e+00 -1.899664791304567869e-14 -9.719431807448127848e-12 -4.531999030229170890e-10 -6.150452729938640937e-09 -3.106136470753166290e-08 -1.890332379278768774e-08 2.789318975593556994e-07 8.383870822230726198e-07 1.402470326696872908e-06 2.156115641353045321e-06
1.017468227424749072e+00 -1.176485342243172728e-14 -6.628972786802023716e-12 -3.379159766657591190e-10 -5.025354792048571784e-09 -2.880183133880283698e-08 -3.375789603126109777e-08 2.257772888193958601e-07 7.891667683994039277e-07 1.372470506913007222e-06 2.144729629821474356e-06
1.030842809364548529e+00 -7.256277788460621612e-15 -4.491028785142875543e-12 -2.497916826372627866e-10 -4.059194928550277220e-09 -2.613329870592882108e-08 -4.464740905070569911e-08 1.751775316270366017e-07 7.376019416962618112e-07 1.341153388040077016e-06 2.132317473324633917e-06
1.044217391304347764e+00 -4.460000544570884710e-15 -3.024061472553047059e-12 -1.831619164734721969e-10 -3.244106153113586709e-09 -2.327391669838011441e-08 -5.199405844501408466e-08 1.278341460803408421e-07 6.837558281230353305e-07 1.308478426274714949e-06 2.118884044732873113e-06
1.057591973244147221e+00 -2.732136392755563833e-15 -2.024270876096788902e-12 -1.332604493574938716e-10 -2.566687358072458429e-09 -2.038840518350413968e-08 -5.626822685483292682e-08 8.436597734822151645e-08 6.277854274755812795e-07 1.274390261909431918e-06 2.104434392213614459e-06
1.070966555183946456e+00 -1.667998267044543665e-15 -1.347153155592922310e-12 -9.621713825264874128e-11 -2.011267969465035082e-09 -1.759783276961683831e-08 -5.796591829444051561e-08 4.527334829559599910e-08 5.699453078852908458e-07 1.238812863258709349e-06 2.088975829734017701e-06
1.084341137123745691e+00 -1.015728284971858130e-15 -8.919687817378113770e-13 -6.898570111595150826e-11 -1.561993184422604277e-09 -1.498765380424242781e-08 -5.758230452779618539e-08 1.092256359252405854e-08 5.105964567441354788e-07 1.201655424637766839e-06 2.072511085839783125e-06
1.097715719063545148e+00 -6.167402308505661941e-16 -5.874980277095832154e-13 -4.911574220055693666e-11 -1.202526996355174688e-09 -1.260732273248377007e-08 -5.558425832642821998e-08 -1.847237624932432900e-08 4.502126246006755276e-07 1.162806103726191117e-06 2.055046589885786964e-06
1.111090301003344383e+00 -3.736448464357794631e-16 -3.852042758990814682e-13 -3.474938706833888129e-11 -9.184817967295690550e-10 -1.048853118526153070e-08 -5.243031549925433965e-08 -4.292031232464830984e-08 3.893158765070883610e-07 1.122139109087251288e-06 2.036587296379965202e-06
1.124464882943143840e+00 -2.263511144809712022e-16 -2.519599176764318202e-13 -2.448260243621430536e-11 -6.975163996037429291e-10 -8.652798901156674984e-09 -4.859728157312108902e-08 -6.279523499976736334e-08 3.283196334910235800e-07 1.079489949985968652e-06 2.017139120018171139e-06
1.137839464882943075e+00 -1.367889657764616281e-16 -1.640472281842174865e-13 -1.714061949589537212e-11 -5.255908943829877806e-10 -7.065599942170344315e-09 -4.424774485483288789e-08 -7.794867190758936063e-08 2.681505356055755755e-07 1.034727143388995554e-06 1.996706493998133912e-06
1.151214046822742532e+00 -8.266970979429623420e-17 -1.065806189675648614e-13 -1.195419805073121290e-11 -3.939425977419959039e-10 -5.726828383972577061e-09 -3.975074065606690056e-08 -8.903621180061099069e-08 2.092242776500681345e-07 9.876694798971311528e-07 1.975290651592331444e-06
1.164588628762541767e+00 -5.084292063827950750e-17 -7.032882889768420216e-14 -8.455666645328116355e-12 -2.991747431482586481e-10 -4.697779199955832730e-09 -3.602759904514888563e-08 -9.931676216567793597e-08 1.487601024109392944e-07 9.376010721490571547e-07 1.952895356563763172e-06
1.177963210702341001e+00 -3.120533352163361948e-17 -4.621695622152963896e-14 -5.946336583246560483e-12 -2.255487878299306942e-10 -3.817843730992668838e-09 -3.218724446495151288e-08 -1.057807712429022511e-07 9.058771519722584018e-08 8.846532126032356647e-07 1.929519061745378317e-06
1.191337792642140458e+00 -1.912897094439791636e-17 -3.026901851183736593e-14 -4.160132301938672734e-12 -1.689034755816011600e-10 -3.076087906480214423e-09 -2.838725169462618195e-08 -1.088688280805461150e-07 3.547839007043341705e-08 8.286428773894587557e-07 1.905158392872018128e-06
1.204712374581939693e+00 -1.170708871160275819e-17 -1.975285328645893286e-14 -2.895245150548093827e-12 -1.256430346848914321e-10 -2.457849088907138100e-09 -2.473880187516540634e-08 -1.090500948921046662e-07 -1.583825794489632005e-08 7.694411960326972028e-07 1.879803595906386878e-06
1.218086956521739150e+00 -7.153872855488792075e-18 -1.284549761171030390e-14 -2.004683341453602033e-12 -9.285561708404721084e-11 -1.948038334835023327e-09 -2.131886787482531700e-08 -1.067929721259235838e-07 -6.266917062000903083e-08 7.069943894366764466e-07 1.853435359227997928e-06
1.231461538461538385e+00 -4.367338189077713721e-18 -8.329109178848375410e-15 -1.381690999816966210e-12 -6.821137088157805697e-11 -1.532346154006356446e-09 -1.818280915534660362e-08 -1.025939662142229648e-07 -1.044754712228631320e-07 6.413122200430833478e-07 1.826028211414925993e-06
1.244836120401337842e+00 -2.662570182475865270e-18 -5.383563176248701021e-15 -9.478338159440214011e-13 -4.980606412311359753e-11 -1.196457355293509455e-09 -1.535671071435446410e-08 -9.691368644339778211e-08 -1.408392013390564586e-07 5.725155100989312898e-07 1.797538568560278712e-06
1.258210702341137077e+00 -1.621712466101062700e-18 -3.469947460569118547e-15 -6.473696016234173480e-13 -3.615846197706134310e-11 -9.275717905827827025e-10 -1.284962386916118158e-08 -9.017140236630553539e-08 -1.714478787073702591e-07 5.008428318603659631e-07 1.767909058724092551e-06
1.271585284280936534e+00 -9.868503711871922706e-19 -2.230570935817737262e-15 -4.403005054084629181e-13 -2.610551716513071627e-11 -7.142120452162099866e-10 -1.065747971693777518e-08 -8.275635663778770930e-08 -1.961908261134307518e-07 4.266405154285623311e-07 1.737056200822644749e-06
1.284959866220735769e+00 -5.998781034364837575e-19 -1.429895593522674572e-15 -2.982036452469132871e-13 -1.874423025814929831e-11 -5.462491208571666949e-10 -8.764631589587036291e-09 -7.499777536987587426e-08 -2.150976398025334350e-07 3.503793030903977427e-07 1.704876037603607511e-06
1.298334448160535004e+00 -3.644652093966798646e-19 -9.145958228309019794e-16 -2.012124242248880384e-13 -1.339042011631635434e-11 -4.151388175616589538e-10 -7.150052042892009252e-09 -6.717285986324887034e-08 -2.283211458081386171e-07 2.726686101269178346e-07 1.671232985862652545e-06
1.311709030100334461e+00 -2.213272034633157037e-19 -5.837576527946137842e-16 -1.352907039652999112e-13 -9.520274192928007827e-12 -3.136310367118703271e-10 -5.789606867656793513e-09 -5.952957867101332227e-08 -2.362998152582180293e-07 1.940933641334107463e-07 1.635958695253051805e-06
1.325083612040133696e+00 -1.342913074589632648e-19 -3.717339150652193345e-16 -9.063097795785694429e-14 -6.735327964567778435e-12 -2.355029162151809204e-10 -4.652809644539182803e-09 -5.221126669160921299e-08 -2.393389101497362488e-07 1.155313317388976378e-07 1.598858270148432660e-06
1.338458193979933153e+00 -8.144248845789081510e-20 -2.362400765013884790e-16 -6.050536367202196651e-14 -4.742619035016468254e-12 -1.757950467626819276e-10 -3.711961459153500958e-09 -4.534037230018363963e-08 -2.379155801987059450e-07 3.790825025559161412e-08 1.559705613842007927e-06
1.351832775919732388e+00 -4.936742804496042391e-20 -1.497762791523512271e-16 -4.024511633157235060e-14 -3.323246201131128521e-12 -1.304438458721981408e-10 -2.939987407435246005e-09 -3.899953083276815891e-08 -2.326062787026654337e-07 -3.783090132195706571e-08 1.518253597377388176e-06
1.365207357859531845e+00 -2.990427357002794168e-20 -9.476555677730404720e-17 -2.667921256789879742e-14 -2.318005686798617554e-12 -9.623974909979132676e-11 -2.312332516817416052e-09 -3.324017407434933710e-08 -2.240208232461499826e-07 -1.106898196031422235e-07 1.474238885542502504e-06
1.378581939799331080e+00 -1.811079399318046587e-20 -5.983753440078185017e-17 -1.762736934653377204e-14 -1.609534479910741749e-12 -7.060496224398341192e-11 -1.806260112401829750e-09 -2.808234756804366827e-08 -2.127923781514742521e-07 -1.796860447484819733e-07 1.427397568754450290e-06
1.391956521739130537e+00 -1.093203802099361881e-20 -3.769739419586872166e-17 -1.160609974217338658e-14 -1.112438126912650978e-12 -5.150453443623777145e-11 -1.401358205061403865e-09 -2.352137611639940003e-08 -1.995383855797724962e-07 -2.438640225404603234e-07 1.377479719603286892e-06
1.405331103678929772e+00 -6.614018226718900176e-21 -2.368256228409724246e-17 -7.610433383445253245e-15 -7.648072737519681193e-13 -3.733049068540310966e-11 -1.078974933176478901e-09 -1.951715819310182271e-08 -1.846415600366010732e-07 -3.017397617256498244e-07 1.324337335244321128e-06
1.418705685618729007e+00 -3.976913941614803352e-21 -1.482481380289423814e-17 -4.966648404357563360e-15 -5.227255050258476830e-13 -2.687013642814524806e-11 -8.241160475749585540e-10 -1.603951649328514276e-08 -1.686446061973368515e-07 -3.522493453172965839e-07 1.267895487262778424e-06
1.432080267558528464e+00 -2.413877091914184410e-21 -9.264763629985272394e-18 -3.232202443940032349e-15 -3.558757854127184088e-13 -1.924542272911649154e-11 -6.256886013068162302e-10 -1.308325442396122746e-08 -1.524306654265388453e-07 -3.957884932820367310e-07 1.207954606285917235e-06
1.445454849498327698e+00 -1.427399274916879592e-21 -5.784274932916301673e-18 -2.098885919718058369e-15 -2.414830846228147189e-13 -1.372398243938280933e-11 -4.724459082388024391e-10 -1.059821490829348886e-08 -1.364471112463271170e-07 -4.321036455033820971e-07 1.144455966933485097e-06
1.458829431438127155e+00 -8.587041700675302259e-22 -3.607117331635107754e-18 -1.359891523391674939e-15 -1.633226338749538059e-13 -9.744751807109437916e-12 -3.548545183656695670e-10 -8.528691588937614813e-09 -1.210357547882330652e-07 -4.611122460324337641e-07 1.077416553368486078e-06
1.472204013377926390e+00 -5.179795580849170823e-22 -2.248235140665211121e-18 -8.796475694840548426e-16 -1.101614786638641087e-13 -6.893451846237488742e-12 -2.652632469345880473e-10 -6.821717034082526026e-09 -1.064649579709088658e-07 -4.829077024974275658e-07 1.006908415493271307e-06
1.485578595317725847e+00 -3.135887688533588986e-22 -1.400854807354421519e-18 -5.682188868753030161e-16 -7.412444125827933907e-14 -4.859713673601115002e-12 -1.974121035824029274e-10 -5.425408978429007609e-09 -9.291343907747628775e-08 -4.977162604981755705e-07 9.330792002012420559e-07
1.498953177257525082e+00 -1.919165403259324118e-22 -8.725696234633616277e-19 -3.665510782787244504e-16 -4.975939207410945865e-14 -3.414664771374667549e-12 -1.462911935785965567e-10 -4.291534520090893749e-09 -8.048551295630786060e-08 -5.058757891246546081e-07 8.561470695621865755e-07
1.512327759197324317e+00 -1.137243836271100598e-22 -5.456612379401209295e-19 -2.371382258988137856e-16 -3.346478545080695899e-14 -2.401290731408112240e-12 -1.083891601810720912e-10 -3.390046669818280151e-09 -6.949322553456698747e-08 -5.099438495649372119e-07 7.753191082614125560e-07
1.525702341137123774e+00 -6.804500012689905341e-23 -3.412898089970938023e-19 -1.532999476138994163e-16 -2.246753192267862188e-14 -1.684156098904263100e-12 -8.001693567197955127e-11 -2.665285488202108024e-09 -5.960986049086715770e-08 -5.082809072480906072e-07 6.916655095361133177e-07
1.539076923076923009e+00 -4.470023291024047419e-23 -2.134062435258261229e-19 -9.898878820291324359e-17 -1.505263203820586430e-14 -1.177602065075746652e-12 -5.883622773851495497e-11 -2.084843069199993755e-09 -5.078345480253286499e-08 -5.010868391057595451e-07 6.057658643124408436e-07
1.552451505016722466e+00 -2.613637461920141732e-23 -1.335331800697382509e-19 -6.388982777251897159e-17 -1.007039126270360352e-14 -8.214215234216947804e-13 -4.311522289218743481e-11 -1.623454990717403934e-09 -4.299456796544219739e-08 -4.891142533354085691e-07 5.179942294052231920e-07
1.565826086956521701e+00 -1.753594807887567386e-23 -8.368187111298707419e-20 -4.125393939237841270e-17 -6.734069501165681891e-15 -5.721883499137298332e-13 -3.152299931199744141e-11 -1.260013565174954835e-09 -3.622376057159303001e-08 -4.736122246629132215e-07 4.282544508551270178e-07
1.579200668896321158e+00 -1.194190264690558054e-23 -5.239977112317421806e-20 -2.660507611219389611e-17 -4.493379646461235180e-15 -3.973476607023009883e-13 -2.295468780621121576e-11 -9.729663388002682340e-10 -3.031621510664256376e-08 -4.541499528042034259e-07 3.379763268868628449e-07
1.592575250836120393e+00 -6.076074249335882474e-24 -3.281638621400763499e-20 -1.713417984852553267e-17 -2.991419212347934189e-15 -2.750511595650140366e-13 -1.664643235677776196e-11 -7.474420681593164183e-10 -2.520322327707474968e-08 -4.313628864098167277e-07 2.479323082794534062e-07
1.605949832775919628e+00 -6.165139849006798314e-24 -2.047748841761749556e-20 -1.100175583255257495e-17 -1.983859980080085020e-15 -1.894996464341893714e-13 -1.200429772993170973e-11 -5.704222860289497391e-10 -2.078528573458603996e-08 -4.053697522320403182e-07 1.597385151321754542e-07
1.619324414715719085e+00 0.000000000000000000e+00 -1.277352321056395060e-20 -7.044172308501944676e-18 -1.310776798315179432e-15 -1.299538568032548062e-13 -8.608498554330483462e-12 -4.324537112401516961e-10 -1.700384769863459680e-08 -3.769056674782924101e-07 7.452193629548039274e-08
1.632698996655518320e+00 0.000000000000000000e+00 -7.957117008586534139e-21 -4.503130757276801537e-18 -8.639810209718809770e-16 -8.882990750637825547e-14 -6.147903724708337465e-12 -3.261945245305140316e-10 -1.382150934998214735e-08 -3.474027360297907039e-07 -8.010146344470012815e-09
1.646073578595317777e+00 0.000000000000000000e+00 -4.962560638304520049e-21 -2.874869707956480298e-18 -5.682645485562680459e-16 -6.053912043928660530e-14 -4.373771960602388882e-12 -2.448680956690218140e-10 -1.116661363121949295e-08 -3.175687127147194564e-07 -8.740145592560635623e-08
1.659448160535117012e+00 0.000000000000000000e+00 -3.058145588818414847e-21 -1.821623810389943474e-18 -3.706498408084277096e-16 -4.087906269070007460e-14 -3.080175351610066319e-12 -1.817782109479354421e-10 -8.909487011113335608e-09 -2.860109500839782973e-07 -1.577059111662751525e-07
1.672822742474916469e+00 0.000000000000000000e+00 -1.908464065902590144e-21 -1.149685102900377859e-18 -2.406183165412599798e-16 -2.745176723010487874e-14 -2.155439863656227116e-12 -1.339667157905142559e-10 -7.048595442142225933e-09 -2.548919465951649406e-07 -2.212282941547799536e-07
1.686197324414715704e+00 0.000000000000000000e+00 -1.142247807714587982e-21 -7.251551807382490137e-19 -1.559738398485727722e-16 -1.839262611381636387e-14 -1.503583633721745944e-12 -9.832818213493785247e-11 -5.546927168583561976e-09 -2.255156059294520214e-07 -2.800839131049763506e-07
1.699571906354515161e+00 0.000000000000000000e+00 -7.067064846466352356e-22 -4.571035999493060698e-19 -1.009723802047885817e-16 -1.229697039560553973e-14 -1.045763624091152923e-12 -7.189096653996543382e-11 -4.343150855354209930e-09 -1.981383938754059768e-07 -3.342579963753247589e-07
1.712946488294314396e+00 0.000000000000000000e+00 -4.337493967066771631e-22 -2.882139350365949309e-19 -6.534010320180368153e-17 -8.212040110071321704e-15 -7.259240056352529306e-13 -5.241372170940715303e-11 -3.387276038582447815e-09 -1.730898995574055432e-07 -3.847145500411246636e-07
1.726321070234113630e+00 0.000000000000000000e+00 -2.682792249640032149e-22 -1.817097541491523534e-19 -4.224479178536543031e-17 -5.474899637627078733e-15 -5.026349698340718820e-13 -3.808171224576677780e-11 -2.629598867648875417e-09 -1.502285052147744078e-07 -4.306467964082749422e-07
1.739695652173913087e+00 0.000000000000000000e+00 -1.664928917665520995e-22 -1.145126079612165770e-19 -2.728074592973626920e-17 -3.643099616437021017e-15 -3.470895651599526780e-13 -2.757021415183050938e-11 -2.031934281552245026e-09 -1.295529762387191245e-07 -4.721130737637487376e-07
1.753070234113712322e+00 0.000000000000000000e+00 -1.024652089479572971e-22 -7.214297741983698132e-20 -1.759685730854780386e-17 -2.419613337503997628e-15 -2.390405525923494295e-13 -1.988990033355359853e-11 -1.562910824687711802e-09 -1.110178232076710266e-07 -5.091767880785822169e-07
1.766444816053511779e+00 0.000000000000000000e+00 -6.325358190451951739e-23 -4.542512581060239385e-20 -1.134173168237986607e-17 -1.604582821255596592e-15 -1.642446076390242860e-13 -1.430295871259744892e-11 -1.196957352657369989e-09 -9.455579478745129678e-08 -5.420395885540293114e-07
1.779819397993311014e+00 0.000000000000000000e+00 -4.167646336669741465e-23 -2.859140612397593650e-20 -7.302163123907752775e-18 -1.062203208560104218e-15 -1.125682569690051865e-13 -1.025100060484891920e-11 -9.126994625066759639e-10 -8.005180472026842975e-08 -5.708965174343361300e-07
1.793193979933110471e+00 0.000000000000000000e+00 -2.352895133430636459e-23 -1.797680296466855711e-20 -4.697303772361735825e-18 -7.020487766221765508e-16 -7.697007279203548230e-14 -7.323477682921306599e-12 -6.929986492766818078e-10 -6.737218507315193464e-08 -5.958767136910546893e-07
1.806568561872909706e+00 0.000000000000000000e+00 -1.745943989414841806e-23 -1.131013020860377627e-20 -3.018551613620546038e-18 -4.632162573153339184e-16 -5.249975457433662275e-14 -5.214738279272243941e-12 -5.239056266030161128e-10 -5.636254580721231746e-08 -6.170172766814271740e-07
1.819943143812709163e+00 0.000000000000000000e+00 -1.147873581994170739e-23 -7.093522163008969623e-21 -1.937461649004309680e-18 -3.050730862726823461e-16 -3.571796237710175250e-14 -3.700800746384609397e-12 -3.943648959163618082e-10 -4.687548791251069934e-08 -6.345641468064187668e-07
1.833317725752508398e+00 0.000000000000000000e+00 -5.676369314833457062e-24 -4.486159284791693218e-21 -1.242896109216941814e-18 -2.006799828213926240e-16 -2.425324447100102862e-14 -2.619058515640156026e-12 -2.957201218678237697e-10 -3.877314509711969501e-08 -6.489705469818494002e-07
1.846692307692307633e+00 0.000000000000000000e+00 -5.593435368256409227e-24 -2.825078739756318746e-21 -7.968051074175682491e-19 -1.318371653147036890e-16 -1.643550899485898529e-14 -1.848343835835345437e-12 -2.209194913285423050e-10 -3.190252039290203316e-08 -6.605806152676159939e-07
1.860066889632107090e+00 0.000000000000000000e+00 0.000000000000000000e+00 -1.767525672242058477e-21 -5.105345052546330242e-19 -8.650695783646658534e-17 -1.111671857596574638e-14 -1.300954151603419135e-12 -1.644431820126443519e-10 -2.611536052578358699e-08 -6.696505014337035621e-07
1.873441471571906325e+00 0.000000000000000000e+00 0.000000000000000000e+00 -1.127553544884074289e-21 -3.270180165497354215e-19 -5.671289030165761054e-17 -7.507194529244952423e-15 -9.134733237130722062e-13 -1.219891696511360170e-10 -2.127250718280876791e-08 -6.763778248854427351e-07
1.886816053511705782e+00 0.000000000000000000e+00 0.000000000000000000e+00 -6.788733735280759817e-22 -2.094023294069915973e-19 -3.714051270495110888e-17 -5.060915900553471274e-15 -6.398164020644890615e-13 -9.018946645106421449e-11 -1.724442748575771775e-08 -6.810496772532459305e-07
1.900190635451505017e+00 0.000000000000000000e+00 0.000000000000000000e+00 -4.298441450720066332e-22 -1.340473647228531383e-19 -2.430439913714956393e-17 -3.406892686189986753e-15 -4.471549980090667148e-13 -6.646977602146033912e-11 -1.391480594704413564e-08 -6.838856688239218918e-07
1.913565217391304474e+00 0.000000000000000000e+00 0.000000000000000000e+00 -2.708418850956465093e-22 -8.585617526716700640e-20 -1.590262995206658158e-17 -2.291654242899704874e-15 -3.120271943155527148e-13 -4.886755106323634536e-11 -1.118432097528093246e-08 -6.855863320635105524e-07
1.926939799331103709e+00 0.000000000000000000e+00 0.000000000000000000e+00 -1.714973174652402528e-22 -5.499009853187502179e-20 -1.039636500571669756e-17 -1.539210563779735240e-15 -2.172567170523134226e-13 -3.581633163976147429e-11 -8.949813080283096984e-09 -6.857572112206492921e-07
1.940314381270902944e+00 0.000000000000000000e+00 0.000000000000000000e+00 -1.071653819160084888e-22 -3.519947479004865642e-20 -6.793429512855546019e-18 -1.032658802494904471e-15 -1.509850123730352678e-13 -2.617672217410489930e-11 -7.131306698765873449e-09 -6.845124616099822669e-07
1.953688963210702401e+00 0.000000000000000000e+00 0.000000000000000000e+00 -6.787673299825803435e-23 -2.253470151022433973e-20 -4.435716942581644670e-18 -6.918556703176157684e-16 -1.047096599881085726e-13 -1.907493126615575512e-11 -5.657905155630164785e-09 -6.819175984444255643e-07
1.967063545150501636e+00 0.000000000000000000e+00 0.000000000000000000e+00 -4.274013083337281598e-23 -1.443515292087786892e-20 -2.894203664177114720e-18 -4.629230465009974753e-16 -7.247212917184858457e-14 -1.386014577769394030e-11 -4.470187814089097681e-09 -6.781047241046624624e-07
1.980438127090301093e+00 0.000000000000000000e+00 0.000000000000000000e+00 -2.789496868283838253e-23 -9.229153751623715032e-21 -1.887671753514388332e-18 -3.094270235655840660e-16 -5.007208347399991004e-14 -1.004433865849769471e-11 -3.517616057785590272e-09 -6.731527475904348787e-07
1.993812709030100327e+00 0.000000000000000000e+00 0.000000000000000000e+00 -1.823752986033909343e-23 -5.894180260099524428e-21 -1.230241211523705991e-18 -2.065474613322359265e-16 -3.452567501650773001e-14 -7.258332916332812753e-12 -2.756662969720138812e-09 -6.670922802357451366e-07
2.007187290969899784e+00 0.000000000000000000e+00 0.000000000000000000e+00 -8.911500350856664902e-24 -3.772585512235297715e-21 -8.007930056183286653e-19 -1.376320306501573504e-16 -2.374807238709018372e-14 -5.227817420431834039e-12 -2.150411834130664844e-09 -6.594988567581362856e-07
2.020561872909699019e+00 0.000000000000000000e+00 0.000000000000000000e+00 -8.699075580886844136e-24 -2.424628252174627724e-21 -5.207210076608818036e-19 -9.156362829900427889e-17 -1.629763369635777305e-14 -3.753588885220326711e-12 -1.670109331354070311e-09 -6.505601132868202945e-07
2.033936454849498254e+00 0.000000000000000000e+00 0.000000000000000000e+00 -4.249071027477836030e-24 -1.552870748370047947e-21 -3.384021957930509289e-19 -6.084416297595855768e-17 -1.116440809859650745e-14 -2.688074826759787811e-12 -1.292142620345941133e-09 -6.408140719211587885e-07
2.047311036789297489e+00 0.000000000000000000e+00 0.000000000000000000e+00 -4.141369930590179009e-24 -9.815212418439275331e-22 -2.198910945007384182e-19 -4.040239250842436410e-17 -7.637427748028338752e-15 -1.920740290722620458e-12 -9.962141833725136105e-10 -6.303935079330441519e-07
2.060685618729097168e+00 0.000000000000000000e+00 0.000000000000000000e+00 0.000000000000000000e+00 -6.416366531705946776e-22 -1.428294600611961936e-19 -2.680465774350351839e-17 -5.216761169903484225e-15 -1.369289572902042039e-12 -7.653762481541708046e-10 -6.193628144234237755e-07
2.074060200668896403e+00 0.000000000000000000e+00 0.000000000000000000e+00 0.000000000000000000e+00 -3.867564335906307302e-22 -9.277441441102306721e-20 -1.776851443968667085e-17 -3.558150158724585875e-15 -9.739871987764972561e-13 -5.860259415368449164e-10 -6.077704003643795091e-07
2.087434782608695638e+00 0.000000000000000000e+00 0.000000000000000000e+00 0.000000000000000000e+00 -2.480694679120556173e-22 -6.024377566407724676e-20 -1.177325190337333898e-17 -2.424227098364413743e-15 -6.914854084296223163e-13 -4.472966419735314186e-10 -5.957020844196809064e-07
2.100809364548494873e+00 0.000000000000000000e+00 0.000000000000000000e+00 0.000000000000000000e+00 -1.599751107128187987e-22 -3.911686229943741283e-20 -7.795563300462501670e-18 -1.649577937079925900e-15 -4.899350354992762738e-13 -3.403366671833096404e-10 -5.832151145324469900e-07
2.114183946488294552e+00 0.000000000000000000e+00 0.000000000000000000e+00 0.000000000000000000e+00 -1.008023273186329954e-22 -2.540655185645380435e-20 -5.161567694519955929e-18 -1.121740518969541239e-15 -3.466408747993313809e-13 -2.582867325259657857e-10 -5.705862790397755863e-07
2.127558528428093787e+00 0.000000000000000000e+00 0.000000000000000000e+00 0.000000000000000000e+00 -6.461037002809334264e-23 -1.649476125788409389e-20 -3.416256472894134677e-18 -7.620549653108003707e-16 -2.448300771728972652e-13 -1.954513161769695452e-10 -5.575562652850511788e-07
2.140933110367893022e+00 0.000000000000000000e+00 0.000000000000000000e+00 0.000000000000000000e+00 -4.105182251574531385e-23 -1.073367255878460041e-20 -2.259809839737436534e-18 -5.171222095107299343e-16 -1.726039829527558527e-13 -1.474699656564324734e-10 -5.441220047426788006e-07
2.154307692307692257e+00 0.000000000000000000e+00 0.000000000000000000e+00 0.000000000000000000e+00 -2.644148393394468291e-23 -6.957562899733840200e-21 -1.494526558112694085e-18 -3.506279659200428645e-16 -1.214936002488076165e-13 -1.109645780308641542e-10 -5.302786607778721950e-07
2.167682274247491492e+00 0.000000000000000000e+00 0.000000000000000000e+00 0.000000000000000000e+00 -1.602552925147749712e-23 -4.522346890097466796e-21 -9.879780481277617358e-19 -2.375081471042471957e-16 -8.537413203754284417e-14 -8.326593966551518191e-11 -5.160397441716207121e-07
2.181056856187291171e+00 0.000000000000000000e+00 0.000000000000000000e+00 0.000000000000000000e+00 -1.225964588910584350e-23 -2.931648278077956245e-21 -6.528491638057743019e-19 -1.607295432362994326e-16 -5.989371675503174524e-14 -6.231199628410703773e-11 -5.014013247562772994e-07
2.194431438127090406e+00 0.000000000000000000e+00 0.000000000000000000e+00 0.000000000000000000e+00 -6.043483542112811990e-24 -1.908018256126998126e-21 -4.313373440519030357e-19 -1.086959247207415783e-16 -4.195847568637202886e-14 -4.651319049906387664e-11 -4.863611810171753050e-07
2.207806020066889641e+00 0.000000000000000000e+00 0.000000000000000000e+00 0.000000000000000000e+00 -5.857793601375346648e-24 -1.246933726506217374e-21 -2.848628417474851227e-19 -7.344070528329862486e-17 -2.934764699166264592e-14 -3.463000450295291870e-11 -4.709466525472267969e-07
2.221180602006688876e+00 0.000000000000000000e+00 0.000000000000000000e+00 0.000000000000000000e+00 -2.834351689860340896e-24 -8.116102504858332124e-22 -1.881354949212841096e-19 -4.959181208070259544e-17 -2.050114243705901021e-14 -2.572313031009451178e-11 -4.552329938277519745e-07
2.234555183946488555e+00 0.000000000000000000e+00 0.000000000000000000e+00 0.000000000000000000e+00 -2.751225886236272848e-24 -5.190502571920623289e-22 -1.242602254471421968e-19 -3.347196055145051314e-17 -1.430492523683504230e-14 -1.906538669326694159e-11 -4.392568969743131939e-07
2.247929765886287790e+00 0.000000000000000000e+00 0.000000000000000000e+00 0.000000000000000000e+00 0.000000000000000000e+00 -3.485883134977696675e-22 -8.204936988621636367e-20 -2.257816356534621510e-17 -9.968984635913428040e-15 -1.409934287381725251e-11 -4.230314408547759196e-07
2.261304347826087024e+00 0.000000000000000000e+00 0.000000000000000000e+00 0.000000000000000000e+00 0.000000000000000000e+00 -2.342593249491148808e-22 -5.418312460945558512e-20 -1.522554619632177225e-17 -6.940639462470672131e-15 -1.040599432330617629e-11 -4.065773930504552095e-07
2.274678929765886259e+00 0.000000000000000000e+00 0.000000000000000000e+00 0.000000000000000000e+00 0.000000000000000000e+00 -1.376509561524454545e-22 -3.580242776621089910e-20 -1.026256020792526483e-17 -4.826946979606678512e-15 -7.664258144772010160e-12 -3.899200590870344245e-07
2.288053511705685494e+00 0.000000000000000000e+00 0.000000000000000000e+00 0.000000000000000000e+00 0.000000000000000000e+00 -8.894869924831307182e-23 -2.365401815154969385e-20 -6.914263037870419291e-18 -3.353384003187856872e-15 -5.633508485762472216e-12 -3.730922271649659063e-07
2.301428093645485173e+00 0.000000000000000000e+00 0.000000000000000000e+00 0.000000000000000000e+00 0.000000000000000000e+00 -5.820079177650963038e-23 -1.562471965605837961e-20 -4.657685536904199303e-18 -2.327800788090792462e-15 -4.133359633629148408e-12 -3.561345664823509517e-07
2.314802675585284408e+00 0.000000000000000000e+00 0.000000000000000000e+00 0.000000000000000000e+00 0.000000000000000000e+00 -3.825442030516257473e-23 -1.032574529390606208e-20 -3.136241456582306492e-18 -1.614236625065904786e-15 -3.026820019688721588e-12 -3.390915107912286424e-07
2.328177257525083643e+00 0.000000000000000000e+00 0.000000000000000000e+00 0.000000000000000000e+00 0.000000000000000000e+00 -2.574127554902492140e-23 -6.819773443244626799e-21 -2.111314342941170633e-18 -1.118478988799811999e-15 -2.212575286565611403e-12 -3.220154185267295256e-07
2.341551839464882878e+00 0.000000000000000000e+00 0.000000000000000000e+00 0.000000000000000000e+00 0.000000000000000000e+00 -1.683592505400376536e-23 -4.510899541891086449e-21 -1.421099416808881109e-18 -7.743804006961642267e-16 -1.614609189188532568e-12 -3.049629788833483223e-07
2.354926421404682113e+00 0.000000000000000000e+00 0.000000000000000000e+00 0.000000000000000000e+00 0.000000000000000000e+00 -1.015865773881061134e-23 -2.986567974449684150e-21 -9.562187671399900118e-19 -5.356661509298517351e-16 -1.176158650656325343e-12 -2.879938623465680900e-07
2.368301003344481792e+00 0.000000000000000000e+00 0.000000000000000000e+00 0.000000000000000000e+00 0.000000000000000000e+00 -7.257531489714770002e-24 -1.977697688057387546e-21 -6.433976392014505205e-19 -3.703155489287042434e-16 -8.554521390364026415e-13 -2.711729818768098342e-07
2.381675585284281027e+00 0.000000000000000000e+00 0.000000000000000000e+00 0.000000000000000000e+00 0.000000000000000000e+00 -3.794123972964060524e-24 -1.308085830109828652e-21 -4.328433373585121535e-19 -2.558141348761562378e-16 -6.211829869849388993e-13 -2.545641760060729405e-07
2.395050167224080262e+00 0.000000000000000000e+00 0.000000000000000000e+00 0.000000000000000000e+00 0.000000000000000000e+00 -3.662187245286484094e-24 -8.633362861903402398e-22 -2.911292543752557207e-19 -1.765871134256215080e-16 -4.503515877887753476e-13 -2.382325335159024762e-07
2.408424749163879497e+00 0.000000000000000000e+00 0.000000000000000000e+00 0.000000000000000000e+00 0.000000000000000000e+00 -1.765594660811880613e-24 -5.759547491393667761e-22 -1.958394615355359937e-19 -1.218403647380505837e-16 -3.260535861315911949e-13 -2.222437978975461471e-07
2.421799331103679176e+00 0.000000000000000000e+00 0.000000000000000000e+00 0.000000000000000000e+00 0.000000000000000000e+00 -1.705569179067060416e-24 -3.811075263149866670e-22 -1.317175153605916880e-19 -8.400787033811607347e-17 -2.357021581868923546e-13 -2.066578878552659325e-07
2.435173913043478411e+00 0.000000000000000000e+00 0.000000000000000000e+00 0.000000000000000000e+00 0.000000000000000000e+00 -1.644948546950093390e-24 -2.465987137869676133e-22 -8.859240759796476379e-20 -5.789260236931495044e-17 -1.701544420188052903e-13 -1.915339405179049487e-07
2.448548494983277646e+00 0.000000000000000000e+00 0.000000000000000000e+00 0.000000000000000000e+00 0.000000000000000000e+00 0.000000000000000000e+00 -1.691349422788154651e-22 -5.957921199254011409e-20 -3.987737459444121450e-17 -1.226752121268296909e-13 -1.769255439646543134e-07
2.461923076923076881e+00 0.000000000000000000e+00 0.000000000000000000e+00 0.000000000000000000e+00 0.000000000000000000e+00 0.000000000000000000e+00 -1.161293456944419001e-22 -4.007020719763631095e-20 -2.745181419518323144e-17 -8.832155408742640643e-14 -1.628792011343582720e-07
2.475297658862876116e+00 0.000000000000000000e+00 0.000000000000000000e+00 0.000000000000000000e+00 0.000000000000000000e+00 0.000000000000000000e+00 -6.818376901470251482e-23 -2.696690486984002193e-20 -1.889207826987207953e-17 -6.351502983640359162e-14 -1.494381000683549599e-07
2.488672240802675795e+00 0.000000000000000000e+00 0.000000000000000000e+00 0.000000000000000000e+00 0.000000000000000000e+00 0.000000000000000000e+00 -4.576072551406462760e-23 -1.814049471275800037e-20 -1.299531605386993725e-17 -4.561870793020347215e-14 -1.366351581798599518e-07
2.502046822742475030e+00 0.000000000000000000e+00 0.000000000000000000e+00 0.000000000000000000e+00 0.000000000000000000e+00 0.000000000000000000e+00 -2.993380931669165496e-23 -1.220539447677783083e-20 -8.934985226259756938e-18 -3.272463655353174115e-14 -1.244971263652094389e-07
2.515421404682274265e+00 0.000000000000000000e+00 0.000000000000000000e+00 0.000000000000000000e+00 0.000000000000000000e+00 0.000000000000000000e+00 -1.968613171102380048e-23 -8.215306016645215110e-21 -6.142110460912835124e-18 -2.345158292606824883e-14 -1.130451968171156645e-07
2.528795986622073499e+00 0.000000000000000000e+00 0.000000000000000000e+00 0.000000000000000000e+00 0.000000000000000000e+00 0.000000000000000000e+00 -1.288805547242822156e-23 -5.526413263691480188e-21 -4.220382013103775257e-18 -1.678639423667379583e-14 -1.022892765043428512e-07
2.542170568561873178e+00 0.000000000000000000e+00 0.000000000000000000e+00 0.000000000000000000e+00 0.000000000000000000e+00 0.000000000000000000e+00 -8.510111734459941939e-24 -3.723471193958407683e-21 -2.899128823751755876e-18 -1.200319623880179894e-14 -9.223507350024209955e-08
2.555545150501672413e+00 0.000000000000000000e+00 0.000000000000000000e+00 0.000000000000000000e+00 0.000000000000000000e+00 0.000000000000000000e+00 -5.853369480401664142e-24 -2.502953495150503186e-21 -1.991114443498370367e-18 -8.574694144187121189e-15 -8.288051732314837097e-08
2.568919732441471648e+00 0.000000000000000000e+00 0.000000000000000000e+00 0.000000000000000000e+00 0.000000000000000000e+00 0.000000000000000000e+00 -3.466894074136766753e-24 -1.686672992082791144e-21 -1.367003031688729576e-18 -6.118963130839553665e-15 -7.421578429129176349e-08
2.582294314381270883e+00 0.000000000000000000e+00 0.000000000000000000e+00 0.000000000000000000e+00 0.000000000000000000e+00 0.000000000000000000e+00 -2.163291196489535192e-24 -1.137407298902179462e-21 -9.384429380145789016e-19 -4.362933350709259580e-15 -6.622802385420294209e-08
2.595668896321070118e+00 0.000000000000000000e+00 0.000000000000000000e+00 0.000000000000000000e+00 0.000000000000000000e+00 0.000000000000000000e+00 -2.083316525185942725e-24 -7.620357618360906436e-22 -6.440952703144568654e-19 -3.107944683668263672e-15 -5.889644730826243459e-08
2.609043478260869797e+00 0.000000000000000000e+00 0.000000000000000000e+00 0.000000000000000000e+00 0.000000000000000000e+00 0.000000000000000000e+00 -1.000651325618192130e-24 -5.180964729683864202e-22 -4.419535108664944619e-19 -2.211899182869833039e-15 -5.219692098423046876e-08
2.622418060200669032e+00 0.000000000000000000e+00 0.000000000000000000e+00 0.000000000000000000e+00 0.000000000000000000e+00 0.000000000000000000e+00 -9.617493183498520550e-25 -3.472431162513517790e-22 -3.032684343930453316e-19 -1.573104876475919678e-15 -4.610306647852763768e-08
2.635792642140468267e+00 0.000000000000000000e+00 0.000000000000000000e+00 0.000000000000000000e+00 0.000000000000000000e+00 0.000000000000000000e+00 -9.242617019197094492e-25 -2.353910723510776915e-22 -2.080575215407767791e-19 -1.117801326658522169e-15 -4.058283631468766307e-08
2.649167224080267502e+00 0.000000000000000000e+00 0.000000000000000000e+00 0.000000000000000000e+00 0.000000000000000000e+00 0.000000000000000000e+00 0.000000000000000000e+00 -1.588158897336632088e-22 -1.427237424900271658e-19 -7.936899838805312245e-16 -3.560421376419581579e-08
2.662541806020067181e+00 0.000000000000000000e+00 0.000000000000000000e+00 0.000000000000000000e+00 0.000000000000000000e+00 0.000000000000000000e+00 0.000000000000000000e+00 -1.040570737098451185e-22 -9.791062911518203548e-20 -5.631759222817825916e-16 -3.113310200038917625e-08
2.675916387959866416e+00 0.000000000000000000e+00 0.000000000000000000e+00 0.000000000000000000e+00 0.000000000000000000e+00 0.000000000000000000e+00 0.000000000000000000e+00 -7.277835297514260095e-23 -6.715092460970103883e-20 -3.992945990993626182e-16 -2.713374776005990406e-08
2.689290969899665651e+00 0.000000000000000000e+00 0.000000000000000000e+00 0.000000000000000000e+00 0.000000000000000000e+00 0.000000000000000000e+00 0.000000000000000000e+00 -5.124786391254575605e-23 -4.606066290277496493e-20 -2.829452704803142386e-16 -2.357180912770684271e-08
2.702665551839464886e+00 0.000000000000000000e+00 0.000000000000000000e+00 0.000000000000000000e+00 0.000000000000000000e+00 0.000000000000000000e+00 0.000000000000000000e+00 -2.955228998493068392e-23 -3.160091845250198895e-20 -2.003645177422616155e-16 -2.041162191042024033e-08
2.716040133779264121e+00 0.000000000000000000e+00 0.000000000000000000e+00 0.000000000000000000e+00 0.000000000000000000e+00 0.000000000000000000e+00 0.000000000000000000e+00 -2.014452198698247230e-23 -2.167450629957179917e-20 -1.417904228869547929e-16 -1.761883417135868656e-08
2.729414715719063800e+00 0.000000000000000000e+00 0.000000000000000000e+00 0.000000000000000000e+00 0.000000000000000000e+00 0.000000000000000000e+00 0.000000000000000000e+00 -1.353058064265427981e-23 -1.487111764396546562e-20 -1.002965701494958583e-16 -1.516093053443705281e-08
2.742789297658863035e+00 0.000000000000000000e+00 0.000000000000000000e+00 0.000000000000000000e+00 0.000000000000000000e+00 0.000000000000000000e+00 0.000000000000000000e+00 -9.273775950695060482e-24 -1.019898280706877416e-20 -7.089994869917122689e-17 -1.300534194205655013e-08
2.756163879598662270e+00 0.000000000000000000e+00 0.000000000000000000e+00 0.000000000000000000e+00 0.000000000000000000e+00 0.000000000000000000e+00 0.000000000000000000e+00 -6.350176332755079102e-24 -6.999852199141861213e-21 -5.009441623444823350e-17 -1.112224658409924221e-08
2.769538461538461505e+00 0.000000000000000000e+00 0.000000000000000000e+00 0.000000000000000000e+00 0.000000000000000000e+00 0.000000000000000000e+00 0.000000000000000000e+00 -4.258333544109716220e-24 -4.802016765325548849e-21 -3.537886187559341724e-17 -9.483306255643354162e-09
2.782913043478261184e+00 0.000000000000000000e+00 0.000000000000000000e+00 0.000000000000000000e+00 0.000000000000000000e+00 0.000000000000000000e+00 0.000000000000000000e+00 -2.912426774192945651e-24 -3.294189014214993083e-21 -2.497203374430916300e-17 -8.061726085849482506e-09
2.796287625418060419e+00 0.000000000000000000e+00 0.000000000000000000e+00 0.000000000000000000e+00 0.000000000000000000e+00 0.000000000000000000e+00 0.000000000000000000e+00 -2.074048646536423669e-24 -2.262961755738509253e-21 -1.762063207194353816e-17 -6.833383808068219403e-09
2.809662207357859653e+00 0.000000000000000000e+00 0.000000000000000000e+00 0.000000000000000000e+00 0.000000000000000000e+00 0.000000000000000000e+00 0.000000000000000000e+00 -1.250139620472061580e-24 -1.553085079442227568e-21 -1.242782461509199635e-17 -5.775484580965297159e-09
2.823036789297658888e+00 0.000000000000000000e+00 0.000000000000000000e+00 0.000000000000000000e+00 0.000000000000000000e+00 0.000000000000000000e+00 0.000000000000000000e+00 -1.023384226480655268e-24 -1.067599478021420978e-21 -8.761293687139138930e-18 -4.867439822954809834e-09
2.836411371237458123e+00 0.000000000000000000e+00 0.000000000000000000e+00 0.000000000000000000e+00 0.000000000000000000e+00 0.000000000000000000e+00 0.000000000000000000e+00 -4.900394740236503131e-25 -7.325609529838841004e-22 -6.175160270474273734e-18 -4.090864513564000009e-09
2.849785953177257802e+00 0.000000000000000000e+00 0.000000000000000000e+00 0.000000000000000000e+00 0.000000000000000000e+00 0.000000000000000000e+00 0.000000000000000000e+00 -4.688466967524231765e-25 -5.027484900515658753e-22 -4.350480912707448017e-18 -3.428662561756936436e-09
2.863160535117057037e+00 0.000000000000000000e+00 0.000000000000000000e+00 0.000000000000000000e+00 0.000000000000000000e+00 0.000000000000000000e+00 0.000000000000000000e+00 -4.486588407833313505e-25 -3.435590445055667840e-22 -3.064056558364383467e-18 -2.865903417556385772e-09
2.876535117056856272e+00 0.000000000000000000e+00 0.000000000000000000e+00 0.000000000000000000e+00 0.000000000000000000e+00 0.000000000000000000e+00 0.000000000000000000e+00 0.000000000000000000e+00 -2.368733109300605750e-22 -2.157512269257521106e-18 -2.389185192380836294e-09
2.889909698996655507e+00 0.000000000000000000e+00 0.000000000000000000e+00 0.000000000000000000e+00 0.000000000000000000e+00 0.000000000000000000e+00 0.000000000000000000e+00 0.000000000000000000e+00 -1.636952497336101990e-22 -1.518617996388345972e-18 -1.986506688271359960e-09
2.903284280936454742e+00 0.000000000000000000e+00 0.000000000000000000e+00 0.000000000000000000e+00 0.000000000000000000e+00 0.000000000000000000e+00 0.000000000000000000e+00 0.000000000000000000e+00 -1.116473141681326797e-22 -1.068764523502288783e-18 -1.647505307835369072e-09
2.916658862876254421e+00 0.000000000000000000e+00 0.000000000000000000e+00 0.000000000000000000e+00 0.000000000000000000e+00 0.000000000000000000e+00 0.000000000000000000e+00 0.000000000000000000e+00 -7.718382868895299559e-23 -7.519723885447011340e-19 -1.362893798316802439e-09
2.930033444816053656e+00 0.000000000000000000e+00 0.000000000000000000e+00 0.000000000000000000e+00 0.000000000000000000e+00 0.000000000000000000e+00 0.000000000000000000e+00 0.000000000000000000e+00 -5.249166368493419933e-23 -5.289294155998428923e-19 -1.124627456476716132e-09
2.943408026755852891e+00 0.000000000000000000e+00 0.000000000000000000e+00 0.000000000000000000e+00 0.000000000000000000e+00 0.000000000000000000e+00 0.000000000000000000e+00 0.000000000000000000e+00 -3.795040850812917264e-23 -3.720271793879199917e-19 -9.257974368713748477e-10
2.956782608695652126e+00 0.000000000000000000e+00 0.000000000000000000e+00 0.000000000000000000e+00 0.000000000000000000e+00 0.000000000000000000e+00 0.000000000000000000e+00 0.000000000000000000e+00 -2.491677326863332998e-23 -2.616013469072157049e-19 -7.602722528461031799e-10
2.970157190635451805e+00 0.000000000000000000e+00 0.000000000000000000e+00 0.000000000000000000e+00 0.000000000000000000e+00 0.000000000000000000e+00 0.000000000000000000e+00 0.000000000000000000e+00 -1.800300244991015075e-23 -1.839257258479497871e-19 -6.228769229210250211e-10
2.983531772575251040e+00 0.000000000000000000e+00 0.000000000000000000e+00 0.000000000000000000e+00 0.000000000000000000e+00 0.000000000000000000e+00 0.000000000000000000e+00 0.000000000000000000e+00 -1.307267166341448427e-23 -1.293033135735505727e-19 -5.091439982783824716e-10
2.996906354515050275e+00 0.000000000000000000e+00 0.000000000000000000e+00 0.000000000000000000e+00 0.000000000000000000e+00 0.000000000000000000e+00 0.000000000000000000e+00 0.000000000000000000e+00 -7.111319365370807873e-24 -9.088645615853899762e-20 -4.152208187865802445e-10
3.010280936454849510e+00 0.000000000000000000e+00 0.000000000000000000e+00 0.000000000000000000e+00 0.000000000000000000e+00 0.000000000000000000e+00 0.000000000000000000e+00 0.000000000000000000e+00 -4.868253749657886686e-24 -6.388236308916770235e-20 -3.378831530165034729e-10
3.023655518394648745e+00 0.000000000000000000e+00 0.000000000000000000e+00 0.000000000000000000e+00 0.000000000000000000e+00 0.000000000000000000e+00 0.000000000000000000e+00 0.000000000000000000e+00 -3.353388568356526252e-24 -4.489805020869421557e-20 -2.743471287168591572e-10
3.037030100334448424e+00 0.000000000000000000e+00 0.000000000000000000e+00 0.000000000000000000e+00 0.000000000000000000e+00 0.000000000000000000e+00 0.000000000000000000e+00 0.000000000000000000e+00 -2.452834862091918998e-24 -3.155054204801505610e-20 -2.222750126578487504e-10
3.050404682274247659e+00 0.000000000000000000e+00 0.000000000000000000e+00 0.000000000000000000e+00 0.000000000000000000e+00 0.000000000000000000e+00 0.000000000000000000e+00 0.000000000000000000e+00 -1.641616104324657099e-24 -2.217306035984168162e-20 -1.797180643632832183e-10
3.063779264214046893e+00 0.000000000000000000e+00 0.000000000000000000e+00 0.000000000000000000e+00 0.000000000000000000e+00 0.000000000000000000e+00 0.000000000000000000e+00 0.000000000000000000e+00 -1.118422468026376456e-24 -1.558099781327145122e-20 -1.450041737004462952e-10
3.077153846153846128e+00 0.000000000000000000e+00 0.000000000000000000e+00 0.000000000000000000e+00 0.000000000000000000e+00 0.000000000000000000e+00 0.000000000000000000e+00 0.000000000000000000e+00 -8.525444032421551628e-25 -1.094784183450623395e-20 -1.167594566090712720e-10
3.090528428093645807e+00 0.000000000000000000e+00 0.000000000000000000e+00 0.000000000000000000e+00 0.000000000000000000e+00 0.000000000000000000e+00 0.000000000000000000e+00 0.000000000000000000e+00 -6.092354207633347476e-25 -7.693747100042449662e-21 -9.383225607109838134e-11
3.103903010033445042e+00 0.000000000000000000e+00 0.000000000000000000e+00 0.000000000000000000e+00 0.000000000000000000e+00 0.000000000000000000e+00 0.000000000000000000e+00 0.000000000000000000e+00 -3.871190549309171019e-25 -5.405721516621268105e-21 -7.525744832447154148e-11
3.117277591973244277e+00 0.000000000000000000e+00 0.000000000000000000e+00 0.000000000000000000e+00 0.000000000000000000e+00 0.000000000000000000e+00 0.000000000000000000e+00 0.000000000000000000e+00 -1.842444460681899171e-25 -3.799870490398595116e-21 -6.024707240774945636e-11
3.130652173913043512e+00 0.000000000000000000e+00 0.000000000000000000e+00 0.000000000000000000e+00 0.000000000000000000e+00 0.000000000000000000e+00 0.000000000000000000e+00 0.000000000000000000e+00 -1.755738051559277317e-25 -2.670571531482703624e-21 -4.813986016604564276e-11
3.144026755852842747e+00 0.000000000000000000e+00 0.000000000000000000e+00 0.000000000000000000e+00 0.000000000000000000e+00 0.000000000000000000e+00 0.000000000000000000e+00 0.000000000000000000e+00 -1.671345023818042523e-25 -1.877026869216633010e-21 -3.839389411519599775e-11
3.157401337792642426e+00 0.000000000000000000e+00 0.000000000000000000e+00 0.000000000000000000e+00 0.000000000000000000e+00 0.000000000000000000e+00 0.000000000000000000e+00 0.000000000000000000e+00 -1.590949924779751624e-25 -1.319525447033607490e-21 -3.056802109567356981e-11
3.170775919732441661e+00 0.000000000000000000e+00 0.000000000000000000e+00 0.000000000000000000e+00 0.000000000000000000e+00 0.000000000000000000e+00 0.000000000000000000e+00 0.000000000000000000e+00 0.000000000000000000e+00 -9.272571732181194592e-22 -2.429342440970599535e-11
3.184150501672240896e+00 0.000000000000000000e+00 0.000000000000000000e+00 0.000000000000000000e+00 0.000000000000000000e+00 0.000000000000000000e+00 0.000000000000000000e+00 0.000000000000000000e+00 0.000000000000000000e+00 -6.514589092218273372e-22 -1.927356240312753747e-11
3.197525083612040131e+00 0.000000000000000000e+00 0.000000000000000000e+00 0.000000000000000000e+00 0.000000000000000000e+00 0.000000000000000000e+00 0.000000000000000000e+00 0.000000000000000000e+00 0.000000000000000000e+00 -4.581614332162862465e-22 -1.526557279238556936e-11
3.210899665551839366e+00 0.000000000000000000e+00 0.000000000000000000e+00 0.000000000000000000e+00 0.000000000000000000e+00 0.000000000000000000e+00 0.000000000000000000e+00 0.000000000000000000e+00 0.000000000000000000e+00 -3.225530228021912919e-22 -1.207048514074330512e-11
3.224274247491639045e+00 0.000000000000000000e+00 0.000000000000000000e+00 0.000000000000000000e+00 0.000000000000000000e+00 0.000000000000000000e+00 0.000000000000000000e+00 0.000000000000000000e+00 0.000000000000000000e+00 -2.264839191259038311e-22 -9.529083246548678440e-12
3.237648829431438280e+00 0.000000000000000000e+00 0.000000000000000000e+00 0.000000000000000000e+00 0.000000000000000000e+00 0.000000000000000000e+00 0.000000000000000000e+00 0.000000000000000000e+00 0.000000000000000000e+00 -1.596896700371783140e-22 -7.510723424955405037e-12
3.251023411371237515e+00 0.000000000000000000e+00 0.000000000000000000e+00 0.000000000000000000e+00 0.000000000000000000e+00 0.000000000000000000e+00 0.000000000000000000e+00 0.000000000000000000e+00 0.000000000000000000e+00 -1.123798478284263829e-22 -5.910425824630336602e-12
3.264397993311036750e+00 0.000000000000000000e+00 0.000000000000000000e+00 0.000000000000000000e+00 0.000000000000000000e+00 0.000000000000000000e+00 0.000000000000000000e+00 0.000000000000000000e+00 0.000000000000000000e+00 -7.866550240737264971e-23 -4.644360073486338094e-12
3.277772575250836429e+00 0.000000000000000000e+00 0.000000000000000000e+00 0.000000000000000000e+00 0.000000000000000000e+00 0.000000000000000000e+00 0.000000000000000000e+00 0.000000000000000000e+00 0.000000000000000000e+00 -5.535570893127812116e-23 -3.643876216123439080e-12
3.291147157190635664e+00 0.000000000000000000e+00 0.000000000000000000e+00 0.000000000000000000e+00 0.000000000000000000e+00 0.000000000000000000e+00 0.000000000000000000e+00 0.000000000000000000e+00 0.000000000000000000e+00 -3.885556956579966729e-23 -2.854747497848051568e-12
3.304521739130434899e+00 0.000000000000000000e+00 0.000000000000000000e+00 0.000000000000000000e+00 0.000000000000000000e+00 0.000000000000000000e+00 0.000000000000000000e+00 0.000000000000000000e+00 0.000000000000000000e+00 -2.743481577287501556e-23 -2.233389763738288471e-12
3.317896321070234134e+00 0.000000000000000000e+00 0.000000000000000000e+00 0.000000000000000000e+00 0.000000000000000000e+00 0.000000000000000000e+00 0.000000000000000000e+00 0.000000000000000000e+00 0.000000000000000000e+00 -1.979207105064725716e-23 -1.744741462104484409e-12
3.331270903010033368e+00 0.000000000000000000e+00 0.000000000000000000e+00 0.000000000000000000e+00 0.000000000000000000e+00 0.000000000000000000e+00 0.000000000000000000e+00 0.000000000000000000e+00 0.000000000000000000e+00 -1.336130212461964882e-23 -1.361204593453463750e-12
3.344645484949833047e+00 0.000000000000000000e+00 0.000000000000000000e+00 0.000000000000000000e+00 0.000000000000000000e+00 0.000000000000000000e+00 0.000000000000000000e+00 0.000000000000000000e+00 0.000000000000000000e+00 -9.550208645306680466e-24 -1.060541848063235053e-12
3.358020066889632282e+00 0.000000000000000000e+00 0.000000000000000000e+00 0.000000000000000000e+00 0.000000000000000000e+00 0.000000000000000000e+00 0.000000000000000000e+00 0.000000000000000000e+00 0.000000000000000000e+00 -6.926290988872478685e-24 -8.251681523549630588e-13
3.371394648829431517e+00 0.000000000000000000e+00 0.000000000000000000e+00 0.000000000000000000e+00 0.000000000000000000e+00 0.000000000000000000e+00 0.000000000000000000e+00 0.000000000000000000e+00 0.000000000000000000e+00 -4.559180963622061858e-24 -6.412615371170891026e-13
3.384769230769230752e+00 0.000000000000000000e+00 0.000000000000000000e+00 0.000000000000000000e+00 0.000000000000000000e+00 0.000000000000000000e+00 0.000000000000000000e+00 0.000000000000000000e+00 0.000000000000000000e+00 -3.397031111904928648e-24 -4.976905122267113858e-13
3.398143812709030431e+00 0.000000000000000000e+00 0.000000000000000000e+00 0.000000000000000000e+00 0.000000000000000000e+00 0.000000000000000000e+00 0.000000000000000000e+00 0.000000000000000000e+00 0.000000000000000000e+00 -2.514843580614723412e-24 -3.857895531928910199e-13
3.411518394648829666e+00 0.000000000000000000e+00 0.000000000000000000e+00 0.000000000000000000e+00 0.000000000000000000e+00 0.000000000000000000e+00 0.000000000000000000e+00 0.000000000000000000e+00 0.000000000000000000e+00 -1.907267827070626319e-24 -2.987002190592447381e-13
3.424892976588628901e+00 0.000000000000000000e+00 0.000000000000000000e+00 0.000000000000000000e+00 0.000000000000000000e+00 0.000000000000000000e+00 0.000000000000000000e+00 0.000000000000000000e+00 0.000000000000000000e+00 -9.661459167473157467e-25 -2.309863346420503056e-13
3.438267558528428136e+00 0.000000000000000000e+00 0.000000000000000000e+00 0.000000000000000000e+00 0.000000000000000000e+00 0.000000000000000000e+00 0.000000000000000000e+00 0.000000000000000000e+00 0.000000000000000000e+00 -6.956140434635853174e-25 -1.784268273784155918e-13
3.451642140468227371e+00 0.000000000000000000e+00 0.000000000000000000e+00 0.000000000000000000e+00 0.000000000000000000e+00 0.000000000000000000e+00 0.000000000000000000e+00 0.000000000000000000e+00 0.000000000000000000e+00 -5.069356755272916321e-25 -1.376704805123027281e-13
3.465016722408027050e+00 0.000000000000000000e+00 0.000000000000000000e+00 0.000000000000000000e+00 0.000000000000000000e+00 0.000000000000000000e+00 0.000000000000000000e+00 0.000000000000000000e+00 0.000000000000000000e+00 -3.360526866843810809e-25 -1.061017973404901337e-13
3.478391304347826285e+00 0.000000000000000000e+00 0.000000000000000000e+00 0.000000000000000000e+00 0.000000000000000000e+00 0.000000000000000000e+00 0.000000000000000000e+00 0.000000000000000000e+00 0.000000000000000000e+00 -2.273209056972247352e-25 -8.169161861305945564e-14
3.491765886287625520e+00 0.000000000000000000e+00 0.000000000000000000e+00 0.000000000000000000e+00 0.000000000000000000e+00 0.000000000000000000e+00 0.000000000000000000e+00 0.000000000000000000e+00 0.000000000000000000e+00 -1.721971227794954800e-25 -6.282782370509569388e-14
3.505140468227424755e+00 0.000000000000000000e+00 0.000000000000000000e+00 0.000000000000000000e+00 0.000000000000000000e+00 0.000000000000000000e+00 0.000000000000000000e+00 0.000000000000000000e+00 0.000000000000000000e+00 -1.222414256222435574e-25 -4.827045376818157245e-14
3.518515050167224434e+00 0.000000000000000000e+00 0.000000000000000000e+00 0.000000000000000000e+00 0.000000000000000000e+00 0.000000000000000000e+00 0.000000000000000000e+00 0.000000000000000000e+00 0.000000000000000000e+00 -7.713856293565375507e-26 -3.705044629856807453e-14
3.531889632107023669e+00 0.000000000000000000e+00 0.000000000000000000e+00 0.000000000000000000e+00 0.000000000000000000e+00 0.000000000000000000e+00 0.000000000000000000e+00 0.000000000000000000e+00 0.000000000000000000e+00 -7.299806297785351211e-26 -2.840894824419240660e-14
3.545264214046822904e+00 0.000000000000000000e+00 0.000000000000000000e+00 0.000000000000000000e+00 0.000000000000000000e+00 0.000000000000000000e+00 0.000000000000000000e+00 0.000000000000000000e+00 0.000000000000000000e+00 -3.453137673486801427e-26 -2.176330894588678696e-14
3.558638795986622139e+00 0.000000000000000000e+00 0.000000000000000000e+00 0.000000000000000000e+00 0.000000000000000000e+00 0.000000000000000000e+00 0.000000000000000000e+00 0.000000000000000000e+00 0.000000000000000000e+00 -3.267280338043536183e-26 -1.665652825941175473e-14
3.572013377926421374e+00 0.000000000000000000e+00 0.000000000000000000e+00 0.000000000000000000e+00 0.000000000000000000e+00 0.000000000000000000e+00 0.000000000000000000e+00 0.000000000000000000e+00 0.000000000000000000e+00 -3.089629601856496017e-26 -1.273575403526396507e-14
3.585387959866221053e+00 0.000000000000000000e+00 0.000000000000000000e+00 0.000000000000000000e+00 0.000000000000000000e+00 0.000000000000000000e+00 0.000000000000000000e+00 0.000000000000000000e+00 0.000000000000000000e+00 -2.921528665452773166e-26 -9.730173524250628935e-15
3.598762541806020288e+00 0.000000000000000000e+00 0.000000000000000000e+00 0.000000000000000000e+00 0.000000000000000000e+00 0.000000000000000000e+00 0.000000000000000000e+00 0.000000000000000000e+00 0.000000000000000000e+00 0.000000000000000000e+00 -7.426999737608068260e-15
3.612137123745819522e+00 0.000000000000000000e+00 0.000000000000000000e+00 0.000000000000000000e+00 0.000000000000000000e+00 0.000000000000000000e+00 0.000000000000000000e+00 0.000000000000000000e+00 0.000000000000000000e+00 0.000000000000000000e+00 -5.664189398628500190e-15
3.625511705685618757e+00 0.000000000000000000e+00 0.000000000000000000e+00 0.000000000000000000e+00 0.000000000000000000e+00 0.000000000000000000e+00 0.000000000000000000e+00 0.000000000000000000e+00 0.000000000000000000e+00 0.000000000000000000e+00 -4.316406545442276537e-15
3.638886287625418436e+00 0.000000000000000000e+00 0.000000000000000000e+00 0.000000000000000000e+00 0.000000000000000000e+00 0.000000000000000000e+00 0.000000000000000000e+00 0.000000000000000000e+00 0.000000000000000000e+00 0.000000000000000000e+00 -3.286472127347468169e-15
3.652260869565217671e+00 0.000000000000000000e+00 0.000000000000000000e+00 0.000000000000000000e+00 0.000000000000000000e+00 0.000000000000000000e+00 0.000000000000000000e+00 0.000000000000000000e+00 0.000000000000000000e+00 0.000000000000000000e+00 -2.500458255947578464e-15
3.665635451505016906e+00 0.000000000000000000e+00 0.000000000000000000e+00 0.000000000000000000e+00 0.000000000000000000e+00 0.000000000000000000e+00 0.000000000000000000e+00 0.000000000000000000e+00 0.000000000000000000e+00 0.000000000000000000e+00 -1.900954210435402593e-15
3.679010033444816141e+00 0.000000000000000000e+00 0.000000000000000000e+00 0.000000000000000000e+00 0.000000000000000000e+00 0.000000000000000000e+00 0.000000000000000000e+00 0.000000000000000000e+00 0.000000000000000000e+00 0.000000000000000000e+00 -1.444021131530820221e-15
3.692384615384615376e+00 0.000000000000000000e+00 0.000000000000000000e+00 0.000000000000000000e+00 0.000000000000000000e+00 0.000000000000000000e+00 0.000000000000000000e+00 0.000000000000000000e+00 0.000000000000000000e+00 0.000000000000000000e+00 -1.096235027143611131e-15
3.705759197324415055e+00 0.000000000000000000e+00 0.000000000000000000e+00 0.000000000000000000e+00 0.000000000000000000e+00 0.000000000000000000e+00 0.000000000000000000e+00 0.000000000000000000e+00 0.000000000000000000e+00 0.000000000000000000e+00 -8.315688504199660095e-16
3.719133779264214290e+00 0.000000000000000000e+00 0.000000000000000000e+00 0.000000000000000000e+00 0.000000000000000000e+00 0.000000000000000000e+00 0.000000000000000000e+00 0.000000000000000000e+00 0.000000000000000000e+00 0.000000000000000000e+00 -6.303636489995715157e-16
3.732508361204013525e+00 0.000000000000000000e+00 0.000000000000000000e+00 0.000000000000000000e+00 0.000000000000000000e+00 0.000000000000000000e+00 0.000000000000000000e+00 0.000000000000000000e+00 0.000000000000000000e+00 0.000000000000000000e+00 -4.775428812704901090e-16
3.745882943143812760e+00 0.000000000000000000e+00 0.000000000000000000e+00 0.000000000000000000e+00 0.000000000000000000e+00 0.000000000000000000e+00 0.000000000000000000e+00 0.000000000000000000e+00 0.000000000000000000e+00 0.000000000000000000e+00 -3.615105468902154815e-16
3.759257525083611995e+00 0.000000000000000000e+00 0.000000000000000000e+00 0.000000000000000000e+00 0.000000000000000000e+00 0.000000000000000000e+00 0.000000000000000000e+00 0.000000000000000000e+00 0.000000000000000000e+00 0.000000000000000000e+00 -2.735119944754456265e-16
3.772632107023411674e+00 0.000000000000000000e+00 0.000000000000000000e+00 0.000000000000000000e+00 0.000000000000000000e+00 0.000000000000000000e+00 0.000000000000000000e+00 0.000000000000000000e+00 0.000000000000000000e+00 0.000000000000000000e+00 -2.068036618831129998e-16
3.786006688963210909e+00 0.000000000000000000e+00 0.000000000000000000e+00 0.000000000000000000e+00 0.000000000000000000e+00 0.000000000000000000e+00 0.000000000000000000e+00 0.000000000000000000e+00 0.000000000000000000e+00 0.000000000000000000e+00 -1.562611106822599581e-16
3.799381270903010144e+00 0.000000000000000000e+00 0.000000000000000000e+00 0.000000000000000000e+00 0.000000000000000000e+00 0.000000000000000000e+00 0.000000000000000000e+00 0.000000000000000000e+00 0.000000000000000000e+00 0.000000000000000000e+00 -1.180146611210877948e-16
3.812755852842809379e+00 0.000000000000000000e+00 0.000000000000000000e+00 0.000000000000000000e+00 0.000000000000000000e+00 0.000000000000000000e+00 0.000000000000000000e+00 0.000000000000000000e+00 0.000000000000000000e+00 0.000000000000000000e+00 -8.907286890843023844e-17
3.826130434782609058e+00 0.000000000000000000e+00 0.000000000000000000e+00 0.000000000000000000e+00 0.000000000000000000e+00 0.000000000000000000e+00 0.000000000000000000e+00 0.000000000000000000e+00 0.000000000000000000e+00 0.000000000000000000e+00 -6.719127910389336055e-17
3.839505016722408293e+00 0.000000000000000000e+00 0.000000000000000000e+00 0.000000000000000000e+00 0.000000000000000000e+00 0.000000000000000000e+00 0.000000000000000000e+00 0.000000000000000000e+00 0.000000000000000000e+00 0.000000000000000000e+00 -5.066051756634652947e-17
3.852879598662207528e+00 0.000000000000000000e+00 0.000000000000000000e+00 0.000000000000000000e+00 0.000000000000000000e+00 0.000000000000000000e+00 0.000000000000000000e+00 0.000000000000000000e+00 0.000000000000000000e+00 0.000000000000000000e+00 -3.817436316006751398e-17
3.866254180602006763e+00 0.000000000000000000e+00 0.000000000000000000e+00 0.000000000000000000e+00 0.000000000000000000e+00 0.000000000000000000e+00 0.000000000000000000e+00 0.000000000000000000e+00 0.000000000000000000e+00 0.000000000000000000e+00 -2.875274103321188800e-17
3.879628762541805997e+00 0.000000000000000000e+00 0.000000000000000000e+00 0.000000000000000000e+00 0.000000000000000000e+00 0.000000000000000000e+00 0.000000000000000000e+00 0.000000000000000000e+00 0.000000000000000000e+00 0.000000000000000000e+00 -2.164569392378783533e-17
3.893003344481605676e+00 0.000000000000000000e+00 0.000000000000000000e+00 0.000000000000000000e+00 0.000000000000000000e+00 0.000000000000000000e+00 0.000000000000000000e+00 0.000000000000000000e+00 0.000000000000000000e+00 0.000000000000000000e+00 -1.628659401619550612e-17
3.906377926421404911e+00 0.000000000000000000e+00 0.000000000000000000e+00 0.000000000000000000e+00 0.000000000000000000e+00 0.000000000000000000e+00 0.000000000000000000e+00 0.000000000000000000e+00 0.000000000000000000e+00 0.000000000000000000e+00 -1.225010512308625813e-17
3.919752508361204146e+00 0.000000000000000000e+00 0.000000000000000000e+00 0.000000000000000000e+00 0.000000000000000000e+00 0.000000000000000000e+00 0.000000000000000000e+00 0.000000000000000000e+00 0.000000000000000000e+00 0.000000000000000000e+00 -9.209334219261361350e-18
3.933127090301003381e+00 0.000000000000000000e+00 0.000000000000000000e+00 0.000000000000000000e+00 0.000000000000000000e+00 0.000000000000000000e+00 0.000000000000000000e+00 0.000000000000000000e+00 0.000000000000000000e+00 0.000000000000000000e+00 -6.920341222490774297e-18
3.946501672240803060e+00 0.000000000000000000e+00 0.000000000000000000e+00 0.000000000000000000e+00 0.000000000000000000e+00 0.000000000000000000e+00 0.000000000000000000e+00 0.000000000000000000e+00 0.000000000000000000e+00 0.000000000000000000e+00 -5.198385060133650788e-18
3.959876254180602295e+00 0.000000000000000000e+00 0.000000000000000000e+00 0.000000000000000000e+00 0.000000000000000000e+00 0.000000000000000000e+00 0.000000000000000000e+00 0.000000000000000000e+00 0.000000000000000000e+00 0.000000000000000000e+00 -3.903025235066632292e-18
3.973250836120401530e+00 0.000000000000000000e+00 0.000000000000000000e+00 0.000000000000000000e+00 0.000000000000000000e+00 0.000000000000000000e+00 0.000000000000000000e+00 0.000000000000000000e+00 0.000000000000000000e+00 0.000000000000000000e+00 -2.929412731180119119e-18
3.986625418060200765e+00 0.000000000000000000e+00 0.000000000000000000e+00 0.000000000000000000e+00 0.000000000000000000e+00 0.000000000000000000e+00 0.000000000000000000e+00 0.000000000000000000e+00 0.000000000000000000e+00 0.000000000000000000e+00 -2.197743398240116207e-18
4.000000000000000000e+00 0.000000000000000000e+00 0.000000000000000000e+00 0.000000000000000000e+00 0.000000000000000000e+00 0.000000000000000000e+00 0.000000000000000000e+00 0.000000000000000000e+00 0.000000000000000000e+00 0.000000000000000000e+00 -1.647995412328332927e-18
