# z values
0.000000000000000000e+00
8.278145695364239054e-03
1.655629139072847811e-02
2.483443708609271716e-02
3.311258278145695622e-02
4.139072847682119527e-02
4.966887417218543432e-02
5.794701986754967338e-02
6.622516556291391243e-02
7.450331125827815149e-02
8.278145695364239054e-02
9.105960264900662959e-02
9.933774834437086865e-02
1.076158940397351077e-01
1.158940397350993468e-01
1.241721854304635858e-01
1.324503311258278249e-01
1.407284768211920500e-01
1.490066225165563030e-01
1.572847682119205559e-01
1.655629139072847811e-01
1.738410596026490063e-01
1.821192052980132592e-01
1.903973509933775121e-01
1.986754966887417373e-01
2.069536423841059625e-01
2.152317880794702154e-01
2.235099337748344683e-01
2.317880794701986935e-01
2.400662251655629187e-01
2.483443708609271716e-01
2.566225165562914245e-01
2.649006622516556497e-01
2.731788079470198749e-01
2.814569536423841001e-01
2.897350993377483808e-01
2.980132450331126059e-01
3.062913907284768311e-01
3.145695364238411118e-01
3.228476821192053370e-01
3.311258278145695622e-01
3.394039735099337873e-01
3.476821192052980125e-01
3.559602649006622932e-01
3.642384105960265184e-01
3.725165562913907435e-01
3.807947019867550242e-01
3.890728476821192494e-01
3.973509933774834746e-01
4.056291390728476998e-01
4.139072847682119249e-01
4.221854304635762056e-01
4.304635761589404308e-01
4.387417218543046560e-01
4.470198675496689367e-01
4.552980132450331618e-01
4.635761589403973870e-01
4.718543046357616122e-01
4.801324503311258374e-01
4.884105960264901181e-01
4.966887417218543432e-01
5.049668874172186239e-01
5.132450331125828491e-01
5.215231788079470743e-01
5.298013245033112995e-01
5.380794701986755246e-01
5.463576158940397498e-01
5.546357615894039750e-01
5.629139072847682002e-01
5.711920529801325364e-01
5.794701986754967615e-01
5.877483443708609867e-01
5.960264900662252119e-01
6.043046357615894371e-01
6.125827814569536622e-01
6.208609271523178874e-01
6.291390728476822236e-01
6.374172185430464488e-01
6.456953642384106740e-01
6.539735099337748991e-01
6.622516556291391243e-01
6.705298013245033495e-01
6.788079470198675747e-01
6.870860927152317998e-01
6.953642384105960250e-01
7.036423841059603612e-01
7.119205298013245864e-01
7.201986754966888116e-01
7.284768211920530367e-01
7.367549668874172619e-01
7.450331125827814871e-01
7.533112582781457123e-01
7.615894039735100485e-01
7.698675496688742736e-01
7.781456953642384988e-01
7.864238410596027240e-01
7.947019867549669492e-01
8.029801324503311744e-01
8.112582781456953995e-01
8.195364238410596247e-01
8.278145695364238499e-01
8.360927152317881861e-01
8.443708609271524113e-01
8.526490066225166364e-01
8.609271523178808616e-01
8.692052980132450868e-01
8.774834437086093120e-01
8.857615894039735371e-01
8.940397350993378733e-01
9.023178807947020985e-01
9.105960264900663237e-01
9.188741721854305489e-01
9.271523178807947740e-01
9.354304635761589992e-01
9.437086092715232244e-01
9.519867549668874496e-01
9.602649006622516747e-01
9.685430463576160109e-01
9.768211920529802361e-01
9.850993377483444613e-01
9.933774834437086865e-01
1.001655629139073023e+00
1.009933774834437248e+00
1.018211920529801473e+00
1.026490066225165698e+00
1.034768211920529923e+00
1.043046357615894149e+00
1.051324503311258374e+00
1.059602649006622599e+00
1.067880794701986824e+00
1.076158940397351049e+00
1.084437086092715274e+00
1.092715231788079500e+00
1.100993377483443725e+00
1.109271523178807950e+00
1.117549668874172175e+00
1.125827814569536400e+00
1.134105960264900848e+00
1.142384105960265073e+00
1.150662251655629298e+00
1.158940397350993523e+00
1.167218543046357748e+00
1.175496688741721973e+00
1.183774834437086199e+00
1.192052980132450424e+00
1.200331125827814649e+00
1.208609271523178874e+00
1.216887417218543099e+00
1.225165562913907324e+00
1.233443708609271550e+00
1.241721854304635775e+00
1.250000000000000000e+00
1.258278145695364447e+00
1.266556291390728672e+00
1.274834437086092898e+00
1.283112582781457123e+00
1.291390728476821348e+00
1.299668874172185573e+00
1.307947019867549798e+00
1.316225165562914023e+00
1.324503311258278249e+00
1.332781456953642474e+00
1.341059602649006699e+00
1.349337748344370924e+00
1.357615894039735149e+00
1.365894039735099375e+00
1.374172185430463600e+00
1.382450331125827825e+00
1.390728476821192050e+00
1.399006622516556497e+00
1.407284768211920722e+00
1.415562913907284948e+00
1.423841059602649173e+00
1.432119205298013398e+00
1.440397350993377623e+00
1.448675496688741848e+00
1.456953642384106073e+00
1.465231788079470299e+00
1.473509933774834524e+00
1.481788079470198749e+00
1.490066225165562974e+00
1.498344370860927199e+00
1.506622516556291425e+00
1.514900662251655650e+00
1.523178807947020097e+00
1.531456953642384322e+00
1.539735099337748547e+00
1.548013245033112772e+00
1.556291390728476998e+00
1.564569536423841223e+00
1.572847682119205448e+00
1.581125827814569673e+00
1.589403973509933898e+00
1.597682119205298124e+00
1.605960264900662349e+00
1.614238410596026574e+00
1.622516556291390799e+00
1.630794701986755024e+00
1.639072847682119249e+00
1.647350993377483475e+00
1.655629139072847700e+00
1.663907284768212147e+00
1.672185430463576372e+00
1.680463576158940597e+00
1.688741721854304823e+00
1.697019867549669048e+00
1.705298013245033273e+00
1.713576158940397498e+00
1.721854304635761723e+00
1.730132450331125948e+00
1.738410596026490174e+00
1.746688741721854399e+00
1.754966887417218624e+00
1.763245033112582849e+00
1.771523178807947074e+00
1.779801324503311299e+00
1.788079470198675747e+00
1.796357615894039972e+00
1.804635761589404197e+00
1.812913907284768422e+00
1.821192052980132647e+00
1.829470198675496873e+00
1.837748344370861098e+00
1.846026490066225323e+00
1.854304635761589548e+00
1.862582781456953773e+00
1.870860927152317998e+00
1.879139072847682224e+00
1.887417218543046449e+00
1.895695364238410674e+00
1.903973509933774899e+00
1.912251655629139124e+00
1.920529801324503349e+00
1.928807947019867797e+00
1.937086092715232022e+00
1.945364238410596247e+00
1.953642384105960472e+00
1.961920529801324697e+00
1.970198675496688923e+00
1.978476821192053148e+00
1.986754966887417373e+00
1.995033112582781598e+00
2.003311258278146045e+00
2.011589403973510048e+00
2.019867549668874496e+00
2.028145695364238499e+00
2.036423841059602946e+00
2.044701986754966949e+00
2.052980132450331396e+00
2.061258278145695400e+00
2.069536423841059847e+00
2.077814569536423850e+00
2.086092715231788297e+00
2.094370860927152300e+00
2.102649006622516747e+00
2.110927152317880751e+00
2.119205298013245198e+00
2.127483443708609645e+00
2.135761589403973648e+00
2.144039735099338095e+00
2.152317880794702099e+00
2.160596026490066546e+00
2.168874172185430549e+00
2.177152317880794996e+00
2.185430463576158999e+00
2.193708609271523446e+00
2.201986754966887450e+00
2.210264900662251897e+00
2.218543046357615900e+00
2.226821192052980347e+00
2.235099337748344350e+00
2.243377483443708797e+00
2.251655629139072801e+00
2.259933774834437248e+00
2.268211920529801695e+00
2.276490066225165698e+00
2.284768211920530145e+00
2.293046357615894149e+00
2.301324503311258596e+00
2.309602649006622599e+00
2.317880794701987046e+00
2.326158940397351049e+00
2.334437086092715496e+00
2.342715231788079500e+00
2.350993377483443947e+00
2.359271523178807950e+00
2.367549668874172397e+00
2.375827814569536400e+00
2.384105960264900848e+00
2.392384105960265295e+00
2.400662251655629298e+00
2.408940397350993745e+00
2.417218543046357748e+00
2.425496688741722195e+00
2.433774834437086199e+00
2.442052980132450646e+00
2.450331125827814649e+00
2.458609271523179096e+00
2.466887417218543099e+00
2.475165562913907547e+00
2.483443708609271550e+00
2.491721854304635997e+00
2.500000000000000000e+00
