# z_values, n_1(z), n_2(z), ...
1.000000000000000021e-03 3.350056672530924009e-05 1.894129326019582387e-21 1.931154694863388837e-33 2.110844352818684318e-46 1.827605394202042603e-60 1.287780945835779021e-76 1.271163003940536840e-96 4.176885987577572258e-121 1.553753904505116389e-157 6.345810674963915902e-223
1.355778894472361995e-02 7.360813615282328463e-03 6.453275600828318802e-18 2.539195009135257928e-29 1.031884064650877334e-41 3.374967714983522047e-55 1.012427831009308639e-70 5.561245472049654274e-90 1.377005189515042938e-113 9.236460193849195962e-149 5.445803140193828593e-212
2.611557788944723901e-02 3.137436457876272011e-02 3.666212101808408982e-16 5.252436602634293351e-27 7.508544255693525337e-39 8.778636872530440305e-52 1.056340082515606612e-66 3.011036116148107087e-85 5.178366410478158181e-108 5.578859265102717067e-142 3.864717872658827978e-203
3.867336683417085808e-02 7.648702996448862590e-02 1.029064043013875692e-14 5.079441212986557322e-25 2.423584600228929988e-36 9.611687628874783091e-49 4.384444922565273107e-63 6.069012362957197128e-81 6.709503871535691652e-103 1.040131592310279557e-135 7.091168112661557501e-195
5.123115577889447714e-02 1.452805057977573644e-01 1.953135982171588909e-13 3.151680407025129503e-23 4.774919814612360471e-34 6.111637861799234356e-46 1.001602590340540082e-59 6.321423308130496499e-77 4.173856801198113843e-98 8.387068558414014957e-130 4.709967596068198330e-187
6.378894472361809620e-02 2.386164946109992913e-01 2.794898104426262289e-12 1.402637010298502024e-21 6.435198635232493819e-32 2.535457728874287915e-43 1.418585778997478109e-56 3.844738516215882081e-73 1.413728563106432261e-93 3.334014038287022976e-124 1.302109645319925016e-179
7.634673366834171526e-02 3.560678549453743513e-01 3.183161845365723402e-11 4.738038489055439420e-20 6.292604387713829811e-30 7.296066814591968265e-41 1.327616816032376253e-53 1.459558785193335279e-69 2.796413867875841335e-89 7.041701943356450535e-119 1.628071430668149668e-172
8.890452261306533432e-02 4.964176039959891096e-01 2.981831813288011325e-10 1.258248726310244763e-18 4.634324614956874596e-28 1.515018677657808131e-38 8.561115560226140091e-51 3.616243940585489406e-66 3.388542357915852119e-85 8.326815253195418302e-114 9.776299891283793500e-166
1.014623115577889534e-01 6.580579842260487755e-01 2.350070803689113220e-09 2.692908658368882122e-17 2.640562377786913150e-26 2.336697656059513626e-36 3.924167484990814701e-48 6.048105641946783424e-63 2.609480849130616458e-81 5.743535637347325763e-109 2.958732127905061559e-159
1.140201005025125724e-01 8.392371027250303817e-01 1.585082135831611580e-08 4.734098329564049093e-16 1.188706614945804616e-24 2.739029950560409975e-34 1.310941564946485350e-45 7.018197114362223503e-60 1.316369937193394311e-77 2.391549235263994010e-104 4.702551717471313462e-153
1.265778894472361915e-01 1.038181626543949854e+00 9.274782739477709458e-08 6.942911461939640523e-15 4.301709220196320489e-23 2.487207803677641505e-32 3.259880887622736892e-43 5.784149656603371160e-57 4.464893418293680285e-74 6.193749656040491998e-100 4.070340655037507522e-147
1.391356783919598106e-01 1.253151181729882380e+00 4.761661422278270764e-07 8.606488310640986344e-14 1.270084046856861168e-21 1.778817546257424375e-30 6.145961946678996551e-41 3.456137267593931803e-54 1.042031754191759555e-70 1.024671994390275819e-95 1.982532391570576315e-141
1.516934673366834296e-01 1.482468350374892330e+00 2.165920220465896879e-06 9.120926201843738954e-13 3.099559957006655574e-20 1.016739348981573866e-28 8.930204245839967430e-39 1.525047278338162715e-51 1.708547964923064458e-67 1.109381864235342228e-91 5.598916267264859206e-136
1.642512562814070487e-01 1.724542970774843420e+00 8.803718934187524154e-06 8.347732490520053215e-12 6.325487516344879123e-19 4.706099134951530192e-27 1.014955659437120848e-36 5.053444982804092251e-49 2.005855894790155050e-64 8.036733734114023384e-88 9.424875908578881595e-131
1.768090452261306678e-01 1.977889074746937759e+00 3.222117549773391453e-05 6.658271427147818966e-11 1.090901368719170989e-17 1.785187792539101484e-25 9.145804486624298111e-35 1.276946688332678673e-46 1.715903927063123011e-61 3.976366028833374378e-84 9.702181412649208462e-126
1.893668341708542868e-01 2.241122825860101031e+00 1.069204753893401025e-04 4.666652351692923076e-10 1.605280624310659036e-16 5.611086233704211007e-24 6.615984418578244431e-33 2.495734299567646235e-44 1.087029501957040116e-58 1.369545514260479454e-80 6.255591091002370760e-121
2.019246231155779059e-01 2.512926907503182150e+00 3.237095272169806170e-04 2.895927532747960486e-09 2.033448908163900347e-15 1.476225822914209486e-22 3.886622790897702577e-31 3.822805828251975356e-42 5.177150955643319463e-56 3.342490243668151679e-77 2.583380032224594584e-116
2.144824120603015249e-01 2.791965481072608668e+00 8.993652704989082720e-04 1.602282506047418304e-08 2.235565488078938019e-14 3.281600764283836402e-21 1.874184769404201456e-29 4.645725301030376554e-40 1.879985702036025446e-53 5.877497218120826629e-74 6.978215599742510585e-112
2.270402010050251440e-01 3.076731884477272416e+00 2.305292012840770999e-03 7.955506098944380848e-08 2.149394210090649968e-13 6.217976799828679588e-20 7.493069171553031440e-28 4.531001392206959622e-38 5.274206834333775597e-51 7.563478318454651930e-71 1.257494456190935210e-107
2.395979899497487631e-01 3.365311814551133818e+00 5.478801229466740905e-03 3.566038129813411527e-07 1.820111819503793421e-12 1.012500589156117682e-18 2.507148605113188654e-26 3.584868746687410448e-36 1.157368319353202072e-48 7.228185086982379958e-68 1.540080867423961603e-103
2.521557788944723821e-01 3.655054857275246150e+00 1.212922311156415349e-02 1.451213517654857459e-06 1.366505456502337992e-11 1.427744857139792951e-17 7.082490624773982092e-25 2.324209561915791168e-34 2.009786488674526859e-46 5.201336401739488057e-65 1.304570084646585294e-99
2.647135678391959734e-01 3.942173325544336748e+00 2.512234358986257035e-02 5.389953405785679304e-06 9.152769045215596467e-11 1.756046571298700953e-16 1.703175801698628997e-23 1.246593010427608255e-32 2.792221562738035324e-44 2.855192043106431797e-62 7.770766459102774154e-96
2.772713567839196203e-01 4.221329414202863006e+00 4.888166747290962483e-02 1.836059827179114084e-05 5.501143108159557143e-10 1.896640340789155474e-15 3.513751463832908949e-22 5.580932542942643817e-31 3.135868891570027711e-42 1.210404150066548282e-59 3.306170384831442285e-92
2.898291457286432671e-01 4.485318964057364965e+00 8.969482080236278188e-02 5.762991295276917604e-05 2.983274633315072638e-09 1.810334182693292389e-14 6.264647762173421974e-21 2.103227046380500635e-29 2.874812223850593311e-40 4.009096182264636774e-57 1.019712577768581189e-88
3.023869346733668584e-01 4.724992019585545933e+00 1.557784438422332163e-01 1.674025930648393248e-04 1.467287878727238319e-08 1.536243280151970295e-13 9.719244670452182122e-20 6.725477183979277093e-28 2.171237308720859968e-38 1.048954723745841989e-54 2.312099086870981518e-85
3.149447236180904497e-01 4.929543830780136915e+00 2.569579050725060432e-01 4.518720851400287344e-04 6.577084737102037719e-08 1.165587094456331891e-12 1.320712209654205141e-18 1.838603620430949115e-26 1.362816522875651152e-36 2.190684850595445567e-52 3.905507151658642482e-82
3.275025125628140965e-01 5.087251405099234347e+00 4.038728493749527693e-01 1.137875535387428616e-03 2.699253547579086868e-07 7.949375570325254675e-12 1.581606652165541392e-17 4.327878461128643998e-25 7.167767696513411048e-35 3.688051816571810722e-50 4.976898488939148979e-79
3.400603015075377433e-01 5.186626306708934209e+00 6.067211186926307898e-01 2.682841101396841923e-03 1.018668156798112119e-06 4.897997804052663685e-11 1.678935679398746845e-16 8.831065169652733083e-24 3.183775623998665665e-33 5.052040829018484426e-48 4.842160000725921078e-76
3.526180904522613346e-01 5.217832132728887018e+00 8.736765633624459237e-01 5.943275926242385342e-03 3.549650276750828342e-06 2.739539407626273287e-10 1.588587554750496401e-15 1.572090227138113298e-22 1.203184270886177881e-31 5.681199014147850962e-46 3.637852544910960326e-73
3.651758793969849259e-01 5.174116014597420765e+00 1.209223052169517532e+00 1.241131775025906998e-02 1.146548665278153870e-05 1.397257081709519088e-09 1.346791620982488041e-14 2.456402067989494930e-21 3.895892005880643976e-30 5.288978393970520265e-44 2.133325534400709024e-70
3.777336683417085728e-01 5.052965189230654630e+00 1.612702630775987966e+00 2.450906405092475107e-02 3.445525586826619181e-05 6.526477059861071419e-09 1.028146304063281084e-13 3.388249677670269837e-20 1.088092117890200475e-28 4.108981699777952032e-42 9.865619597397525658e-68
3.902914572864322196e-01 4.856740042577269989e+00 2.077362055545914910e+00 4.590266470124263615e-02 9.667048960759328619e-05 2.803193711744625550e-08 7.100970592084370987e-13 4.148347553796715453e-19 2.637921068334274864e-27 2.684274389876656974e-40 3.633106994870357371e-65
4.028492462311558109e-01 4.592644263032465979e+00 2.590103501081401749e+00 8.176553323143635754e-02 2.540679250260550136e-04 1.111418168273349027e-07 4.456855630059487328e-12 4.531579778851661708e-18 5.584855045036801477e-26 1.485208534734126063e-38 1.075337895431438126e-62
4.154070351758794022e-01 4.272037432744333785e+00 3.132025519549086479e+00 1.388926055334838983e-01 6.274695356411857765e-04 4.082686788466774692e-07 2.552879579558211643e-11 4.438520144497136068e-17 1.038493789361770991e-24 7.008106248199621698e-37 2.580820196485803395e-60
4.279648241206030490e-01 3.909232050256882030e+00 3.679710463608959703e+00 2.255582220298820717e-01 1.460573357513150761e-03 1.394356722426306038e-06 1.339907424436033360e-10 3.916292048096058673e-16 1.705314698908473857e-23 2.838622626919505091e-35 5.064859353753379867e-58
4.405226130653266958e-01 3.520008436743352398e+00 4.207101904476179044e+00 3.510299278856942040e-01 3.213502022978925645e-03 4.442237518280131102e-06 6.468865449835576568e-10 3.126767456278954733e-15 2.485801060129152479e-22 9.931474860766545612e-34 8.193182459329738550e-56
4.530804020100502871e-01 3.120108298481118148e+00 4.687736876264139596e+00 5.247031446337077076e-01 6.700910062639684264e-03 1.324343362034885444e-05 2.883207375630264069e-09 2.268516099813038331e-14 3.232468525743177073e-21 3.019230516226732500e-32 1.100853946447685682e-53
4.656381909547738784e-01 2.723933636399090474e+00 5.097058930772525365e+00 7.549005461530587935e-01 1.327720475695981506e-02 3.705743901770685986e-05 1.190495542081423366e-08 1.501648168865027301e-13 3.767486004133705922e-20 8.020688757279660060e-31 1.237545809045414472e-51
4.781959798994975253e-01 2.343601759875015844e+00 5.414537665321281779e+00 1.047468045918966473e+00 2.505876884795851800e-02 9.760433185058640774e-05 4.569008680400638846e-08 9.104287063996165452e-13 3.953354610913964759e-19 1.871983891539555753e-29 1.172100349287810175e-49
4.907537688442211721e-01 1.988416196845819162e+00 5.625354154472269386e+00 1.404373622808081423e+00 4.515470605175122415e-02 2.426419409856961113e-04 1.635043332102860900e-07 5.074208011701205766e-12 3.750882153518211765e-18 3.858351348761717262e-28 9.414998391310201416e-48
5.033115577889447634e-01 1.664731723560540777e+00 5.721473906751007199e+00 1.822553906101992416e+00 7.785674324860729356e-02 5.708136931700791544e-04 5.472134455567933929e-07 2.608881866931517008e-11 3.230915929518803198e-17 7.057366109504440885e-27 6.454722398998244090e-46
5.158693467336683547e-01 1.376135230960823019e+00 5.702012147979745649e+00 2.293242670675315065e+00 1.287214332591500310e-01 1.273886107477208672e-03 1.717716648630087820e-06 1.241520269163600649e-10 2.536486289314784277e-16 1.150959393372215087e-25 3.799823760181192522e-44
5.284271356783919460e-01 1.123837748886627352e+00 5.572889948173076036e+00 2.801953744351373121e+00 2.044711824656058330e-01 2.703338781711650714e-03 5.071119720189345738e-06 5.485925267055472062e-10 1.821660146803902112e-15 1.681115352347591487e-24 1.931914212449358356e-42
5.409849246231156483e-01 9.071729814222959654e-01 5.345870465003964789e+00 3.329189735536824735e+00 3.126515841907808735e-01 5.467418794140371449e-03 1.411725962410337147e-05 2.257686425032587178e-09 1.201077215735403009e-14 2.208574662127070799e-23 8.530017875742640863e-41
5.535427135678392396e-01 7.241155625543045371e-01 5.037137931757714959e+00 3.851828411782579842e+00 4.610142271156516536e-01 1.056109964316397087e-02 3.715155219820469377e-05 8.678745122054515446e-09 7.294830915076784333e-14 2.620464959034097897e-22 3.288092087198280979e-39
5.661005025125628309e-01 5.717582828463803057e-01 4.665626108990605481e+00 4.345025320954335690e+00 6.566440092958640840e-01 1.952407350190895827e-02 9.264484143601194759e-05 3.124897819846624875e-08 4.094558722442621234e-13 2.818986267007074985e-21 1.112152845703888523e-37
5.786582914572865333e-01 4.467138554596734590e-01 4.251311809658968599e+00 4.784386903785601497e+00 9.049092306669546115e-01 3.461100938751236755e-02 2.194195303805101486e-04 1.056703928302582258e-07 2.130549510718434477e-12 2.759805755505306113e-20 3.316739695234712075e-36
5.912160804020101246e-01 3.454284510905500927e-01 3.813664411668332033e+00 5.148128252496606549e+00 1.208367948803689362e+00 5.894525747704287832e-02 4.946383296785226980e-04 3.364436248181904473e-07 1.030754697998435561e-11 2.467671783534496238e-19 8.761828887935651780e-35
6.037738693467337159e-01 2.644092535319321202e-01 3.370392401751273859e+00 5.418939225103233781e+00 1.565800657661646778e+00 9.661493539948654008e-02 1.063570176919098522e-03 1.011039386802424674e-06 4.649744957032486535e-11 2.022112267001101903e-18 2.059393236424155828e-33
6.163316582914573072e-01 2.003768648015931964e-01 2.936565444828143079e+00 5.585337020401654584e+00 1.971545675025244471e+00 1.526629919218713272e-01 2.185639857988981149e-03 2.874291722659981805e-06 1.961061838523727169e-10 1.523541974229662440e-17 4.325023026151960211e-32
6.288894472361808985e-01 1.503569037025162813e-01 2.524128282189727734e+00 5.642369487224602409e+00 2.415284662501580026e+00 2.329246211807176059e-01 4.300864894358834983e-03 7.747614910569051378e-06 7.753003456497334006e-10 1.058758629400550979e-16 8.149078251574564597e-31
6.414472361809046008e-01 1.117253229351326260e-01 2.141771404663505685e+00 5.591633528870502801e+00 2.882364773593208529e+00 3.436792211974808997e-01 8.118813795069587322e-03 1.984295754234320414e-05 2.880354007538095184e-09 6.806717544234844309e-16 1.382904942688768973e-29
6.540050251256281921e-01 8.222035368731374361e-02 1.795089011427237979e+00 5.440668415833066263e+00 3.354662142508245015e+00 4.911102333536100373e-01 1.472819217422685449e-02 4.838760762089966330e-05 1.007985998949797595e-08 4.060010305667192741e-15 2.121597067367123931e-28
6.665628140703517834e-01 5.993168097529032179e-02 1.486938652889596479e+00 5.201859150320823133e+00 3.811904974553830261e+00 6.806015209819378242e-01 2.571899064052594192e-02 1.125648325829346042e-04 3.330339793151414199e-08 2.253013611320443072e-14 2.953089695031481982e-27
6.791206030150754858e-01 4.327511967443849195e-02 1.217916803671562409e+00 4.891030475792197407e+00 4.233300633877471242e+00 9.159370734254684843e-01 4.330139170391069520e-02 2.502814464733510045e-04 1.041117989191201706e-07 1.166264685433190083e-13 3.742196306391429711e-26
6.916783919597990771e-01 3.095901207676080708e-02 9.868758474271082104e-01 4.525924760834332261e+00 4.599264059398610272e+00 1.198503412167282178e+00 7.039771300722165448e-02 5.328379395432360525e-04 3.086042816460944599e-07 5.645852396322217058e-13 4.331570139830563946e-25
7.042361809045226684e-01 2.194689269512992147e-02 7.914253956213335162e-01 4.124740196629794298e+00 4.893032633314658320e+00 1.526612839034498181e+00 1.106776317836695167e-01 1.088061923866947113e-03 8.691024672772832456e-07 2.562234024475231429e-12 4.594181093892942641e-24
7.167939698492462597e-01 1.541964252220793044e-02 6.283799335293072108e-01 3.704867484770220987e+00 5.101975790610778994e+00 1.895064594970118144e+00 1.685051514971246667e-01 2.134642419609628691e-03 2.329960349566588156e-06 1.092647831939714862e-11 4.478525957101505479e-23
7.293517587939698510e-01 1.073932229854523794e-02 4.941321974663995809e-01 3.281913584017397856e+00 5.218459669395190126e+00 2.295038115144791391e+00 2.487702529167344911e-01 4.029968969210991070e-03 5.957208651355657748e-06 4.388221113608744221e-11 4.024336035090235606e-22
7.419095477386935533e-01 7.416072131113346858e-03 3.849455888428690020e-01 2.869050061976621269e+00 5.240196475913950103e+00 2.714370669245417478e+00 3.565898851306967265e-01 7.332421686622351414e-03 1.455225939141772379e-05 1.663335300348628367e-10 3.342747324144862045e-21
7.544673366834171446e-01 5.078846633122892362e-03 2.971687168923063949e-01 2.476679082755233186e+00 5.170081468984619733e+00 3.138217842199337415e+00 4.968812630037455769e-01 1.287655460060729666e-02 3.402184831078399613e-05 5.962843892478130769e-10 2.573554753071406704e-20
7.670251256281407359e-01 3.450288256831941271e-03 2.273810950151474441e-01 2.112376989542577466e+00 5.015585021636067786e+00 3.550039316935746481e+00 6.738329283312383122e-01 2.185596552140420604e-02 7.625058060505810094e-05 2.025693109686698995e-09 1.841232930392897907e-19
7.795829145728644383e-01 2.325703291166062760e-03 1.724818307883255186e-01 1.781055627896869886e+00 4.787813870305673625e+00 3.932804523265846619e+00 8.903218035140944009e-01 3.590418922993942469e-02 1.640880163093235528e-04 6.533881139619726351e-09 1.227187725279298370e-18
7.921407035175880296e-01 1.555875686691678963e-03 1.297337334237401441e-01 1.485274219655637884e+00 4.500379765278502475e+00 4.270281395977406191e+00 1.147342898046236126e+00 5.715941415254022218e-02 3.395656832654976262e-04 2.004680047795171754e-08 7.638010253922283172e-18
8.046984924623116209e-01 1.033314954283768563e-03 9.677444159591500061e-02 1.225637237603250940e+00 4.168215305909616752e+00 4.548261720861995983e+00 1.443528114439470045e+00 8.829526492676101346e-02 6.767433656688651373e-04 5.860890823965937243e-08 4.449557585912635211e-17
8.172562814070352122e-01 6.814673237637970758e-04 7.160461013616949144e-02 1.001223070979365914e+00 3.806459583582953776e+00 4.755589004303726774e+00 1.774828797014536885e+00 1.324985220592293511e-01 1.300750579984081634e-03 1.635559561478905611e-07 2.431550621325163876e-16
8.298140703517588035e-01 4.464060117435758872e-04 5.256135412807386859e-02 8.100010536871260491e-01 3.429506498116716706e+00 4.884886032489551333e+00 2.134422459696381669e+00 1.933765347959710001e-01 2.414503937669361996e-03 4.363801868521825704e-07 1.249125341613335426e-15
8.423718592964825058e-01 2.905401078410067882e-04 3.828332815177276638e-02 6.492079415031416501e-01 3.050273125901886928e+00 4.932922794353393314e+00 2.512879119741951328e+00 2.747828311315464456e-01 4.334093500607380869e-03 1.114923204174225157e-06 6.044726612548511919e-15
8.549296482412060971e-01 1.879278713747917987e-04 2.767217814587911648e-02 5.156672619198346963e-01 2.679710528807196734e+00 4.900613263948578435e+00 2.898590603660979870e+00 3.805589128477732119e-01 7.532812698603012953e-03 2.731909437637496351e-06 2.760920281422454749e-14
8.674874371859296884e-01 1.208376838525215618e-04 1.985371379474234338e-02 4.060450308342619108e-01 2.326549576167197042e+00 4.792673916504088361e+00 3.278432228867305565e+00 5.142024574982744234e-01 1.269220207546325856e-02 6.429321690582633431e-06 1.192517006824483590e-13
8.800452261306533908e-01 7.726011795316943727e-05 1.414102491020629779e-02 3.170427359143704327e-01 1.997252436119378416e+00 4.617011632425004564e+00 3.638595910153572976e+00 6.784853653627869186e-01 2.075635898381866795e-02 1.455307233062628330e-05 4.879838604054579390e-13
8.926030150753769821e-01 4.913195565549981767e-05 1.000088999948776924e-02 2.455333230236391995e-01 1.696127226886491979e+00 4.383930130614225540e+00 3.965511788974846574e+00 8.750570227025984416e-01 3.298336851389261498e-02 3.172679256424051561e-05 1.895152448498506294e-12
9.051608040201005734e-01 3.108424507714913581e-05 7.024169069024882410e-03 1.886485770308253818e-01 1.425558258896343133e+00 4.105251273852427829e+00 4.246765141422828016e+00 1.104076478485589430e+00 5.098543517589944341e-02 6.670371135752059251e-05 6.997139820872725900e-12
9.177185929648241647e-01 1.957013234624792428e-05 4.900401031315267629e-03 1.438272716781268945e-01 1.186305739715745489e+00 3.793441900235208220e+00 4.471917704439460906e+00 1.363920054298019213e+00 7.674765833731465869e-02 1.354180826844112893e-04 2.460072904711406396e-11
9.302763819095477560e-01 1.226398024579008781e-05 3.396504456761219835e-03 1.088332881185686829e-01 9.778347257152362193e-01 3.460821347192913677e+00 4.633156643702322164e+00 1.651007182086857039e+00 1.126149401253852406e-01 2.657893939371286851e-04 8.249246670952403792e-11
9.428341708542714583e-01 7.651697416932051223e-06 2.339277063254345621e-03 8.175201462178244283e-02 7.986414710558310537e-01 3.118903479983750948e+00 4.725717361632020719e+00 1.959777053753390064e+00 1.612376849294181458e-01 5.049476287686604581e-04 2.642305174596368494e-10
9.553919597989950496e-01 4.754167270125736334e-06 1.601276108252836601e-03 6.097209012520737881e-02 6.465544372656354399e-01 2.777903770535251837e+00 4.748054270595437387e+00 2.282833166935248403e+00 2.254699589860459374e-01 9.296058368028017622e-04 8.096441196348427297e-10
9.679497487437186409e-01 2.942254706188313632e-06 1.089614583963773855e-03 4.515819107396205900e-02 5.189958295953229772e-01 2.446420144422918774e+00 4.701762247661224414e+00 2.611254191066759489e+00 3.082185176039770602e-01 1.660255047174756743e-03 2.376652144965603761e-09
9.805075376884423433e-01 1.814141377728899363e-06 7.372067109442383918e-04 3.321924595082669657e-02 4.131968406922909565e-01 2.131278292961955145e+00 4.591276853629774557e+00 2.935050434202230996e+00 4.122471117947414943e-01 2.879639983200179935e-03 6.692581400026749050e-09
9.930653266331659346e-01 1.114653893999656246e-06 4.960244948566121422e-04 2.427528764021943952e-02 3.263654480106863431e-01 1.837519208803760407e+00 4.423400619504034736e+00 3.243728312560734128e+00 5.399469823980383998e-01 4.855545190141427950e-03 1.810314633360993518e-08
1.005623115577889415e+00 6.826169222304685714e-07 3.319725183353494538e-04 1.762516308140444146e-02 2.558095877036493104e-01 1.568499123033583187e+00 4.206714144052791760e+00 3.526912960029032540e+00 6.930904778181329329e-01 7.967259706592726143e-03 4.709804750550187888e-08
1.018180904522613117e+00 4.167439486797367265e-07 2.210414067796279938e-04 1.271652217588641401e-02 1.990209824075484801e-01 1.326069306153562888e+00 3.950934109022030682e+00 3.774973039620417303e+00 8.725893137027737056e-01 1.273421802376540138e-02 1.179987463106351606e-07
1.030738693467336597e+00 2.536886446936389285e-07 1.464550443561698936e-04 9.118893076346461582e-03 1.537261118811074634e-01 1.110804366928981546e+00 3.666276461923081875e+00 3.979592523022788431e+00 1.078281316026120651e+00 1.984431625755011044e-02 2.850339842980237826e-07
1.043296482412060300e+00 1.540116581721616102e-07 9.657841553212634953e-05 6.500197424128737432e-03 1.179110972537473351e-01 9.222515558561056315e-01 3.362873618243081619e+00 4.134241264923170789e+00 1.308769055874521303e+00 3.017841455638844983e-02 6.646031887764732822e-07
1.055854271356783780e+00 9.326217816283284823e-08 6.339947280906102110e-05 4.606740907892645405e-03 8.982691893246913528e-02 7.591789828728362499e-01 3.050281692151496138e+00 4.234508325317164257e+00 1.561330503758180832e+00 4.482674554365758540e-02 1.497475963686717145e-06
1.068412060301507482e+00 5.634205415620898883e-08 4.143855419372202627e-05 3.246505215670485167e-03 6.798065769059963293e-02 6.198065869685243090e-01 2.737099608257681727e+00 4.278277301236770747e+00 1.831916031150228719e+00 6.509255826149856761e-02 3.264060149894115675e-06
1.080969849246231185e+00 3.396315492165732472e-08 2.697236797448711887e-05 2.275442343839879662e-03 5.111753491602490096e-02 5.020093884959190289e-01 2.430708335208411341e+00 4.265739280930789690e+00 2.115238451180621926e+00 9.247852033518801085e-02 6.889872811248297160e-06
1.093527638190954665e+00 2.043158283226009015e-08 1.748677521508675947e-05 1.586409595627075652e-03 3.819757263565346644e-02 4.034875161390495402e-01 2.137126805099509586e+00 4.199254375908607173e+00 2.404954240642981134e+00 1.286522947641537962e-01 1.409802457118349681e-05
1.106085427135678367e+00 1.226824554919062272e-08 1.129420213585899223e-05 1.100365219665270849e-03 2.836978923687201101e-02 3.219014710957094350e-01 1.860972182917507656e+00 4.083085435503138072e+00 2.693925633787169982e+00 1.753893146297917094e-01 2.799139389253890996e-05
1.118643216080402070e+00 7.353848388883364757e-09 7.268316896157808830e-06 7.594558028143766348e-04 2.094604624166739038e-02 2.549740027806691178e-01 1.605506341553756933e+00 3.923036377157233634e+00 2.974545880586777269e+00 2.344929861091894496e-01 5.397861272625465280e-05
1.131201005025125550e+00 4.401102709723694696e-09 4.661440318903316479e-06 5.216558311556817066e-04 1.537598957540121762e-02 2.005618886025121173e-01 1.372747557073815017e+00 3.726032078603015218e+00 3.239104395681565052e+00 3.076951213604157687e-01 1.011925769817009860e-04
1.143758793969849252e+00 2.630167646864595362e-09 2.979806393124562591e-06 3.566587673829513315e-04 1.122399010653424289e-02 1.567019804404392314e-01 1.163626133792858397e+00 3.499677084019674478e+00 3.480165305357087124e+00 3.965420079750212046e-01 1.845830305083696660e-04
1.156316582914572955e+00 1.569779384706839314e-09 1.898931963884844020e-06 2.427615143808661640e-04 8.148574846988521428e-03 1.216362832848802422e-01 9.781642946139917916e-01 3.251827074815549334e+00 3.690932246323348043e+00 5.022737883260166569e-01 3.278880878976333201e-04
1.168874371859296435e+00 9.357999206785998150e-10 1.206574355637028974e-06 1.645261832762741111e-04 5.884537143130487077e-03 9.382075118395716284e-02 8.156635731633452568e-01 2.990201074837921968e+00 3.865574104899771157e+00 6.257063997914042996e-01 5.676928967678464624e-04
1.181432160804020137e+00 5.572760032637578733e-10 7.645221615602853716e-07 1.110421439852094687e-04 4.227703489348595689e-03 7.192208858125916093e-02 6.748865066773834798e-01 2.722054776779835539e+00 3.999490375846036283e+00 7.671259505648579946e-01 9.587547860161829433e-04
1.193989949748743618e+00 3.315524966135714053e-10 4.831516006380332476e-07 7.464604185372896838e-05 3.022197922967796713e-03 5.480626918402600745e-02 5.542231407304033519e-01 2.453927252928567615e+00 4.089500440182365359e+00 9.262049454624182721e-01 1.580701144223738532e-03
1.206547738693467320e+00 1.970963230980538348e-10 3.045778077691118758e-07 4.998726596808654492e-05 2.149965220047720272e-03 4.152183538941252999e-02 4.518363381492955799e-01 2.191465566055978531e+00 4.133947666174478286e+00 1.101948261021618247e+00 2.546079778362119253e-03
1.219105527638191022e+00 1.170837651272069300e-10 1.915564626282874627e-07 3.335124899592649742e-05 1.522276333935233773e-03 3.128039398496279544e-02 3.657828888017927715e-01 1.939325115154726165e+00 4.132716142606263965e+00 1.292674382691977542e+00 4.009558673427830733e-03
1.231663316582914502e+00 6.951084349093775807e-11 1.202096733966329126e-07 2.217329682707033802e-05 1.072931204045788570e-03 2.343612667651607390e-02 2.941098187162446420e-01 1.701138364998238339e+00 4.087164407738200111e+00 1.496034463572425643e+00 6.177839336342460901e-03
1.244221105527638205e+00 4.124678601504576173e-11 7.528085676299399569e-08 1.469190185866270128e-05 7.528852061383239794e-04 1.746561404063613418e-02 2.349270668799178230e-01 1.479541094251724864e+00 3.999986186219006701e+00 1.709068616190803303e+00 9.319583290330495096e-03
1.256778894472361685e+00 2.446535571398728954e-11 4.705316551560851039e-08 9.703272376775089016e-06 5.260484200963017011e-04 1.294883994270433838e-02 1.864588755525985742e-01 1.276243415534576986e+00 3.875012476894933222e+00 1.928295883866207650e+00 1.377438485120591888e-02
1.269336683417085387e+00 1.450698986027436766e-11 2.935669190767680071e-08 6.388699461196335438e-06 3.660358735453004544e-04 9.551900523888297648e-03 1.470769070060965744e-01 1.092132375176703363e+00 3.716972102601743710e+00 2.149831880585711730e+00 1.995959515624247047e-02
1.281894472361809090e+00 8.600154931258498071e-12 1.828489208791645790e-08 4.193927951320467345e-06 2.536779728274855101e-04 7.011680829802606138e-03 1.153183585229781150e-01 9.273936358698220417e-01 3.531228968870884444e+00 2.369526364767517101e+00 2.837365799912409600e-02
1.294452261306532570e+00 5.097716686511222221e-12 1.137093050546028446e-08 2.745380950000157696e-06 1.751307897682272282e-04 5.122572519598011902e-03 8.989230394727307227e-02 7.816412473538199013e-01 3.323513873866658308e+00 2.583112128619004189e+00 3.959460128416653069e-02
1.307010050251256272e+00 3.021490948556207158e-12 7.061021294322102909e-09 1.792317292162424307e-06 1.204540948949975765e-04 3.725175810184371255e-03 6.967724179189796474e-02 6.540464906584040339e-01 3.099666991405365835e+00 2.786356525778715731e+00 5.427247307019540667e-02
1.319567839195979975e+00 1.790924752289282447e-12 4.378797675356586291e-09 1.167115629453195301e-06 8.255013523653221923e-05 2.696845825025136114e-03 5.371246004396226098e-02 5.434589518765698957e-01 2.865404430276661696e+00 2.975207609093730721e+00 7.311483477708631551e-02
1.332125628140703455e+00 1.061638491037223464e-12 2.712091778023879949e-09 7.581484608301426022e-07 5.637780145233832506e-05 1.943896718897420838e-03 4.118540224509464193e-02 4.485151124981200943e-01 2.626118922338098738e+00 3.145928023660248041e+00 9.686491897972804299e-02
1.344683417085427157e+00 6.294347529754502408e-13 1.677879430700458760e-09 4.913480876967268563e-07 3.837502416658357434e-05 1.395256673073529304e-03 3.141678670681243707e-02 3.677316714067830339e-01 2.386721079548982161e+00 3.295211285171182780e+00 1.262726916873449512e-01
1.357241206030150860e+00 3.732756627667839442e-13 1.036972305838418294e-09 3.177391778084344672e-07 2.603721134974516105e-05 9.973650740394864045e-04 2.384482375727660364e-02 2.995824387203222527e-01 2.151524123448140813e+00 3.420276666123692522e+00 1.620597706922590475e-01
1.369798994974874340e+00 2.214330330244884382e-13 6.402731337567578886e-10 2.050450021095999502e-07 1.761163475435344032e-05 7.101135079129464655e-04 1.800951455624797554e-02 2.425589186671413267e-01 1.924171805109297306e+00 3.518940445179936205e+00 2.048798654166162359e-01
1.382356783919598042e+00 1.314064176523975865e-13 3.949983897576591841e-10 1.320606936089076917e-07 1.187729018672747462e-05 5.036497224900451149e-04 1.353770893214906700e-02 1.952156256774464915e-01 1.707606596367184482e+00 3.589662633442797901e+00 2.552770338537864725e-01
1.394914572864321523e+00 7.801509758223196595e-14 2.434983872979520774e-10 8.489685145218174735e-08 7.987293071919947786e-06 3.558848255218894502e-04 1.012935115099923046e-02 1.562017832149294738e-01 1.504073257250241991e+00 3.631569417483511586e+00 3.136445161403108584e-01
1.407472361809045225e+00 4.633978278631604254e-14 1.500047407774277877e-10 5.448155686459370231e-08 5.356701262203985461e-06 2.505661701671779013e-04 7.545148798826161254e-03 1.242813854631044101e-01 1.315151603991709939e+00 3.644452443722038470e+00 3.801871349626109176e-01
1.420030150753768927e+00 2.754018420553290019e-14 9.235450555553513834e-11 3.490537378037481961e-08 3.583114683923020328e-06 1.757999480974736328e-04 5.595755316701112383e-03 9.834371319222237617e-02 1.141811683579303294e+00 3.628746738255178794e+00 4.548902091551497162e-01
1.432587939698492407e+00 1.637722805193910613e-14 5.683163816934376373e-11 2.232870564736163855e-08 2.390772739555480762e-06 1.229274413484253599e-04 4.132453945492379176e-03 7.740634324170855840e-02 9.844845211380172101e-01 3.585489554399229561e+00 5.374975996054266458e-01
1.445145728643216110e+00 9.745336676800184249e-15 3.495704911594108938e-11 1.426282601084039468e-08 1.591394730139375953e-06 8.567662935524170641e-05 3.039262279528058292e-03 6.061252799617547482e-02 8.431420303295499297e-01 3.516262812991264752e+00 6.275009211975086654e-01
1.457703517587939590e+00 5.803064585357671146e-15 2.149434203751271249e-11 9.098282679444678173e-09 1.056881249754295601e-06 5.952619883203635149e-05 2.226334967595610791e-03 4.722459151263457694e-02 7.173804351032990745e-01 3.423122083875504540e+00 7.241411671171043007e-01
1.470261306532663292e+00 3.458138139248943046e-15 1.321263575337981970e-11 5.796486673476431212e-09 7.003717860421833369e-07 4.123197732410278959e-05 1.624520749110565637e-03 3.661472826607205938e-02 6.065025152465525204e-01 3.308515270654032836e+00 8.264230817538321672e-01
1.482819095477386995e+00 2.062391049331928471e-15 8.120086504191172284e-12 3.688589859391026505e-09 4.631585339730171322e-07 2.847656159023863377e-05 1.180923339664753310e-03 2.825432559836780697e-02 5.095950423804835872e-01 3.175194307223121459e+00 9.331416775985202916e-01
1.495376884422110475e+00 1.231010997913367332e-15 4.989609942209106255e-12 2.344678689075996211e-09 3.056839096717821086e-07 1.961167095482489498e-05 8.553190648755999020e-04 2.170268047685614335e-02 4.255988213100130868e-01 3.026123242935683688e+00 1.042919412570982862e+00
1.507934673366834177e+00 7.354154491998537075e-16 3.065738241462141833e-12 1.488914980587187430e-09 2.013722263945593395e-07 1.346978709812786278e-05 6.172939410919544602e-04 1.659575671283124165e-02 3.533697214199105208e-01 2.864386065609809684e+00 1.154251809169724918e+00
1.520492462311557880e+00 4.397443970528824835e-16 1.883617982732430696e-12 9.446154858460076974e-10 1.324194439392102308e-07 9.227211976589672751e-06 4.439763494752707769e-04 1.263543639917602546e-02 2.917299254938357511e-01 2.693097470692998208e+00 1.265558768081703311e+00
1.533050251256281360e+00 2.631968602817478259e-16 1.157352378721079325e-12 5.987874653314268031e-10 8.692989894786553479e-08 6.305035912405785980e-06 3.182565292668684473e-04 9.579560858549602056e-03 2.395093122589866397e-01 2.515319520319226232e+00 1.375238543323902718e+00
1.545608040201005062e+00 1.576845867766262031e-16 7.111777847571304205e-13 3.792762102039642607e-10 5.697584544966346122e-08 4.297884219993157566e-06 2.273994241321207639e-04 7.232930785457399037e-03 1.955774159417322522e-01 2.333986748782476361e+00 1.481721312981253202e+00
1.558165829145728765e+00 9.456720251466085635e-17 4.370733994290128018e-13 2.400686694708256262e-10 3.728674529950820623e-08 2.922899131650654630e-06 1.619720347447149451e-04 5.439339594690496132e-03 1.588667772044024540e-01 2.151841775252987254e+00 1.583519482576288162e+00
1.570723618090452245e+00 5.677387156388864331e-17 2.686687207328114755e-13 1.518598710055008183e-10 2.436672336451548391e-08 1.983379899826762569e-06 1.150198124988956964e-04 4.074644316973781086e-03 1.283887309382452935e-01 1.971382906765665632e+00 1.679272259056450167e+00
1.583281407035175947e+00 3.412136515222106031e-17 1.651917727178760556e-13 9.600810378468689383e-11 1.590210391228858269e-08 1.342984649967884434e-06 8.143849458324779864e-05 3.040830385002756247e-03 1.032427892930957020e-01 1.794824590182318325e+00 1.767782579421723232e+00
1.595839195979899428e+00 2.052989883658737350e-17 1.015990110374872497e-13 6.066787222314504519e-11 1.036481772231117238e-08 9.075038068897582773e-07 5.749803980047387455e-05 2.260996055303965760e-03 8.262079729875004830e-02 1.624070941342091068e+00 1.848045108742472520e+00
1.608396984924623130e+00 1.236635560419698395e-17 6.250872934024720543e-14 3.831981145525416330e-11 6.747644865774867370e-09 6.120352542435750268e-07 4.048401296838970913e-05 1.675165070738451499e-03 6.580698762482588282e-02 1.460701983326101461e+00 1.919264677041101708e+00
1.620954773869346832e+00 7.457659578290912429e-18 3.847348716889288188e-14 2.419515924210844174e-11 4.387924010167852066e-09 4.119954511820300794e-07 2.842899590305437285e-05 1.236829029875222575e-03 5.217496263625784336e-02 1.305971699572694877e+00 1.980865148398852416e+00
1.633512562814070312e+00 4.502773505674837578e-18 2.369031972428260950e-14 1.527214413402651024e-11 2.850455219386880396e-09 2.768426130125944653e-07 1.991252879523253499e-05 9.101208904271769181e-04 4.118250506702741953e-02 1.160816579469226451e+00 2.032489264275210150e+00
1.646070351758794015e+00 2.721978185057542190e-18 1.459441987991355054e-14 9.637468228259679601e-12 1.849901346378835931e-09 1.857093009286548571e-07 1.391287784956272192e-05 6.675257463276458190e-04 3.236497890120684090e-02 1.025873021949979202e+00 2.073990445044864739e+00
1.658628140703517495e+00 1.647501839764080087e-18 8.995527445211208952e-15 6.080530538081899396e-12 1.199477752368315064e-09 1.243739299375608704e-07 9.697754078518405548e-06 4.880426493052049267e-04 2.532794129979979575e-02 9.015017737314873214e-01 2.105417851728542900e+00
1.671185929648241197e+00 9.984196821914140197e-19 5.547623173094420721e-15 3.835825857116943903e-12 7.770952873172124012e-10 8.316756271023251392e-08 6.744134667969492751e-06 3.557204177437026560e-04 1.973945310494286745e-02 7.878175101359129462e-01 2.126996199531454579e+00
1.683743718592964900e+00 6.058359682116361356e-19 3.423290626678805208e-15 2.419567285620188849e-12 5.030638307631204565e-10 5.553165061956700538e-08 4.679706992758943441e-06 2.585000931501380971e-04 1.532245506585155383e-02 6.847217064369488515e-01 2.139101883015028793e+00
1.696301507537688380e+00 3.680950111841147485e-19 2.113744103807648139e-15 1.526158628553811507e-12 3.254363708388615670e-10 3.702724646106571909e-08 3.240292368427180712e-06 1.873062839211203775e-04 1.184747248545007722e-02 5.919370784170480126e-01 2.142236934928706926e+00
1.708859296482412082e+00 2.239420121289253768e-19 1.306013199465228541e-15 9.626441586127469098e-13 2.103923088207697021e-10 2.465629863710903797e-08 2.239019372124302978e-06 1.353386376071094284e-04 9.125823600719203468e-03 5.090420706181922883e-01 2.137002217853802399e+00
1.721417085427135785e+00 1.364235536608228563e-19 8.075014952827676191e-16 6.072342489836050113e-13 1.359377862692181307e-10 1.639798795559782663e-08 1.544094568506306696e-06 9.752285159443734822e-05 7.003436414131597107e-03 4.355041164703580270e-01 2.124071063415920779e+00
1.733974874371859265e+00 8.322009881973051846e-20 4.996354268405959068e-16 3.830810272076253555e-13 8.778535695689989933e-11 1.089279278325154851e-08 1.062835063822955445e-06 7.008784780359641868e-05 5.355323685316117598e-03 3.707106636912561037e-01 2.104164351549822509e+00
1.746532663316582967e+00 5.083451996178290120e-20 3.093785348184993047e-16 2.417061903740727207e-13 5.666302200789781806e-11 7.227746406407578091e-09 7.302416565513386469e-07 5.024197332129836432e-05 4.080724609587361475e-03 3.139972310491353502e-01 2.078027783890499691e+00
1.759090452261306670e+00 3.109474578414291107e-20 1.917196356053913622e-16 1.525337041461139749e-13 3.655919404192506868e-11 4.790819025498226915e-09 5.008505803586876699e-07 3.592638147247706861e-05 3.098892325315731611e-03 2.646720222419316482e-01 2.046411869280964524e+00
1.771648241206030150e+00 1.904666118899432697e-20 1.189034198099359653e-16 9.628137672425982287e-14 2.357954616524018788e-11 3.172395049606817479e-09 3.429430360482035604e-07 2.562816998874885218e-05 2.345486726839203766e-03 2.220368568132242149e-01 2.010054920049603400e+00
1.784206030150753852e+00 1.168314269050319231e-20 7.380483151769338243e-17 6.079027175924377952e-14 1.520331259746736608e-11 2.098756690291444927e-09 2.344437703543341222e-07 1.823949781532084913e-05 1.769520132788211320e-03 1.854043784107843873e-01 1.969669165259026355e+00
1.796763819095477333e+00 7.176530797732201739e-21 4.585099960389847545e-17 3.839347948685357870e-14 9.800004371283940723e-12 1.387267502289426180e-09 1.600251631765955046e-07 1.295187027037673355e-05 1.330797380181635839e-03 1.541116629075041378e-01 1.925929927616879311e+00
1.809321608040201035e+00 4.414567958908694619e-21 2.850997173262690664e-17 2.425650015001261822e-14 6.315681225805251748e-12 9.162349549073543203e-10 1.090686680395036667e-07 9.177173298410940899e-06 9.977903298833670689e-04 1.275304719238364026e-01 1.879467686624296752e+00
1.821879396984924737e+00 2.719474902156380617e-21 1.774347446226321054e-17 1.533067203351551121e-14 4.069490011369581222e-12 6.046813204571853213e-10 7.423393453034143701e-08 6.488944809909506766e-06 7.458882814392241373e-04 1.050744827762727374e-01 1.830862761351085943e+00
1.834437185929648217e+00 1.677680283288747139e-21 1.105309593565417575e-17 9.693289607544681724e-15 2.621832524757776425e-12 3.987889705803416848e-10 5.045725274666395754e-08 4.578878828015125647e-06 5.559693565532327015e-04 8.620387743876460618e-02 1.780642289318080218e+00
1.846994974874371920e+00 1.036488405409449000e-21 6.891942953839642443e-18 6.131576337857881345e-15 1.689016050147859088e-12 2.628329275125606588e-10 3.425236913089823142e-08 3.224740219698001427e-06 4.132427011737685950e-04 7.042769559641104404e-02 1.729279149234135060e+00
1.859552763819095400e+00 6.412897767977665299e-22 4.301505892673578681e-18 3.880409316913370691e-15 1.088039250410619694e-12 1.731246672335875897e-10 2.322363016954276444e-08 2.266787429646420898e-06 3.063167580542373284e-04 5.730435575927732283e-02 1.677192469882547998e+00
1.872110552763819102e+00 3.973580799735944365e-22 2.687377876523683936e-18 2.456972931445871629e-15 7.008979650050191535e-13 1.139731432139086028e-10 1.572780102082783182e-08 1.590511017633933542e-06 2.264544262617167441e-04 4.644072925146221914e-02 1.624749380137287869e+00
1.884668341708542805e+00 2.465758969910326893e-22 1.680638036376471244e-18 1.556514372819875529e-15 4.515245875323345136e-13 7.499489669459945771e-11 1.063970543290893734e-08 1.114040883106611394e-06 1.669813415848709498e-04 3.749011996386144435e-02 1.572267680947295965e+00
1.897226130653266285e+00 1.532366887974629143e-22 1.052117804908699103e-18 9.866153096539384578e-16 2.908980019372699284e-13 4.932500150560755997e-11 7.190176679767969817e-09 7.789906922308270510e-07 1.228185818357987677e-04 3.014946276237179604e-02 1.520019154661005567e+00
1.909783919597989987e+00 9.537201054918925522e-23 6.593354388578005088e-19 6.257431127119078782e-16 1.874341044595564949e-13 3.242863801462485080e-11 4.854247541331025076e-09 5.438230804440362282e-07 9.011570711590416091e-05 2.415600936015234110e-02 1.468233266424872063e+00
1.922341708542713690e+00 5.944665208555085564e-23 4.136253283913510009e-19 3.971082731913071346e-16 1.207870357900845037e-13 2.131257490965899643e-11 3.274161564243625671e-09 3.790566976473166504e-07 6.596413252400693959e-05 1.928372549225082846e-02 1.417101053458941440e+00
1.934899497487437170e+00 3.710941969209189068e-23 2.597603976732808586e-19 2.521721408012336686e-16 7.785215449925090192e-14 1.400256445338626155e-11 2.206464543726703647e-09 2.638142483718998033e-07 4.817438863103919801e-05 1.533957979634148830e-02 1.366779038399357216e+00
1.947457286432160872e+00 2.320026904903010716e-23 1.633089535041106821e-19 1.602399702962047192e-16 5.018961078524507555e-14 9.197333881297798729e-12 1.485712246323951998e-09 1.833435519038665978e-07 3.510387189005354918e-05 1.215986461010043311e-02 1.317393040889346167e+00
1.960015075376884575e+00 1.452631855973178612e-23 1.027836670572413427e-19 1.018919909272235351e-16 3.236411160238763440e-14 6.039719413541558626e-12 9.996201949087173599e-10 1.272423177528919922e-07 2.552425994132823288e-05 9.606653023143195413e-03 1.269041796071854744e+00
1.972572864321608055e+00 9.109051915482775047e-24 6.476208057773368743e-20 6.483569235452030166e-17 2.087533930218315820e-14 3.965420093930905101e-12 6.720769589169646921e-10 8.819027492177264526e-08 1.851991258924288262e-05 7.564465529624769639e-03 1.221800318945147179e+00
1.985130653266331757e+00 5.720672085809983728e-24 4.085124276847356282e-20 4.128594789443436988e-17 1.346902783318261502e-14 2.603130513459591235e-12 4.515514091353449848e-10 6.104598697661638030e-08 1.341034933969096257e-05 5.937193668323769921e-03 1.175722979413996727e+00
1.997688442211055238e+00 3.598141199447931787e-24 2.579778931498834230e-20 2.630953019502723824e-17 8.693291285252951667e-15 1.708650143482244985e-12 3.031933044549055057e-10 4.220504804200006432e-08 9.691340166500151017e-06 4.645306959128923073e-03 1.130846274296512410e+00
2.010246231155778940e+00 2.266561193508981647e-24 1.631011858863165836e-20 1.677857288074124741e-17 5.612928064772191791e-15 1.121441147528437415e-12 2.034584284415028293e-10 2.914510031739344219e-08 6.990316446336666329e-06 3.623352888447923126e-03 1.087191299698738955e+00
2.022804020100502420e+00 1.429932216990720756e-24 1.032365689551292955e-20 1.070868292288368781e-17 3.625463649999284188e-15 7.360056558570749997e-13 1.364565487545620750e-10 2.010402782856190944e-08 5.032748465605454970e-06 2.817747172471279666e-03 1.044765940318924669e+00
2.035361809045226344e+00 9.034886489793534125e-25 6.542081909814415297e-21 6.840122892544424950e-18 2.342705153699713710e-15 4.830386287056921449e-13 9.147325440112845523e-11 1.385284370867835697e-08 3.616884349309785279e-06 2.184842483272898036e-03 1.003566801715309875e+00
2.047919597989949825e+00 5.717280903901884962e-25 4.150575075194995229e-21 4.372662108956318748e-18 1.514476296949518449e-15 3.170245431974611665e-13 6.129045706153047734e-11 9.535743985738469487e-09 2.594837323784106966e-06 1.689257690010445481e-03 9.635809177094556421e-01
2.060477386934673305e+00 3.623398684591535487e-25 2.636417134529254963e-21 2.797622785346944052e-18 9.795091249008754610e-16 2.080788987613281368e-13 4.104951342784155524e-11 6.557691340392007612e-09 1.858473497907022545e-06 1.302445897781329695e-03 9.247872682475564154e-01
2.073035175879397229e+00 2.299865882210952432e-25 1.676629019912191414e-21 1.791432159385353962e-18 6.338196019790827864e-16 1.365842798447274821e-13 2.748252013816772175e-11 4.505557671217343574e-09 1.328915730911356827e-06 1.001477655558855213e-03 8.871581435508902880e-01
2.085592964824120710e+00 1.462004099952096759e-25 1.067529929577048453e-21 1.148116624510046746e-18 4.103398331773682436e-16 8.966519187515035998e-14 1.839310198998578436e-11 3.092910065829257667e-09 9.487613197007758746e-07 7.680152052660832495e-04 8.506603886035070117e-01
2.098150753768844190e+00 9.307951725182261087e-26 6.805286010486367307e-22 7.364652284348134335e-19 2.657980718082950579e-16 5.887217671583882053e-14 1.230606837824085664e-11 2.121420063527272418e-09 6.763291430503968027e-07 5.874541735571502631e-04 8.152565583145814365e-01
2.110708542713567670e+00 5.934972852342683139e-26 4.343489290404885591e-22 4.728299613681328297e-19 1.722658053660663945e-16 3.866085996055035912e-14 8.231238398277861116e-12 1.453937388795755931e-09 4.814193120821570323e-07 4.482103479895831058e-04 7.809060084415454517e-01
2.123266331658291595e+00 3.790023836698073700e-26 2.775618599222253651e-22 3.038434381491297785e-19 1.117105199582482792e-16 2.539334438836894031e-14 5.504371045451098846e-12 9.957330888518149378e-10 3.421963686531278760e-07 3.411308731335822896e-04 7.475659409827577484e-01
2.135824120603015075e+00 2.423947026610009376e-26 1.775873000039736200e-22 1.954304541904678245e-19 7.248449654980487416e-17 1.668271245560959662e-14 3.680116909413833269e-12 6.814538804362838775e-10 2.429044749575895020e-07 2.590111487130701963e-04 7.151924156874804872e-01
2.148381909547738555e+00 1.552607072764078005e-26 1.137620310249103944e-22 1.258163993123475007e-19 4.706090199369250343e-17 1.096283356377261136e-14 2.460034694132747994e-12 4.660622644794922566e-10 1.721968339990121710e-07 1.962007588648793813e-04 6.837413320466556588e-01
2.160939698492462480e+00 9.959932926471489525e-27 7.296559782917922479e-23 8.107552647959435459e-20 3.057363943529750258e-17 7.206079351862476003e-15 1.644222000059241136e-12 3.185536346255261982e-10 1.219172583540653855e-07 1.482837981638573032e-04 6.531693790843206004e-01
2.173497487437185960e+00 6.398920952879348012e-27 4.685718726359313006e-23 5.229431364907187886e-20 1.987527831358272929e-17 4.738115498183533961e-15 1.098835774788252038e-12 2.176051249845093455e-10 8.621364475741341965e-08 1.118209093463713521e-04 6.234349439114370561e-01
2.186055276381909440e+00 4.117290542176720240e-27 3.012820575613555739e-23 3.376258924972225234e-20 1.292902023723153981e-17 3.116395808902578794e-15 7.342963290328159923e-13 1.485661825064735288e-10 6.089443390706369250e-08 8.414216001811589964e-05 5.944989647327550975e-01
2.198613065326633365e+00 2.653197537472162458e-27 1.939594155012703594e-23 2.181914939228493401e-20 8.416105758035026840e-18 2.050451962045624461e-15 4.906693106366596260e-13 1.013797097896764599e-10 4.296249748819092069e-08 6.318153249162988165e-05 5.663257101447740638e-01
2.211170854271356845e+00 1.712299498423892905e-27 1.250231442608440298e-23 1.411447315211583848e-20 5.482220690897122991e-18 1.349602701040594296e-15 3.278670528423901497e-13 6.914772550673417801e-11 3.027825974297098059e-08 4.734526954047605426e-05 5.388834643675716185e-01
2.223728643216080325e+00 1.106727317265741214e-27 8.068878544956844431e-24 9.139450841986720242e-21 3.573616423025830624e-18 8.886498106406506932e-16 2.190836724971321219e-13 4.714283279156204545e-11 2.131672559853588050e-08 3.540760800862218367e-05 5.121450976430858004e-01
2.236286432160804249e+00 7.163922603643370720e-28 5.214110931655500304e-24 5.923899648037130106e-21 2.331157009894015352e-18 5.853726945152917060e-16 1.463987140426187887e-13 3.212766247690738021e-11 1.499258753693897102e-08 2.642854849483003155e-05 4.860885024143677957e-01
2.248844221105527730e+00 4.644179681646452341e-28 3.373592785794882017e-24 3.843535032397279855e-21 1.521784370914989906e-18 3.857623040078482196e-16 9.783423259523368951e-14 2.188681840719464907e-11 1.053457759981899871e-08 1.968926444656022472e-05 4.606968789593032243e-01
2.261402010050251210e+00 3.015181481279085593e-28 2.185501961277633270e-24 2.496276942562147967e-21 9.941646478782169583e-19 2.543318624151006624e-16 6.538554352111414339e-14 1.490528201825639999e-11 7.395365159310126220e-09 1.464156258266027799e-05 4.359588586604928317e-01
2.273959798994975134e+00 1.960480744906790381e-28 1.417609471692300862e-24 1.622917668324503210e-21 6.499687597690265285e-19 1.677580135845064742e-16 4.370394143962193021e-14 1.014764947387186255e-11 5.187059431360862467e-09 1.086848459260614462e-05 4.118684587270819430e-01
2.286517587939698615e+00 1.276599537334425301e-28 9.206816097431157525e-25 1.056196855238302872e-21 4.252661036402284298e-19 1.107069504599856791e-16 2.921580013046179083e-14 6.906717558799705358e-12 3.635119494164239953e-09 8.053703703353505024e-06 3.884248685509729127e-01
2.299075376884422095e+00 8.325071851862994826e-29 5.987013803343893251e-25 6.880826369725130499e-22 2.784633870487154429e-19 7.309420339194498662e-17 1.953364568894405109e-14 4.699718545824285298e-12 2.545472526244776001e-09 5.957834555833030685e-06 3.656320745458789823e-01
2.311633165829146019e+00 5.437016725857955929e-29 3.898157093250433568e-25 4.487311317479233967e-22 1.824816520133844389e-19 4.828525122707953798e-17 1.306251786912047165e-14 3.197264095910116123e-12 1.781092242242872881e-09 4.400155413751957488e-06 3.434983368426051120e-01
2.324190954773869500e+00 3.556074257155120795e-29 2.541305915707067645e-25 2.929436193546321625e-22 1.196791770716094031e-19 3.191364318931268122e-17 8.736912647081433682e-15 2.174722953840373335e-12 1.245341170020945871e-09 3.244551209464698545e-06 3.220355371817468781e-01
2.336748743718592980e+00 2.329252077068759191e-29 1.658835155037598736e-25 1.914416113288313994e-22 7.855441403377597802e-20 2.110450586527287173e-17 5.845016500545656179e-15 1.478972388680096406e-12 8.701407755723653448e-10 2.388736013574924649e-06 3.012584223930259153e-01
2.349306532663316460e+00 1.527902593217667552e-29 1.084172090664566833e-25 1.252406065283351776e-22 5.160352054861466382e-20 1.396423829640420370e-17 3.911280918890758776e-15 1.005676977222066511e-12 6.075819918267345581e-10 1.756014407553647268e-06 2.811837716921467001e-01
2.361864321608040385e+00 1.003705458498526697e-29 7.094827861504527655e-26 8.201861498918206868e-23 3.392725737926970246e-20 9.245037840460654635e-18 2.617980410642426547e-15 6.837708248327181653e-13 4.239836200984843967e-10 1.289001724831718137e-06 2.618295184667418507e-01
2.374422110552763865e+00 6.603074993804614233e-30 4.648726451008731379e-26 5.376998740311471333e-23 2.232454541416797195e-20 6.124285241925973688e-18 1.752815567255347769e-15 4.648654168459388763e-13 2.956898080492939491e-10 9.448506648795841258e-07 2.432138581680821088e-01
2.386979899497487345e+00 4.350241181158853297e-30 3.049821058515201711e-26 3.528818530762601094e-23 1.470227476387272085e-20 4.059411549048911207e-18 1.173914774039771396e-15 3.160233874481533219e-13 2.061012719661220703e-10 6.916326419094247636e-07 2.253543733797271631e-01
2.399537688442211270e+00 2.870155274997042716e-30 2.003376737440312202e-26 2.318366681702674979e-23 9.690761533877117485e-21 2.692385129544090109e-18 7.864574894676437481e-16 2.148309905818362785e-13 1.435805635752408161e-10 5.056016154277451894e-07 2.082672051954669590e-01
2.412095477386934750e+00 1.896357214406384121e-30 1.317644855399941633e-26 1.524753845337036467e-23 6.393019040852220299e-21 1.786828941955946717e-18 5.270597465551197384e-16 1.460395491063641236e-13 9.997573536393857050e-11 3.691303587265110104e-07 1.919662968824504268e-01
2.424653266331658230e+00 1.254744517968560295e-30 8.677229522872761053e-27 1.003883773863538876e-23 4.221160903981461664e-21 1.186603261405219484e-18 3.533439768066559138e-16 9.927724738722640233e-14 6.958097788063109364e-11 2.691576651302798178e-07 1.764627316676113666e-01
2.437211055276382154e+00 8.313971554793578976e-31 5.721503725084275891e-27 6.616592363363663386e-24 2.789578446623544893e-21 7.885145987894516888e-19 2.369713739061132383e-16 6.749074727026842502e-14 4.840565544349775469e-11 1.960227205006418653e-07 1.617641816424370549e-01
2.449768844221105635e+00 5.516675751584051777e-31 3.777330706943708873e-27 4.365697287993360043e-24 1.845137809746630822e-21 5.243246437848097117e-19 1.589868871552756378e-16 4.588421662241655603e-14 3.366074531808752269e-11 1.425920816328352687e-07 1.478744795270835743e-01
2.462326633165829115e+00 3.665723238598536447e-31 2.496921123587942080e-27 2.883646975620366734e-24 1.221533116910216383e-21 3.488844733362676785e-19 1.067088910910264231e-16 3.119722976771367356e-14 2.339836391490816986e-11 1.036072341756735722e-07 1.347933196622327912e-01
2.474884422110553039e+00 2.439229906403037676e-31 1.652604090449877263e-27 1.906780184554655373e-24 8.094134192144688726e-22 2.323048008267228245e-19 7.165066536453396220e-17 2.121344314811796608e-14 1.625897643373828450e-11 7.519802621025299089e-08 1.225160893780217614e-01
2.487442211055276520e+00 1.625377249355168861e-31 1.095156378246632648e-27 1.262205197729278960e-24 5.368174757013308258e-22 1.547868489168805998e-19 4.813116781253970623e-17 1.442637678204674116e-14 1.129427563323805259e-11 5.452054545399658318e-08 1.110338270612021561e-01
2.500000000000000000e+00 1.084579751477158253e-31 7.266509184376411800e-28 8.364321661283678483e-25 3.563495564160374830e-22 1.032079751458433992e-19 3.234633999028902744e-17 9.812115680109147356e-15 7.843181764512113524e-12 3.948814389523625412e-08 1.003332989965175087e-01
