# z_values, n_1(z), n_2(z), ...
1.000000000000000021e-03 2.309882583553537442e-05 1.480734197260314040e-21 1.492296120477251377e-33 1.692111048575687382e-46 1.489527740384797857e-60 1.033800549556265532e-76 1.073057049313220024e-96 3.348406990672297781e-121 1.217211605705679628e-157 5.273798219102099534e-223
1.355778894472361995e-02 5.075321653552548710e-03 5.044843419732418997e-18 1.962158117807230820e-29 8.271867247404386390e-42 2.750652876337100892e-55 8.127534822346659057e-71 4.694546362854389335e-90 1.103878299881071913e-113 7.235847653218078500e-149 4.525831036158062940e-212
2.611557788944723901e-02 2.163279770899877510e-02 2.866058594301706568e-16 4.058810402922355531e-27 6.019056154857039478e-39 7.154730001280228903e-52 8.480052149818072913e-67 2.541777506231268553e-85 4.151245291510523394e-108 4.370481209664000890e-142 3.211842155104332380e-203
3.867336683417085808e-02 5.273822972350893784e-02 8.044700531952226278e-15 3.925128544333585779e-25 1.942812256019297759e-36 7.833679743199331495e-49 3.519730265542514778e-63 5.123179700992102772e-81 5.378683960780655606e-103 8.148396228966847819e-136 5.893240703106979085e-195
5.123115577889447714e-02 1.001717113694561706e-01 1.526862606989266933e-13 2.435455045055557105e-23 3.827707411766030542e-34 4.981082986084467202e-46 8.040632311569187244e-60 5.336253353389471968e-77 3.345978638814192977e-98 6.570433810367377750e-130 3.914301890248925067e-187
6.378894472361809620e-02 1.645273913035439628e-01 2.184909522402489657e-12 1.083885084128040723e-21 5.158632703503472425e-32 2.066438758449943759e-43 1.138807623037553403e-56 3.245550535063002002e-73 1.133317648051021008e-93 2.611868307601257545e-124 1.082141255120715521e-179
7.634673366834171526e-02 2.455107531301010670e-01 2.488434414218316678e-11 3.661310238219681401e-20 5.044325222060101090e-30 5.946411599852311812e-41 1.065779858331149314e-53 1.232092059384708315e-69 2.241749420945747099e-89 5.516472914096213447e-119 1.353037563112851248e-172
8.890452261306533432e-02 3.422826804817665214e-01 2.331044810806462809e-10 9.723093120725107656e-19 3.715002422221883356e-28 1.234764547495598151e-38 6.872664174443465240e-51 3.052665976316439342e-66 2.716430123584720355e-85 6.523231340155364616e-114 8.124766967831686302e-166
1.014623115577889534e-01 4.537346156546452347e-01 1.837166109622614165e-09 2.080940048134135664e-17 2.116747626578947325e-26 1.904446107805699197e-36 3.150230258999084623e-48 5.105531213513545876e-63 2.091894282784075496e-81 4.499488764142514228e-109 2.458906674998558318e-159
1.140201005025125724e-01 5.786586188083611138e-01 1.239136785303127834e-08 3.658265487460613167e-16 9.529000060941854905e-25 2.232353387688404621e-34 1.052393355143377329e-45 5.924437592732496695e-60 1.055269957838981112e-77 1.873540897525249492e-104 3.908138793153761504e-153
1.265778894472361915e-01 7.158319670775707966e-01 7.250554534924275325e-08 5.365121637861591751e-15 3.448368748522000647e-23 2.027114294711820952e-32 2.616956450559341744e-43 4.882711771865907615e-57 3.579288584578258901e-74 4.852186657300349845e-100 3.382728605876308009e-147
1.391356783919598106e-01 8.640546630068000056e-01 3.722425288963466911e-07 6.650647486223732868e-14 1.018134399836926132e-21 1.449764860970167133e-30 4.933835104933197084e-41 2.917511323795011750e-54 8.353463371074133152e-71 8.027285659569659724e-96 1.647618615100990901e-141
1.516934673366834296e-01 1.022170117681403978e+00 1.693206527624553186e-06 7.048178389009680794e-13 2.484692744858321785e-20 8.286588942303207071e-29 7.168959974793994788e-39 1.287374418138161304e-51 1.369660068927382765e-67 8.690903214410649128e-92 4.653078408988476734e-136
1.642512562814070487e-01 1.189081905821316232e+00 6.882300754148621388e-06 6.450694417966456979e-12 5.070685244860471619e-19 3.835546356313861972e-27 8.147827640207544321e-37 4.265884662552780199e-49 1.607997422091918269e-64 6.295981329324935864e-88 7.832709850298871216e-131
1.768090452261306678e-01 1.363765444155064399e+00 2.518888007276830977e-05 5.145166591907909801e-11 8.744966233304312827e-18 1.454956713970679949e-25 7.342038826541291997e-35 1.077939368330334099e-46 1.375556987140172670e-61 3.115087186455949065e-84 8.063169495003227980e-126
1.893668341708542868e-01 1.545266569818230185e+00 8.358500241851431613e-05 3.606146736235457663e-10 1.286837220770615173e-16 4.573125372308740784e-24 5.311158198060559034e-33 2.106783532137103073e-44 8.714188498908319196e-59 1.072902658308022700e-80 5.198819637862401464e-121
2.019246231155779059e-01 1.732676985729730390e+00 2.530596830663272732e-04 2.237822497492232818e-09 1.630068725637517854e-15 1.203147748019835273e-22 3.120090253036198871e-31 3.227035973706904922e-42 4.150270920297633045e-56 2.618508571244257938e-77 2.146963675888023949e-116
2.144824120603015249e-01 1.925075623792379842e+00 7.030781338751302669e-04 1.238160761560469802e-08 1.792090950306938327e-14 2.674557312413115789e-21 1.504551881160637346e-29 3.921706553754158390e-40 1.507093391053324019e-53 4.604434335229024536e-74 5.799369519110623202e-112
2.270402010050251440e-01 2.121423632170599927e+00 1.802160323053412280e-03 6.147602219265838611e-08 1.723013677338345329e-13 5.067750927960988255e-20 6.015261409530489856e-28 3.824861932957207476e-38 4.228075912739249616e-51 5.925232793965902589e-71 1.045063012950386703e-107
2.395979899497487631e-01 2.320401088255577893e+00 4.283048801906034000e-03 2.755649187892199971e-07 1.459051831705620386e-12 8.252042369148654472e-19 2.012680506080234725e-26 3.026180487923891856e-36 9.278060696007778266e-49 5.662563904459490934e-68 1.279911448971787997e-103
2.521557788944723821e-01 2.520180516938677950e+00 9.482011180955400229e-03 1.121422487872566664e-06 1.095428461032146909e-11 1.163634982501232302e-17 5.685658514978638199e-25 1.961990277221438851e-34 1.611148388644289487e-46 4.074729604874744078e-65 1.084186046748417783e-99
2.647135678391959734e-01 2.718150287035222323e+00 1.963937348829599555e-02 4.165076251219798780e-06 7.337112092509262586e-11 1.431206150767062797e-16 1.367269864863732879e-23 1.052316196520228119e-32 2.238388653169894275e-44 2.236758910990215706e-62 6.458032931041954497e-96
2.772713567839196203e-01 2.910629952401034171e+00 3.821320733064672431e-02 1.418811742193107909e-05 4.409868032516352085e-10 1.545792330281340530e-15 2.820757836230495977e-22 4.711165278081283505e-31 2.513874055838078791e-42 9.482312319753016257e-60 2.747651384615458874e-92
2.898291457286432671e-01 3.092652205471865923e+00 7.011885970758750808e-02 4.453340571400619578e-05 2.391475222333282434e-09 1.475451425697857915e-14 5.029113313295752648e-21 1.775447052367481012e-29 2.304597581988160064e-40 3.140728005441211485e-57 8.474501765154748448e-89
3.023869346733668584e-01 3.257908101364920928e+00 1.217796830578216777e-01 1.293600356579221392e-04 1.176218430184184227e-08 1.252062939311462784e-13 7.802383250098643266e-20 5.677336958275556978e-28 1.740575683547889287e-38 8.217516685886657604e-55 1.921510847279904006e-85
3.149447236180904497e-01 3.398947705257877594e+00 2.008766519109876081e-01 3.491832950514269559e-04 5.272372515864433227e-08 9.499721966979962697e-13 1.060237001146233954e-18 1.552064188212111118e-26 1.092503933737261508e-36 1.716183635553083435e-52 3.245740806981289597e-82
3.275025125628140965e-01 3.507687949027827212e+00 3.157273007705249657e-01 8.792911575448677033e-04 2.163796086938686282e-07 6.478868725328177758e-12 1.269676983090794627e-17 3.653394943755131967e-25 5.746051851522999260e-35 2.889221684694623904e-50 4.136139530788706629e-79
3.400603015075377433e-01 3.576207492697867085e+00 4.743037850198642547e-01 2.073160362616439586e-03 8.165924885217612915e-07 3.991946852764499291e-11 1.347810459259105506e-16 7.454777006461397468e-24 2.552278560591475462e-33 3.957771376631795569e-48 4.024162726629248451e-76
3.526180904522613346e-01 3.597724082139452495e+00 6.829960061038972130e-01 4.592655177365147050e-03 2.845497558287167825e-06 2.232768603376947534e-10 1.275281089093497933e-15 1.327085900987947960e-22 9.645344966762535349e-32 4.450654221555752673e-46 3.023301711221719828e-73
3.651758793969849259e-01 3.567581577172169283e+00 9.453092251233039534e-01 9.590822204966997083e-03 9.191050309589169045e-06 1.138786956012536831e-09 1.081172945143902701e-14 2.073581080343493515e-21 3.123147738815985764e-30 4.143388386539886973e-44 1.772937923987382326e-70
3.777336683417085728e-01 3.484047413767580981e+00 1.260729086761941176e+00 1.893933266817384234e-02 2.762028335170362171e-05 5.319183593180715729e-09 8.253719063027716500e-14 2.860203758437423424e-20 8.722706975662474444e-29 3.218978371092166946e-42 8.198997689667081295e-68
3.902914572864322196e-01 3.348749091077576789e+00 1.623976247810871465e+00 3.547119691417481568e-02 7.749373056227447875e-05 2.284647883269625460e-08 5.700493802317714890e-13 3.501843250475096869e-19 2.114693427668806044e-27 2.102861933786786685e-40 3.019357837911485066e-65
4.028492462311558109e-01 3.166653592048401133e+00 2.024811492969433857e+00 6.318416041686288065e-02 2.036678556859067746e-04 9.058236521202768325e-08 3.577859894998006733e-12 3.825350180227150070e-18 4.477107522280766608e-26 1.163513127870342348e-38 8.936785807735377697e-63
4.154070351758794022e-01 2.945593411328719657e+00 2.448458629397931574e+00 1.073289969736254401e-01 5.029968848652043500e-04 3.327455284393570905e-07 2.049392267242631346e-11 3.746793538521028086e-17 8.325101222323318826e-25 5.490154029279208731e-37 2.144836279113693427e-60
4.279648241206030490e-01 2.695437095735969457e+00 2.876610928638386078e+00 1.742996874213387504e-01 1.170835884797982989e-03 1.136423116628426060e-06 1.075646472496523003e-10 3.305952719164698273e-16 1.367068116320068109e-23 2.223778421850966679e-35 4.209240963524187368e-58
4.405226130653266958e-01 2.427065263899629954e+00 3.288898796793386925e+00 2.712577096742048166e-01 2.576031847370433697e-03 3.620494902153304318e-06 5.193054516508094520e-10 2.639472553970150970e-15 1.992746192237903811e-22 7.780322499752361605e-34 6.809089220588422163e-56
4.530804020100502871e-01 2.151331909265146614e+00 3.664634829887424061e+00 4.054633578665674531e-01 5.371634311816344577e-03 1.079361103771918645e-05 2.314571728250548422e-09 1.914976430905303145e-14 2.591313299170011507e-21 2.365266734967569205e-32 9.148841463506686985e-54
4.656381909547738784e-01 1.878167291038815412e+00 3.984622042733708014e+00 5.833479624220677673e-01 1.064337350759806886e-02 3.020240779525197990e-05 9.557020933007390846e-09 1.267621971528273829e-13 3.020210872650030025e-20 6.283411686243469282e-31 1.028484336847645639e-51
4.781959798994975253e-01 1.615926360980314946e+00 4.232810808248029133e+00 8.094289418690707727e-01 2.008780020881865969e-02 7.954909759754168186e-05 3.667893751650425038e-08 7.685418300176743829e-13 3.169212723344663583e-19 1.466513140767799229e-29 9.740947297829920714e-50
4.907537688442211721e-01 1.371023953000759965e+00 4.397616442448424756e+00 1.085227048144548956e+00 3.619725770084708527e-02 1.977570777726923227e-04 1.312574705148493162e-07 4.283411851791355420e-12 3.006900370606558760e-18 3.022634425558387577e-28 7.824500964839014428e-48
5.033115577889447634e-01 1.147841720431689083e+00 4.472757987577453243e+00 1.408375067347498844e+00 6.241211261321513715e-02 4.652223249426098734e-04 4.392902089213946827e-07 2.202297478339177735e-11 2.590068658050563819e-17 5.528744229890659655e-27 5.364311234014074444e-46
5.158693467336683547e-01 9.488528443936309342e-01 4.457543772077186439e+00 1.772098915671668662e+00 1.031866509321045511e-01 1.038237631163581483e-03 1.378942918108824763e-06 1.048034022829040303e-10 2.033378083133117152e-16 9.016621790918985263e-26 3.157910754950054953e-44
5.284271356783919460e-01 7.748923366517381783e-01 4.356602588044625080e+00 2.165204431097143889e+00 1.639097390119632347e-01 2.203264512017736720e-03 4.070976799703247282e-06 4.630964527421658094e-10 1.460336621188185843e-15 1.316986629268832857e-24 1.605551481904460821e-42
5.409849246231156483e-01 6.255007824911222869e-01 4.179130275275316997e+00 2.572625041323134187e+00 2.506301325616286380e-01 4.456034102333676465e-03 1.133300722053676149e-05 1.905834520049725650e-09 9.628453727170242154e-15 1.730198523082597030e-23 7.089022252031875768e-41
5.535427135678392396e-01 4.992816808560484043e-01 3.937778846149192713e+00 2.976493085166239450e+00 3.695617188502305361e-01 8.607465778644801321e-03 2.982440080633875899e-05 7.326195463165759825e-09 5.847912273512077288e-14 2.052873592937033204e-22 2.732627095561530407e-39
5.661005025125628309e-01 3.942304947789327385e-01 3.647349753953148532e+00 3.357610059454230189e+00 5.263839475548529601e-01 1.591243338341239572e-02 7.437312090989414476e-05 2.637894293316603579e-08 3.282409213639203192e-13 2.208395287424130339e-21 9.242742964555669406e-38
5.786582914572865333e-01 3.080116712708618198e-01 3.323459857415028917e+00 3.697125887621597329e+00 7.254001959571320102e-01 2.820852836666501787e-02 1.761448884798733181e-04 8.920206108791848941e-08 1.707958248532528202e-12 2.162033244360113096e-20 2.756435196997667907e-36
5.912160804020101246e-01 2.381748253933669290e-01 2.981329328287668279e+00 3.978206323581697568e+00 9.686610735581302478e-01 4.804133127135724879e-02 3.970841304235756073e-04 2.840101562022329247e-07 8.263060678962755055e-12 1.933175340883419529e-19 7.281672894462002621e-35
6.037738693467337159e-01 1.823116410751298710e-01 2.634801762954088300e+00 4.187474988012606758e+00 1.255188990679662719e+00 7.874272360410368432e-02 8.538093663724948120e-04 8.534727157559781566e-07 3.727475101133986451e-11 1.584123787104831176e-18 1.711495179888325196e-33
6.163316582914573072e-01 1.381609552899256133e-01 2.295657860800695449e+00 4.316058568106052817e+00 1.580445386713165812e+00 1.244227895798325351e-01 1.754580772162803691e-03 2.426344210161744361e-06 1.572088198907671648e-10 1.193543564032267880e-17 3.594386895733456977e-32
6.288894472361808985e-01 1.036719157700377175e-01 1.973235414481736116e+00 4.360130298458630094e+00 1.936158797031578116e+00 1.898373061099337400e-01 3.452634165564372540e-03 6.540178379467086260e-06 6.215206986652286445e-10 8.294320533069627241e-17 6.772435638528086085e-31
6.414472361809046008e-01 7.703522740550748649e-02 1.674328208762828840e+00 4.320924183059431378e+00 2.310583095769057405e+00 2.801040834041759742e-01 6.517594619044980893e-03 1.675050753052780144e-05 2.309040161291309183e-09 5.332386015301455292e-16 1.149287616271500582e-29
6.540050251256281921e-01 5.669138810492310027e-02 1.403309504706460542e+00 4.204266178854795477e+00 2.689189692265472775e+00 4.002627254700383830e-01 1.182344964251992418e-02 4.084658167052613215e-05 8.080535057507646304e-09 3.180614155828496302e-15 1.763190773982017503e-28
6.665628140703517834e-01 4.132322513318082563e-02 1.162413190227459037e+00 4.019726772764827594e+00 3.055728156815554541e+00 5.547011673673190035e-01 2.064660666411100368e-02 9.502202843651255692e-05 2.669771949214649266e-08 1.765012018673307269e-14 2.454217431344081287e-27
6.791206030150754858e-01 2.983843409480643055e-02 9.521055589188497370e-01 3.779534505223584695e+00 3.393530539076099473e+00 7.465034211664606234e-01 3.476134872534644010e-02 2.112760280294483518e-04 8.346138160080106611e-08 9.136523527425111544e-14 3.110018440045849460e-26
6.916783919597990771e-01 2.134640986419709952e-02 7.714894625523915916e-01 3.497399757839073420e+00 3.686896913945008070e+00 9.767995241382213534e-01 5.651364436607429764e-02 4.497971585044234976e-04 2.473930907112160112e-07 4.422963663021961833e-13 3.599827990374792990e-25
7.042361809045226684e-01 1.513250376188404744e-02 6.186962166619589532e-01 3.187385148263665702e+00 3.922389904692472840e+00 1.244213975173949827e+00 8.884942499850784214e-02 9.184915812333916156e-04 6.967173118195511164e-07 2.007255448937120846e-12 3.818075469347800979e-24
7.167939698492462597e-01 1.063192870697349593e-02 4.912355474714764636e-01 2.862929308102902137e+00 4.089884502061974736e+00 1.544508072138583099e+00 1.352720109612522148e-01 1.801966458294038901e-03 1.867816250115719532e-06 8.559808719578284385e-12 3.721958221972758100e-23
7.293517587939698510e-01 7.404822055692791664e-03 3.862874792680971447e-01 2.536092485080390091e+00 4.183261191825412340e+00 1.870492913072835384e+00 1.997069649230291954e-01 3.401913521334415207e-03 4.775605355860176898e-06 3.437734671108385028e-11 3.344495652645353102e-22
7.419095477386935533e-01 5.113422705501218489e-03 3.009309288727265996e-01 2.217052983031793545e+00 4.200686015414148322e+00 2.212255677486213212e+00 2.862620544327653671e-01 6.189691451825247992e-03 1.166584082525062301e-05 1.303057727413502349e-10 2.778049297079561216e-21
7.544673366834171446e-01 3.501892812316833963e-03 2.323114242590305911e-01 1.913849054502723357e+00 4.144479892145204403e+00 2.557697928751938576e+00 3.988847050568091746e-01 1.086979218417733796e-02 2.727366632898929732e-05 4.671294963694625858e-10 2.138798203838141508e-20
7.670251256281407359e-01 2.378992814672100959e-03 1.777550025620292240e-01 1.632335304294614708e+00 4.020631279065283614e+00 2.893339042885269219e+00 5.409373805929685863e-01 1.844979581657692214e-02 6.112639365789161391e-05 1.586929021101332873e-09 1.530189198295522906e-19
7.795829145728644383e-01 1.603585267922968570e-03 1.348375434274333706e-01 1.376307351728077277e+00 3.838043642417272583e+00 3.205298831738773835e+00 7.147296073381799175e-01 3.030865690208880622e-02 1.315414072899649851e-04 5.118645835988882900e-09 1.019876068098851967e-18
7.921407035175880296e-01 1.072784881620636108e-03 1.014192499846229695e-01 1.147742830614499221e+00 3.607628536630588911e+00 3.480347901541751998e+00 9.210601557393555128e-01 4.825133527396640448e-02 2.722133453056076115e-04 1.570467377637965173e-08 6.347703538263527530e-18
8.046984924623116209e-01 7.124763696675834096e-04 7.565334801767431561e-02 9.471088461492579436e-01 3.341356345177095566e+00 3.706906329586641569e+00 1.158830748997390581e+00 7.453478126481982713e-02 5.425123460961222329e-04 4.591424877530707380e-08 3.697883544644471657e-17
8.172562814070352122e-01 4.698754845940010722e-04 5.597685092228096154e-02 7.736932253687333061e-01 3.051362981233882721e+00 3.875881394447354911e+00 1.424791220630386990e+00 1.118491276716625932e-01 1.042748676428615837e-03 1.281298199336856636e-07 2.020783158091014290e-16
8.298140703517588035e-01 3.077994113278880763e-04 4.108979964705108956e-02 6.259267749056698360e-01 2.749186991867174523e+00 3.981260548417399292e+00 1.713464637720103489e+00 1.632395319808147838e-01 1.935590745819401950e-03 3.418604621982725197e-07 1.038107712230663006e-15
8.423718592964825058e-01 2.003290094846934795e-04 2.992796341863003876e-02 5.016742030377296935e-01 2.445183061754355514e+00 4.020411280616727367e+00 2.017280829754545923e+00 2.319589643986705030e-01 3.474432632066571779e-03 8.734314099913246747e-07 5.023576982841310557e-15
8.549296482412060971e-01 1.295773055459896559e-04 2.163270476329613723e-02 3.984808966712699574e-01 2.148129864110707832e+00 3.994078494573605198e+00 2.326921025422189704e+00 3.212502431587294094e-01 6.038690731430684452e-03 2.140179254634521471e-06 2.294511640678817792e-14
8.674874371859296884e-01 8.331825060052369441e-05 1.552062604947487996e-02 3.137705259266655999e-01 1.865026304585023720e+00 3.906106193327580911e+00 2.631849035230404699e+00 4.340659459740819348e-01 1.017472305514236820e-02 5.036733909984953273e-06 9.910623542004252844e-14
8.800452261306533908e-01 5.327127816273403575e-05 1.105473574650517321e-02 2.449941716678361026e-01 1.601052635377613553e+00 3.762938611362004693e+00 2.920980049979424287e+00 5.727459829317463891e-01 1.663936667867485855e-02 1.140088432804590525e-05 4.055476196461700326e-13
8.926030150753769821e-01 3.387675486063471901e-05 7.818188347466156762e-03 1.897354087534580125e-01 1.359662362870202035e+00 3.572973445019688832e+00 3.183420503285525616e+00 7.386826896717850754e-01 2.644116742384208796e-02 2.485478556741612302e-05 1.574999967655864450e-12
9.051608040201005734e-01 2.143275870983158481e-05 5.491138965521595409e-03 1.457778293916373591e-01 1.142766816059044510e+00 3.345845702279217626e+00 3.409204143946989340e+00 9.320103279809562880e-01 4.087255148289593853e-02 5.225572168964319990e-05 5.815096827851202629e-12
9.177185929648241647e-01 1.349371437059428627e-05 3.830884875536323675e-03 1.111422508590279856e-01 9.509753982956000717e-01 3.091716056356585973e+00 3.589951377498835416e+00 1.151358263595769982e+00 6.152487677630699009e-02 1.060865954305532520e-04 2.044487106259614007e-11
9.302763819095477560e-01 8.456082133498193977e-06 2.655214842611759805e-03 8.410071656616409375e-02 7.838592840131846096e-01 2.820624965057334510e+00 3.719390242516078526e+00 1.393703946475090216e+00 9.027793765294368777e-02 2.082195475330414687e-04 6.855682375435837308e-11
9.428341708542714583e-01 5.275887641817135353e-06 1.828728111034788736e-03 6.317371393694366788e-02 6.402130290751912867e-01 2.541956413434012685e+00 3.793695831034428423e+00 1.654353199466416902e+00 1.292564348136769625e-01 3.955762313637054516e-04 2.195934457844478476e-10
9.553919597989950496e-01 3.278024597795020009e-06 1.251796411245348437e-03 4.711606677251346798e-02 5.182958683532992161e-01 2.264036175127611461e+00 3.811627381300364270e+00 1.927062237173542192e+00 1.807483347883580282e-01 7.282536893437516722e-04 6.728690682630554066e-10
9.679497487437186409e-01 2.028700874802911578e-06 8.518053937210671089e-04 3.489590633349608229e-02 4.160413704829830084e-01 1.993871697530825715e+00 3.774465223478250309e+00 2.204300084715139274e+00 2.470838423814273876e-01 1.300644655497237324e-03 1.975158808155911154e-09
9.805075376884423433e-01 1.250860502414716265e-06 5.763108000861223712e-04 2.567010917843903783e-02 3.312299831289601815e-01 1.737026028659136578e+00 3.685770122469806509e+00 2.477633905917119517e+00 3.304785227854727947e-01 2.255911439798943558e-03 5.561988164555130413e-09
9.930653266331659346e-01 7.685600179697169380e-07 3.877667813508975576e-04 1.875868239107146562e-02 2.616235440167827830e-01 1.497607658461827640e+00 3.551002991726160740e+00 2.738205502410132830e+00 4.328493178485224302e-01 3.803836592353403417e-03 1.504494000601107928e-08
1.005623115577889415e+00 4.706681390878840533e-07 2.595192702510834407e-04 1.361981127618538262e-02 2.050640205218947354e-01 1.278351969161166002e+00 3.377052136087804968e+00 2.977256891792254834e+00 5.556170333585240817e-01 6.241555340531702856e-03 3.914166554600437598e-08
1.018180904522613117e+00 2.873472549732715418e-07 1.727989559809704322e-04 9.826668344858133577e-03 1.595407083333763576e-01 1.080767775940473019e+00 3.171717881348767865e+00 3.186657744581064655e+00 6.995125475480906685e-01 9.975992931165406433e-03 9.806494552452855130e-08
1.030738693467336597e+00 1.749197220536659211e-07 1.144911224172741110e-04 7.046607295145424464e-03 1.232310909239966584e-01 9.053233941693967779e-01 2.943201352231079149e+00 3.359388054078032315e+00 8.644058533632966723e-01 1.554604753426339948e-02 2.368825349147438029e-07
1.043296482412060300e+00 1.061918891680460262e-07 7.550010478754272999e-05 5.023015206479736552e-03 9.452078744997184645e-02 7.516498257330289645e-01 2.699636615893291847e+00 3.489935373461305002e+00 1.049176699794811762e+00 2.364178544190572578e-02 5.523302368926837672e-07
1.055854271356783780e+00 6.430478708285377251e-08 4.956249089597883882e-05 3.559850281894874451e-03 7.200773556902788364e-02 6.187430604514797539e-01 2.448695098218792499e+00 3.574576191071760167e+00 1.251642967771262605e+00 3.511729545042355932e-02 1.244503890038307313e-06
1.068412060301507482e+00 3.884815761004294090e-08 3.239455903922509731e-05 2.508730735730597353e-03 5.449517005557549809e-02 5.051523200203343889e-01 2.197279815606054232e+00 3.611523937353047664e+00 1.468558266438474869e+00 5.099354352786327621e-02 2.712654928938863035e-06
1.080969849246231185e+00 2.341778295254874972e-08 2.108562868029798115e-05 1.758343746937438218e-03 4.097722576837906083e-02 4.091457119083198868e-01 1.951316037774251999e+00 3.600939920171884800e+00 1.695684114418385402e+00 7.244772026258092246e-02 5.725950681944645904e-06
1.093527638190954665e+00 1.408768923989998363e-08 1.367027356848776821e-05 1.225895000198128039e-03 3.062022768246877927e-02 3.288488040660880185e-01 1.715635623222711015e+00 3.544816436570005003e+00 1.927935216705838339e+00 1.007862737036683554e-01 1.171641271456431233e-05
1.106085427135678367e+00 8.459023083757111505e-09 8.829234151862759808e-06 8.503051323554084101e-04 2.274200546779880580e-02 2.623548674067480158e-01 1.493945124464032492e+00 3.446751986907051091e+00 2.159589572555153936e+00 1.374000790377060688e-01 2.326274306339851640e-05
1.118643216080402070e+00 5.070519091470123557e-09 5.682001348494270192e-06 5.868680283502629392e-04 1.679092834209889445e-02 2.078079061397053173e-01 1.288863097082973530e+00 3.311645970006287687e+00 2.384549219263858877e+00 1.837019255887869795e-01 4.485988099021603279e-05
1.131201005025125550e+00 3.034584632844655749e-09 3.644077515653651344e-06 4.031085521675564190e-04 1.232581730082485914e-02 1.634611594412821445e-01 1.102009766097210131e+00 3.145344047551581923e+00 2.596632954376539626e+00 2.410485158897840985e-01 8.409788120183421718e-05
1.143758793969849252e+00 1.813515123231826019e-09 2.329461440094315198e-06 2.756073846986285629e-04 8.997460017840632276e-03 1.277146300726372252e-01 9.341319581432085961e-01 2.954265624224315268e+00 2.789879798445527026e+00 3.106512124330050861e-01 1.534009927860074170e-04
1.156316582914572955e+00 1.082371558214958897e-09 1.484488655853220488e-06 1.875934988923175716e-04 6.532122328357951521e-03 9.913552387452803649e-02 7.852475132499868726e-01 2.745042103146074552e+00 2.958841436525416313e+00 3.934815433895324510e-01 2.724971958021997205e-04
1.168874371859296435e+00 6.452392152617609482e-10 9.432386085714434729e-07 1.271372954601554864e-04 4.717207264642127827e-03 7.646541860490634057e-02 6.547957188806120543e-01 2.524189527442301184e+00 3.098843347485031430e+00 4.901787145197852857e-01 4.717912243715346944e-04
1.181432160804020137e+00 3.842448829973924332e-10 5.976646333672707768e-07 8.580760573938729272e-05 3.389043713657096529e-03 5.861765697784702273e-02 5.417831687503159577e-01 2.297832817495184532e+00 3.206197529316864525e+00 6.009668631294318164e-01 7.967901253335944343e-04
1.193989949748743618e+00 2.286072781218934305e-10 3.777034058330173751e-07 5.768258698466533592e-05 2.422677204791315233e-03 4.466798935677599586e-02 4.449174289436607643e-01 2.071491955865639500e+00 3.278354233988955091e+00 7.255894293233868808e-01 1.313669648580747433e-03
1.206547738693467320e+00 1.358990036615366514e-10 2.381034755625970871e-07 3.862756478072671768e-05 1.723471414667919217e-03 3.384096251873059541e-02 3.627236885269144451e-01 1.849933931914176988e+00 3.313985420157456563e+00 8.632668328707575611e-01 2.115964640072462606e-03
1.219105527638191022e+00 8.072990290038499524e-11 1.497491227359784499e-07 2.577211428068049975e-05 1.220298692415414154e-03 2.549402333708420537e-02 2.936419836652823800e-01 1.637088618277863006e+00 3.312998167420070583e+00 1.012681774410252977e+00 3.332214664823625848e-03
1.231663316582914502e+00 4.792811060910516250e-11 9.397382311478320628e-08 1.713437298484695253e-05 8.600912437258428954e-04 1.910081953280976658e-02 2.361045123411234514e-01 1.436022373810302843e+00 3.276481550034989532e+00 1.171994166074857180e+00 5.134202666720281451e-03
1.244221105527638205e+00 2.843988683085012753e-11 5.885075399907945025e-08 1.135313924069963293e-05 6.035335451970541250e-04 1.423475587176216764e-02 1.885939775949066477e-01 1.248960201023657124e+00 3.206594996454784852e+00 1.338885230500761914e+00 7.745204557272444661e-03
1.256778894472361685e+00 1.686899792697748969e-11 3.678377728025892160e-08 7.498185288993577744e-06 4.216949215332300061e-04 1.055351246043025569e-02 1.496848424720372550e-01 1.077345697942465597e+00 3.106409632718374336e+00 1.510627984438773996e+00 1.144744620007589336e-02
1.269336683417085387e+00 1.000264965449661580e-11 2.294957214852960917e-08 4.936855367515147326e-06 2.934244512031335323e-04 7.784952292691039305e-03 1.180699153700073140e-01 9.219276680753466513e-01 2.979716326828383277e+00 1.684179397894075114e+00 1.658777464072216240e-02
1.281894472361809090e+00 5.929854337827683380e-12 1.429420084249966965e-08 3.240849854216042701e-06 2.033552592489716083e-04 5.714632456135485157e-03 9.257489233746123147e-02 7.828628392845214945e-01 2.830815061794215826e+00 1.856288169482835926e+00 2.358043041144519680e-02
1.294452261306532570e+00 3.514903818378262166e-12 8.889216497950721822e-09 2.121487911773533588e-06 1.403896710417748680e-04 4.174978851715165605e-03 7.216344792340211034e-02 6.598254102006810839e-01 2.664299940661191801e+00 2.023611366431678604e+00 3.290579382746595255e-02
1.307010050251256272e+00 2.083334701666965689e-12 5.519948165343980311e-09 1.385009781387547311e-06 9.655932449298758292e-05 3.036078096881901587e-03 5.593526685493811768e-02 5.521158145760542979e-01 2.484852747632039893e+00 2.182833131410123695e+00 4.510409882745056165e-02
1.319567839195979975e+00 1.234852510910697227e-12 3.423121838470195208e-09 9.018863846661317469e-07 6.617446507063791861e-05 2.197972648067038261e-03 4.311911190410500083e-02 4.587629261674192049e-01 2.297055809992601283e+00 2.330779166940339930e+00 6.076337684617965501e-02
1.332125628140703455e+00 7.320056047363193730e-13 2.120175738088419167e-09 5.858577823164269790e-07 4.519400049772523474e-05 1.584307037189998553e-03 3.306268167140925807e-02 3.786157256761488732e-01 2.105232219420349438e+00 2.464521627273810189e+00 8.050130446283189356e-02
1.344683417085427157e+00 4.339987395744257411e-13 1.311681001813574542e-09 3.796883010066738370e-07 3.076247772363005148e-05 1.137156590855558985e-03 2.522066463851565382e-02 3.104220788644348472e-01 1.913318575444675096e+00 2.581470210908476393e+00 1.049411541963052724e-01
1.357241206030150860e+00 2.573756316898363899e-13 8.106523317990973864e-10 2.455323458179515388e-07 2.087214670289265142e-05 8.128685490783348934e-04 1.914206914153890327e-02 2.528936467807439414e-01 1.724772578657810085e+00 2.679446494492383923e+00 1.346826392783598558e-01
1.369798994974874340e+00 1.526792996072754423e-13 5.005330479376448290e-10 1.584481357113918742e-07 1.411797213353363224e-05 5.787539105618115997e-04 1.445761882538753110e-02 2.047570270238477652e-01 1.542515247637663567e+00 2.756739749609443013e+00 1.702690364884188179e-01
1.382356783919598042e+00 9.060545094394471486e-14 3.087896985397697755e-10 1.020496500173172361e-07 9.521163379603993606e-06 4.104826104508051848e-04 1.086775742337562321e-02 1.647920074922774036e-01 1.368905419395965772e+00 2.812143548167797213e+00 2.121524948462823190e-01
1.394914572864321523e+00 5.379184078796024107e-14 1.903546838628517839e-10 6.560388062116718925e-08 6.402834409443887312e-06 2.900518469022723696e-04 8.131607180874359658e-03 1.318583250727742295e-01 1.205742609216103656e+00 2.844973344279173588e+00 2.606598235238584138e-01
1.407472361809045225e+00 3.195153624159394711e-14 1.172660949646316186e-10 4.210051953002415976e-08 4.294079465210705844e-06 2.042154517873615862e-04 6.057069721316547285e-03 1.049126007885580053e-01 1.054293279178940779e+00 2.855065913642106601e+00 3.159612440380201170e-01
1.420030150753768927e+00 1.898910915920615585e-14 7.219806629282647509e-11 2.697306125439450278e-08 2.872323549997303994e-06 1.432797803509032616e-04 4.492142037272935789e-03 8.301721680808780979e-02 9.153350689242963911e-01 2.842762055923953035e+00 3.780445553464375497e-01
1.432587939698492407e+00 1.129218922003456663e-14 4.442809103247148400e-11 1.725446485538716293e-08 1.916509363579251494e-06 1.001878384272062242e-04 3.317437778280943935e-03 6.534285691102412197e-02 7.892135103977351296e-01 2.808874355904704245e+00 4.466968885085547125e-01
1.445145728643216110e+00 6.719463478090895766e-15 2.732764724680011785e-11 1.102157169471336478e-08 1.275705905041340556e-06 6.982782855213591174e-05 2.439848970418303977e-03 5.116629436301113609e-02 6.759060881435342560e-01 2.754642091179487107e+00 5.214957410804200721e-01
1.457703517587939590e+00 4.001245091423235415e-15 1.680318596272341602e-11 7.030680650107698258e-09 8.472251577212047256e-07 4.851480780329609361e-05 1.787249858323479868e-03 3.986481723152814766e-02 5.750891144779686215e-01 2.681675596218560997e+00 6.018103270221525358e-01
1.470261306532663292e+00 2.384405351966366043e-15 1.032896821099718725e-11 4.479224061249467956e-09 5.614373393709257453e-07 3.360472354152970142e-05 1.304127420604205738e-03 3.090846111222613282e-02 4.862036617594347465e-01 2.591892559959321218e+00 6.868135215526284254e-01
1.482819095477386995e+00 1.422030022474060430e-15 6.347871608500463612e-12 2.850350804025230466e-09 3.712806543653193446e-07 2.320885491693153738e-05 9.480177521472093159e-04 2.385099563386742019e-02 4.085176390721552142e-01 2.487448848827566561e+00 7.755038984860678219e-01
1.495376884422110475e+00 8.487888839488578683e-16 3.900623875532931919e-12 1.811846001141464651e-09 2.450446525044499058e-07 1.598382671400732291e-05 6.866302240094685578e-04 1.832039966746252732e-02 3.411819409805884051e-01 2.370666500606623206e+00 8.667366271079515183e-01
1.507934673366834177e+00 5.070730151259143523e-16 2.396638598865534890e-12 1.150556221705429205e-09 1.614255303587452619e-07 1.097809275645016705e-05 4.955491984892243735e-04 1.400937068982208850e-02 2.832793734407327291e-01 2.243961512934952385e+00 9.592613847763881152e-01
1.520492462311557880e+00 3.032061911956590660e-16 1.472516962433410278e-12 7.299498215343388399e-10 1.061510782813427747e-07 7.520325913429500867e-06 3.564138726867373047e-04 1.066625134404787338e-02 2.338657374936851385e-01 2.109773939823643474e+00 1.051765002005246030e+00
1.533050251256281360e+00 1.814756892310964913e-16 9.047593645858345760e-13 4.627118758954245389e-10 6.968540445193419214e-08 5.138705502536153516e-06 2.554889291691033707e-04 8.086622468342784600e-03 1.920030036453589106e-01 1.970502602318978447e+00 1.142916319460382413e+00
1.545608040201005062e+00 1.087243937324177127e-16 5.559627063241144873e-13 2.930849706562368604e-10 4.567340905954407636e-08 3.502844646306708629e-06 1.825509613236220709e-04 6.105705831958536250e-03 1.567849322927581668e-01 1.828446416091977555e+00 1.231410708869059123e+00
1.558165829145728765e+00 6.520460858322361310e-17 3.416818061770851667e-13 1.855126081055830337e-10 2.989008336994373906e-08 2.382209722488365044e-06 1.300273769955174118e-04 4.591639056200995904e-03 1.273557930378918235e-01 1.685753950407288482e+00 1.316011878525164880e+00
1.570723618090452245e+00 3.914589809827202837e-17 2.100315733769185008e-13 1.173494267240543048e-10 1.953303746324380992e-08 1.616486463591048604e-06 9.233522654277598275e-05 3.439626384829319334e-03 1.029230209959570569e-01 1.544382380277432354e+00 1.395588917289882103e+00
1.583281407035175947e+00 2.352686978057637012e-17 1.291385459320445578e-13 7.419007974521728079e-11 1.274756506307573749e-08 1.094554052742626659e-06 6.537692666399552949e-05 2.566928450779297575e-03 8.276473871531273008e-02 1.406066504509732695e+00 1.469146984780949738e+00
1.595839195979899428e+00 1.415547866804377596e-17 7.942495160411246035e-14 4.688098296683239938e-11 8.308723739377636690e-09 7.396301735349697622e-07 4.615808716253365455e-05 1.908628356939498028e-03 6.623308753766066204e-02 1.272298008429192384e+00 1.535850579620675171e+00
1.608396984924623130e+00 8.526670508706331951e-18 4.886615284918315755e-14 2.961156147883885388e-11 5.409098218917052863e-09 4.988185590726511572e-07 3.249962269615797148e-05 1.414096919393400490e-03 5.275427149637038765e-02 1.144314682927948912e+00 1.595038861732584579e+00
1.620954773869346832e+00 5.142097480085655033e-18 3.007662008937536495e-14 1.869676332370769740e-11 3.517480901896386015e-09 3.357829077298849720e-07 2.282213577002117449e-05 1.044073895471019130e-03 4.182613797668739003e-02 1.023098899274766493e+00 1.646233023169523912e+00
1.633512562814070312e+00 3.104687208347101310e-18 1.851988989236162127e-14 1.180152035629097612e-11 2.285003517077927239e-09 2.256311746020627734e-07 1.598531433325888152e-05 7.682819860023171188e-04 3.301401768445348661e-02 9.093843037360225257e-01 1.689136157901478974e+00
1.646070351758794015e+00 1.876818996535660971e-18 1.140917692815466374e-14 7.447335258282908981e-12 1.482931938019376329e-09 1.513560620133075051e-07 1.116893429220011768e-05 5.634943791429409968e-04 2.594543445238095894e-02 8.036694515632415436e-01 1.723626448337835848e+00
1.658628140703517495e+00 1.135961620365194332e-18 7.032246915530959789e-15 4.698718417824611169e-12 9.615344469112069451e-10 1.013667498522341264e-07 7.785131103432496792e-06 4.119830451161774387e-04 2.030418257999248507e-02 7.062369519191824541e-01 1.749744750614529831e+00
1.671185929648241197e+00 6.884158867762308447e-19 4.336850305346973567e-15 2.964127141459724271e-12 6.229410139642362777e-10 6.778289895077240034e-08 5.414034233518952679e-06 3.002827337337921174e-04 1.582416253764484110e-02 6.171766415100438108e-01 1.767677818278072799e+00
1.683743718592964900e+00 4.177272471050816750e-19 2.676154911099028602e-15 1.869716021802233208e-12 4.032698408276268815e-10 4.525918687349716312e-08 3.756759778532577650e-06 2.182138296528455081e-04 1.228326935648890901e-02 5.364113360147034770e-01 1.777738460687176891e+00
1.696301507537688380e+00 2.538035438023721144e-19 1.652417887084116400e-15 1.179336179893576992e-12 2.608787701326615552e-10 3.017780037681647319e-08 2.601231243586181649e-06 1.581153067853316083e-04 9.497544297369212712e-03 4.637238108349167054e-01 1.780343901039247001e+00
1.708859296482412082e+00 1.544092545609808264e-19 1.020974851060157484e-15 7.438814441530343450e-13 1.686562771980717890e-10 2.009527927182605659e-08 1.797432602846109507e-06 1.142466219348447197e-04 7.315730338622972867e-03 3.987838192086573530e-01 1.775993496811769434e+00
1.721417085427135785e+00 9.406479393960380902e-20 6.312636956615446240e-16 4.692391119103248532e-13 1.089714785260733113e-10 1.336462347060600623e-08 1.239563156024694535e-06 8.232428339098614011e-05 5.614315429616848104e-03 3.411741482118169078e-01 1.765246832163470447e+00
1.733974874371859265e+00 5.738071789695235521e-20 3.905896247540467489e-16 2.960251357651179847e-13 7.037116318480649942e-11 8.877801013495376832e-09 8.532192347004615590e-07 5.916492135446018552e-05 4.293103359430013033e-03 2.904149240722735947e-01 1.748703007116530372e+00
1.746532663316582967e+00 3.505068235586484700e-20 2.418564403766095420e-16 1.867779992716122826e-13 4.542264116121074437e-11 5.890729370226647355e-09 5.862209937899806393e-07 4.241195147805598909e-05 3.271319076074503864e-03 2.459855918522628193e-01 1.726981750206204591e+00
1.759090452261306670e+00 2.143999900531637574e-20 1.498766830899349971e-16 1.178701300029064119e-13 2.930685821659804700e-11 3.904594427375595119e-09 4.020711805798176026e-07 3.032739056741832472e-05 2.484231735385672001e-03 2.073441979739270302e-01 1.700706785083013539e+00
1.771648241206030150e+00 1.313277811568036678e-20 9.295266034118276161e-17 7.440125088994265694e-14 1.890201451060311161e-11 2.585552901539734386e-09 2.753066818386813867e-07 2.163411646041808116e-05 1.880262994018727738e-03 1.739437875096112029e-01 1.670491699268240371e+00
1.784206030150753852e+00 8.055591430211851971e-21 5.769687235714896457e-17 4.697556697574385439e-14 1.218739467302363742e-11 1.710520400314431748e-09 1.882059984006479380e-07 1.539694094777058347e-05 1.418538499826212974e-03 1.452458851404361262e-01 1.636928403323731240e+00
1.796763819095477333e+00 4.948257632756261683e-21 3.584398496946120150e-17 2.966848831025811266e-14 7.855953780105166912e-12 1.130645288392048081e-09 1.284644738452995208e-07 1.093337019118297709e-05 1.066835739405207336e-03 1.207311557652132883e-01 1.600578136132164042e+00
1.809321608040201035e+00 3.043868996548312549e-21 2.228764927901712922e-17 1.874416439371800603e-14 5.062824251914454657e-12 7.467461993569953483e-10 8.755778637913439585e-08 7.746945490154913804e-06 7.998801321709851945e-04 9.990743711518366987e-02 1.561964868836166698e+00
1.821879396984924737e+00 1.875092969145583460e-21 1.387094801478015527e-17 1.184674767939431565e-14 3.262215426311140636e-12 4.928249849616691090e-10 5.959327365523645202e-08 5.477667261628035773e-06 5.979424727559099016e-04 8.231540369936335422e-02 1.521570885864573119e+00
1.834437185929648217e+00 1.156769823900365756e-21 8.640749558487602252e-18 7.490471123042097135e-15 2.101733259836804410e-12 3.250194139956933005e-10 4.050590730300532329e-08 3.865277851165756181e-06 4.456936784051614641e-04 6.753216179927466756e-02 1.479834274179157694e+00
1.846994974874371920e+00 7.146644817509021501e-22 5.387771297941519786e-18 4.738163962593744423e-15 1.353961847476091082e-12 2.142130559794275102e-10 2.749700416490107159e-08 2.722176632126615649e-06 3.312766385220497728e-04 5.517309285241189104e-02 1.437148027996160371e+00
1.859552763819095400e+00 4.421728439946033421e-22 3.362699044623034850e-18 2.998578925290727687e-15 8.722022703594206967e-13 1.410993834924125232e-10 1.864338939755241092e-08 1.913517167457203918e-06 2.455592939523189864e-04 4.489226169307417025e-02 1.393860471705347548e+00
1.872110552763819102e+00 2.739805914005196471e-22 2.100855663901106316e-18 1.898621163528106900e-15 5.618591389391192754e-13 9.288994167698243655e-11 1.262591234263909117e-08 1.342635880836469805e-06 1.815375344739007996e-04 3.638169111492579183e-02 1.350276714251956944e+00
1.884668341708542805e+00 1.700154432173773911e-22 1.313837539756953624e-18 1.202793523586932120e-15 3.619545620437658634e-13 6.112204492735745339e-11 8.541307711708219452e-09 9.404218177644467847e-07 1.338608458879407971e-04 2.936977920827492025e-02 1.306660869736519182e+00
1.897226130653266285e+00 1.056575435027676287e-22 8.224923144760285364e-19 7.624051055651900366e-16 2.331918610812549460e-13 4.020066819139741086e-11 5.772106371807330905e-09 6.575879340858918117e-07 9.845770251487112818e-05 2.361910459162377962e-02 1.263238807687541598e+00
1.909783919597989987e+00 6.575952816930232926e-23 5.154349908271726027e-19 4.835418011820107758e-16 1.502523474136741186e-13 2.642986065751387746e-11 3.896876865694915552e-09 4.590703066724880365e-07 7.224139336665744572e-05 1.892383012229826092e-02 1.220201229174234570e+00
1.922341708542713690e+00 4.098879503409742979e-23 3.233512940160079526e-19 3.068646634415422901e-16 9.682621909672611835e-14 1.737009074698353684e-11 2.628420645138745679e-09 3.199821425253421937e-07 5.288024694327778569e-05 1.510688044120238327e-02 1.177706899057774148e+00
1.934899497487437170e+00 2.558714989373078325e-23 2.030674984252838470e-19 1.948655425746434123e-16 6.240843414517711460e-14 1.141231485528169466e-11 1.771298344844407372e-09 2.226997938479793933e-07 3.861907175423949002e-05 1.201703468008484890e-02 1.135885898243820247e+00
1.947457286432160872e+00 1.599671368234626675e-23 1.276666534066593514e-19 1.238251325253527532e-16 4.023337619375937867e-14 7.495974786042651501e-12 1.192695187561845547e-09 1.547701515908587584e-07 2.814107217336085168e-05 9.526044172315884656e-03 1.094842791372631075e+00
1.960015075376884575e+00 1.001597689955653366e-23 8.035105556984665003e-20 7.873684235283663000e-17 2.594396443613138236e-14 4.922468296028789844e-12 8.024718102763076057e-10 1.074120829605897598e-07 2.046156171690168726e-05 7.525856905557945509e-03 1.054659634031381410e+00
1.972572864321608055e+00 6.280741619920887153e-24 5.062770850958613762e-20 5.010165805280124395e-17 1.673424770936892600e-14 3.231881045507789654e-12 5.395277292455479165e-10 7.444615355569758253e-08 1.484651603249179897e-05 5.926006175702910710e-03 1.015398768761397674e+00
1.985130653266331757e+00 3.944435007796540755e-24 3.193542876767461932e-20 3.190363777535115598e-17 1.079714417582140082e-14 2.121593164444080687e-12 3.624949541508086841e-10 5.153220039796367208e-08 1.075042689935163543e-05 4.651200564936165856e-03 9.771053806338476644e-01
1.997688442211055238e+00 2.480938235439505712e-24 2.016740268347708816e-20 2.033063945941194495e-17 6.968782048103385936e-15 1.392577301097585234e-12 2.433965231282683097e-10 3.562755065847543450e-08 7.769077551794121618e-06 3.639135854347560085e-03 9.398098009750509574e-01
2.010246231155778940e+00 1.562806464849853300e-24 1.275042312253833061e-20 1.296561030748819974e-17 4.499477936674473111e-15 9.139925411425561439e-13 1.633316875939413396e-10 2.460294647623568648e-08 5.603797787523529199e-06 2.838536511218456900e-03 9.035295620771273128e-01
2.022804020100502420e+00 9.859461634700075603e-25 8.070511129296672474e-21 8.275114377810522366e-18 2.906271649153792741e-15 5.998564268617076841e-13 1.095441391248904645e-10 1.697089099836376914e-08 4.034510445017413052e-06 2.207424580129260100e-03 8.682712166580365265e-01
2.035361809045226344e+00 6.229604149171179948e-25 5.114267685985936608e-21 5.285691966201477516e-18 1.877977061092668926e-15 3.936842380839569657e-13 7.343259812577305690e-11 1.169393032093542479e-08 2.899480827511380845e-06 1.711606721996064562e-03 8.340319437069065867e-01
2.047919597989949825e+00 3.942096769135861631e-25 3.244708989883402517e-21 3.378966334861638500e-18 1.214045967649041278e-15 2.583800928655134104e-13 4.920255141035841588e-11 8.049634289719670484e-09 2.080155278467422622e-06 1.323365340770096561e-03 8.008009674517732046e-01
2.060477386934673305e+00 2.498353410984430607e-25 2.061017141603642595e-21 2.161857690757052778e-18 7.852015285789494559e-16 1.695876434141528223e-13 3.295359329391069359e-11 5.535699904901474634e-09 1.489848099966961804e-06 1.020336784343036426e-03 7.685608188050759848e-01
2.073035175879397229e+00 1.585770231706141996e-25 1.310703494106272771e-21 1.384325796716178110e-18 5.080872731712847734e-16 1.113183810764736344e-13 2.206232707037740382e-11 3.803383519815832080e-09 1.065327312412147559e-06 7.845581090201145290e-04 7.372884690650205464e-01
2.085592964824120710e+00 1.008059903957353263e-25 8.345407315167075482e-22 8.872049397021412149e-19 3.289397271110738010e-16 7.307857104639134590e-14 1.476555388304103651e-11 2.610891709986512649e-09 7.605759517529932070e-07 6.016635057184681898e-04 7.069563641690879141e-01
2.098150753768844190e+00 6.417884137557718674e-26 5.320027296679000979e-22 5.691021056898864758e-19 2.130710648543792200e-16 4.798176927758812209e-14 9.879025072890557916e-12 1.790804756483398756e-09 5.421802839054138685e-07 4.602119008684024746e-04 6.775333847121424169e-01
2.110708542713567670e+00 4.092196570254552092e-26 3.395519534694093484e-22 3.653784540782156215e-19 1.380930205310823770e-16 3.150922160826445174e-14 6.607846472014375130e-12 1.227346736390956043e-09 3.859305221197651150e-07 3.511282165009712067e-04 6.489857525773993219e-01
2.123266331658291595e+00 2.613242373905191342e-26 2.169837783493391032e-22 2.347944394037742048e-19 8.955023368306285020e-17 2.069598339314088290e-14 4.418780872748367500e-12 8.405518465489015975e-10 2.743222382388593763e-07 2.672421009779936537e-04 6.212778997284963411e-01
2.135824120603015075e+00 1.671324866272440568e-26 1.388287402041373878e-22 1.510185120784293960e-19 5.810557149729673160e-17 1.359667850966430987e-14 2.954312141118204102e-12 5.752518661392767766e-10 1.947247409751022392e-07 2.029094667479695434e-04 5.943733088427525235e-01
2.148381909547738555e+00 1.070531154259653391e-26 8.893338346773060370e-23 9.722438346634618855e-20 3.772531693922809723e-17 8.934885374197800607e-15 1.974858555677238114e-12 3.934282202740979140e-10 1.380418532966292530e-07 1.537037751256098450e-04 5.682353294119752984e-01
2.160939698492462480e+00 6.867428777805412212e-27 5.704080204293907905e-23 6.265095901067011444e-20 2.450867256723786126e-17 5.873070372885237197e-15 1.319943126003129880e-12 2.689082534337656533e-10 9.773515517791508946e-08 1.161656035359435627e-04 5.428279670834178505e-01
2.173497487437185960e+00 4.412091348718929129e-27 3.663057142694567909e-23 4.041033149188032365e-20 1.593257124004486816e-17 3.861640206404038437e-15 8.821197669693136433e-13 1.836921878684843935e-10 6.911329915530761113e-08 8.760055773460340308e-05 5.181166387295110809e-01
2.186055276381909440e+00 2.838894575362117944e-27 2.355270252794963617e-23 2.608997668008758361e-20 1.036425919394036230e-17 2.539912621239583496e-15 5.894759904205617222e-13 1.254127039049535291e-10 4.881611535336586546e-08 6.591701131448892293e-05 4.940688813543076541e-01
2.198613065326633365e+00 1.829394360037504654e-27 1.516276293640913029e-23 1.686070622764052758e-20 6.746582484935965364e-18 1.671151271211311812e-15 3.938978943793589490e-13 8.558006479885694171e-11 3.444095131014821888e-08 4.949644495958795549e-05 4.706549997428381427e-01
2.211170854271356845e+00 1.180639963994608621e-27 9.773675039659220033e-24 1.090693230506466252e-20 4.394699300974034061e-18 1.099947870626595417e-15 2.632040336564194936e-13 5.837131356793923885e-11 2.427261287243186257e-08 3.709030844127561186e-05 4.478486359351446233e-01
2.223728643216080325e+00 7.630945995202318865e-28 6.307839824308871722e-24 7.062493269475829036e-21 2.864709482107870309e-18 7.242638638713794178e-16 1.758752695935776597e-13 3.979580029843793716e-11 1.708858542576033513e-08 2.773833827442547033e-05 4.256272432658629867e-01
2.236286432160804249e+00 4.939564213276330396e-28 4.076127357700450262e-24 4.577682195204836612e-21 1.868719750529684959e-18 4.770881447989044325e-16 1.175254778547484666e-13 2.712068758446495220e-11 1.201883055133797593e-08 2.070413844598422700e-05 4.039724488587073115e-01
2.248844221105527730e+00 3.202187547897170283e-28 2.637303660809022775e-24 2.970084392007039106e-21 1.219904321290450082e-18 3.144024715823972312e-16 7.853904326618748191e-14 1.847584039660832683e-11 8.445060119888808222e-09 1.542457986600824767e-05 3.828702910074266441e-01
2.261402010050251210e+00 2.078984289121880618e-28 1.708514538996067153e-24 1.928993263424621574e-21 7.969497999848917206e-19 2.072845514315339354e-16 5.248999144127954554e-14 1.258235009366257155e-11 5.928505702969823356e-09 1.147020763687575843e-05 3.623113216214199350e-01
2.273959798994975134e+00 1.351762304555598135e-28 1.108215154192283288e-24 1.254106543994895975e-21 5.210328834362322045e-19 1.367254746011915975e-16 3.508450627737243380e-14 8.566176617902232793e-12 4.158214064893440183e-09 8.514376404265378511e-06 3.422905685965115241e-01
2.286517587939698615e+00 8.802224337397602289e-29 7.197421662860691304e-25 8.161741126823042565e-22 3.409050371684014503e-19 9.022794214040512929e-17 2.345376387829317440e-14 5.830331704990454174e-12 2.914099059057123753e-09 6.309275611930999781e-06 3.228073582625022864e-01
2.299075376884422095e+00 5.740183034850619795e-29 4.680343605001122955e-25 5.317145500839725654e-22 2.232239308501081708e-19 5.957294936808134339e-17 1.568115580011300527e-14 3.967285155209514208e-12 2.040581913605318427e-09 4.667370646797578100e-06 3.038650035990283493e-01
2.311633165829146019e+00 3.748853070017024160e-29 3.047381419514068044e-25 3.467561292867649542e-22 1.462823249482454372e-19 3.935325502012226435e-17 1.048628510567149609e-14 2.698982558489327701e-12 1.427815298932067114e-09 3.447084007961649744e-06 2.854703693339172843e-01
2.324190954773869500e+00 2.451932846324071813e-29 1.986664016757052645e-25 2.263716251444098145e-22 9.593812899416153490e-20 2.601013160610558738e-17 7.013789981273479388e-15 1.835800592597205124e-12 9.983296388438257253e-10 2.541783081616594557e-06 2.676333299978795877e-01
2.336748743718592980e+00 1.606032175408627893e-29 1.296793153423988035e-25 1.479361413375217137e-22 6.297138475579448247e-20 1.720051113504339690e-17 4.692243110110517175e-15 1.248480126068102236e-12 6.975496732400127067e-10 1.871337018211138218e-06 2.503661412046274681e-01
2.349306532663316460e+00 1.053497279129147953e-29 8.475507286167411871e-26 9.677944068674086567e-23 4.136680525454821913e-20 1.138107842197490720e-17 3.139885223875518124e-15 8.489460174618408373e-13 4.870690257981225370e-10 1.375662587532789162e-06 2.336827476181972396e-01
2.361864321608040385e+00 6.920604587419747468e-30 5.546376424191642258e-26 6.337972886420273064e-23 2.719702520115869755e-20 7.534854278697181484e-18 2.101653698170817601e-15 5.772077234996258580e-13 3.398871124781801765e-10 1.009804612358829048e-06 2.175980530976233951e-01
2.374422110552763865e+00 4.552856687813650242e-30 3.634138458846731012e-26 4.155065558093731220e-23 1.789597129665208418e-20 4.991390803954634424e-18 1.407119512490779167e-15 3.924178968252899547e-13 2.370401833536803016e-10 7.401964954781360318e-07 2.021271792945628087e-01
2.386979899497487345e+00 2.999515327907769366e-30 2.384195352889763768e-26 2.726887813458044802e-23 1.178574892740160095e-20 3.308485590559775444e-18 9.423914389002735185e-16 2.667723357255188310e-13 1.652213974454333973e-10 5.418253664084420933e-07 1.872847385261194875e-01
2.399537688442211270e+00 1.978987918673422121e-30 1.566138280197346560e-26 1.791513447447233744e-23 7.768381708811987435e-21 2.194337109628868968e-18 6.313497551298385559e-16 1.813503918381541007e-13 1.151015766841244178e-10 3.960885648478605256e-07 1.730841451338241965e-01
2.412095477386934750e+00 1.307548776016407474e-30 1.030067889469255849e-26 1.178250636332472836e-23 5.124820377369622087e-21 1.456294277095773784e-18 4.231112887635103780e-16 1.232798367804281816e-13 8.014569997501003529e-11 2.891769123523579448e-07 1.595369869164980636e-01
2.424653266331658230e+00 8.651532771459710270e-31 6.783417750568981213e-27 7.757492784660616279e-24 3.383798996787662794e-21 9.671007101978121954e-19 2.836563148308140185e-16 8.380526322355041912e-14 5.577969651224355534e-11 2.108582529133336659e-07 1.466524747859472289e-01
2.437211055276382154e+00 5.732529318696157355e-31 4.472781298037394433e-27 5.112959174575856464e-24 2.236203017099367334e-21 6.426520584374211879e-19 1.902350996614945649e-16 5.697256913336526062e-14 3.880446714541123465e-11 1.535642997797507484e-07 1.344369847695218445e-01
2.449768844221105635e+00 3.803778408342282975e-31 2.952925481538741780e-27 3.373584282698501557e-24 1.479113355680566824e-21 4.273330032634561768e-19 1.276309700379148127e-16 3.873333470709010369e-14 2.698418756689390279e-11 1.117067098862741562e-07 1.228937021171085803e-01
2.462326633165829115e+00 2.527536424800009458e-31 1.951966238402503160e-27 2.228332720309932071e-24 9.792146353968623642e-22 2.843464474730374543e-19 8.566341240656198712e-17 2.633525929995943009e-14 1.875733394111895179e-11 8.116596039310594023e-08 1.120223728051240042e-01
2.474884422110553039e+00 1.681862496322080488e-31 1.291922023299116315e-27 1.473460763957648949e-24 6.488481198006519842e-22 1.893321425695659713e-19 5.751948533595806322e-17 1.790740812919225137e-14 1.303403313229514830e-11 5.891017230198594461e-08 1.018191633926801426e-01
2.487442211055276520e+00 1.120706593047942975e-31 8.561376872957910351e-28 9.753666678426663817e-25 4.303276935079436563e-22 1.261537671315035595e-19 3.863858049483335986e-17 1.217808043031117722e-14 9.054073201276659007e-12 4.271142327210811366e-08 9.227662617255567856e-02
2.500000000000000000e+00 7.478237305517661800e-32 5.680588171148492598e-28 6.463513668147884657e-25 2.856596322516332839e-22 8.411615685551179301e-20 2.596688836422565859e-17 8.282934499020732382e-15 6.287498564124528596e-12 3.093503218089527022e-08 8.338376303158168135e-02
