1.000000000000000021e-03 5.682441463820489132e-09 4.041409984822502082e-25 0.000000000000000000e+00 0.000000000000000000e+00 0.000000000000000000e+00 0.000000000000000000e+00 0.000000000000000000e+00 0.000000000000000000e+00 0.000000000000000000e+00 0.000000000000000000e+00
1.437458193979933296e-02 1.460817967662053774e-06 2.349099151433280480e-21 0.000000000000000000e+00 0.000000000000000000e+00 0.000000000000000000e+00 0.000000000000000000e+00 0.000000000000000000e+00 0.000000000000000000e+00 0.000000000000000000e+00 0.000000000000000000e+00
2.774916387959866504e-02 6.223052368742856136e-06 1.406577197315190304e-19 0.000000000000000000e+00 0.000000000000000000e+00 0.000000000000000000e+00 0.000000000000000000e+00 0.000000000000000000e+00 0.000000000000000000e+00 0.000000000000000000e+00 0.000000000000000000e+00
4.112374581939799711e-02 1.522847449401119437e-05 4.138967646622435421e-18 0.000000000000000000e+00 0.000000000000000000e+00 0.000000000000000000e+00 0.000000000000000000e+00 0.000000000000000000e+00 0.000000000000000000e+00 0.000000000000000000e+00 0.000000000000000000e+00
5.449832775919732919e-02 2.916995267610237504e-05 9.563923698157629293e-17 0.000000000000000000e+00 0.000000000000000000e+00 0.000000000000000000e+00 0.000000000000000000e+00 0.000000000000000000e+00 0.000000000000000000e+00 0.000000000000000000e+00 0.000000000000000000e+00
6.787290969899666127e-02 4.812722416237628502e-05 1.470686803425318286e-15 0.000000000000000000e+00 0.000000000000000000e+00 0.000000000000000000e+00 0.000000000000000000e+00 0.000000000000000000e+00 0.000000000000000000e+00 0.000000000000000000e+00 0.000000000000000000e+00
8.124749163879599334e-02 7.208017459167006115e-05 1.753834957860469200e-14 0.000000000000000000e+00 0.000000000000000000e+00 0.000000000000000000e+00 0.000000000000000000e+00 0.000000000000000000e+00 0.000000000000000000e+00 0.000000000000000000e+00 0.000000000000000000e+00
9.462207357859532542e-02 1.009365790439041040e-04 1.833509128923229626e-13 0.000000000000000000e+00 0.000000000000000000e+00 0.000000000000000000e+00 0.000000000000000000e+00 0.000000000000000000e+00 0.000000000000000000e+00 0.000000000000000000e+00 0.000000000000000000e+00
1.079966555183946575e-01 1.343196828942835332e-04 1.502716725899322445e-12 3.047752591351433442e-20 0.000000000000000000e+00 0.000000000000000000e+00 0.000000000000000000e+00 0.000000000000000000e+00 0.000000000000000000e+00 0.000000000000000000e+00 0.000000000000000000e+00
1.213712374581939896e-01 1.719749474981452136e-04 1.039785469125393186e-11 5.605635519613700841e-19 0.000000000000000000e+00 0.000000000000000000e+00 0.000000000000000000e+00 0.000000000000000000e+00 0.000000000000000000e+00 0.000000000000000000e+00 0.000000000000000000e+00
1.347458193979933216e-01 2.136707612915422902e-04 6.425472765647861250e-11 9.236062456447528991e-18 0.000000000000000000e+00 0.000000000000000000e+00 0.000000000000000000e+00 0.000000000000000000e+00 0.000000000000000000e+00 0.000000000000000000e+00 0.000000000000000000e+00
1.481204013377926398e-01 2.590380022980357942e-04 3.338362329883562931e-10 1.172476432186260428e-16 0.000000000000000000e+00 0.000000000000000000e+00 0.000000000000000000e+00 0.000000000000000000e+00 0.000000000000000000e+00 0.000000000000000000e+00 0.000000000000000000e+00
1.614949832775919858e-01 3.078283028451139574e-04 1.526895999140439338e-09 1.271326345189829673e-15 0.000000000000000000e+00 0.000000000000000000e+00 0.000000000000000000e+00 0.000000000000000000e+00 0.000000000000000000e+00 0.000000000000000000e+00 0.000000000000000000e+00
1.748695652173913317e-01 3.598103464227323640e-04 6.316169078300041015e-09 1.233446504983604664e-14 0.000000000000000000e+00 0.000000000000000000e+00 0.000000000000000000e+00 0.000000000000000000e+00 0.000000000000000000e+00 0.000000000000000000e+00 0.000000000000000000e+00
1.882441471571906499e-01 4.146866504759751603e-04 2.291996281286482324e-08 9.822020215583279340e-14 3.478785969462398566e-20 0.000000000000000000e+00 0.000000000000000000e+00 0.000000000000000000e+00 0.000000000000000000e+00 0.000000000000000000e+00 0.000000000000000000e+00
2.016187290969899681e-01 4.722454465096226676e-04 7.520485539008243631e-08 6.899811882463777624e-13 5.214789371858990803e-19 0.000000000000000000e+00 0.000000000000000000e+00 0.000000000000000000e+00 0.000000000000000000e+00 0.000000000000000000e+00 0.000000000000000000e+00
2.149933110367893141e-01 5.322525626295768111e-04 2.259933764316172766e-07 4.360182490921909605e-12 6.938196053409370967e-18 0.000000000000000000e+00 0.000000000000000000e+00 0.000000000000000000e+00 0.000000000000000000e+00 0.000000000000000000e+00 0.000000000000000000e+00
2.283678929765886600e-01 5.943837226353419507e-04 6.134606753278839149e-07 2.362657955815849675e-11 7.457546841999466955e-17 0.000000000000000000e+00 0.000000000000000000e+00 0.000000000000000000e+00 0.000000000000000000e+00 0.000000000000000000e+00 0.000000000000000000e+00
2.417424749163879782e-01 6.582449512994022027e-04 1.534922794800768861e-06 1.155412358946709036e-10 7.152463469366494832e-16 0.000000000000000000e+00 0.000000000000000000e+00 0.000000000000000000e+00 0.000000000000000000e+00 0.000000000000000000e+00 0.000000000000000000e+00
2.551170568561872964e-01 7.232115480767595120e-04 3.561525248631685213e-06 5.129056234948653536e-10 6.115787379737984194e-15 0.000000000000000000e+00 0.000000000000000000e+00 0.000000000000000000e+00 0.000000000000000000e+00 0.000000000000000000e+00 0.000000000000000000e+00
2.684916387959866424e-01 7.883495616301186429e-04 7.627825924704930957e-06 2.015651690018542954e-09 4.417005705710716053e-14 1.077877416593802109e-19 0.000000000000000000e+00 0.000000000000000000e+00 0.000000000000000000e+00 0.000000000000000000e+00 0.000000000000000000e+00
2.818662207357859883e-01 8.522582447366296686e-04 1.528260946415732074e-05 7.270989928321832343e-09 2.899327306413347356e-13 1.316498607955530953e-18 0.000000000000000000e+00 0.000000000000000000e+00 0.000000000000000000e+00 0.000000000000000000e+00 0.000000000000000000e+00
2.952408026755852788e-01 9.129885659421855789e-04 2.873726868859020244e-05 2.406440268063536166e-08 1.711574477929944921e-12 1.415635569769128132e-17 0.000000000000000000e+00 0.000000000000000000e+00 0.000000000000000000e+00 0.000000000000000000e+00 0.000000000000000000e+00
3.086153846153846247e-01 9.681729693524089965e-04 5.071241421708428933e-05 7.222088037581228952e-08 8.823786348250112158e-12 1.273128424429216713e-16 0.000000000000000000e+00 0.000000000000000000e+00 0.000000000000000000e+00 0.000000000000000000e+00 0.000000000000000000e+00
3.219899665551839707e-01 1.014788721275581987e-03 8.472591828406278924e-05 2.015927951067836386e-07 4.192396544476749024e-11 1.053652924690971766e-15 0.000000000000000000e+00 0.000000000000000000e+00 0.000000000000000000e+00 0.000000000000000000e+00 0.000000000000000000e+00
3.353645484949833167e-01 1.049738133529716727e-03 1.343254314120209876e-04 5.220059627153288170e-07 1.810612302132786646e-10 7.755886980037636993e-15 1.593998233458854502e-20 0.000000000000000000e+00 0.000000000000000000e+00 0.000000000000000000e+00 0.000000000000000000e+00
3.487391304347826626e-01 1.070307673886358550e-03 2.024843024892527567e-04 1.248628678674356228e-06 7.005461782834319676e-10 4.939090498130505623e-14 2.499720793135979198e-19 0.000000000000000000e+00 0.000000000000000000e+00 0.000000000000000000e+00 0.000000000000000000e+00
3.621137123745819530e-01 1.073865212333787508e-03 2.918478965534899495e-04 2.807630882220577145e-06 2.525523836178559082e-09 2.924815529690507765e-13 2.578917622405155557e-18 0.000000000000000000e+00 0.000000000000000000e+00 0.000000000000000000e+00 0.000000000000000000e+00
3.754882943143812990e-01 1.059167251475531119e-03 4.030481374904759076e-04 5.918879745576764950e-06 8.369032663463729333e-09 1.558696723132436143e-12 2.332507505454005023e-17 0.000000000000000000e+00 0.000000000000000000e+00 0.000000000000000000e+00 0.000000000000000000e+00
3.888628762541806450e-01 1.026309657643903949e-03 5.346630303727414315e-04 1.169588316658487311e-05 2.534489800429105589e-08 7.377586801404290188e-12 1.809977015853729256e-16 0.000000000000000000e+00 0.000000000000000000e+00 0.000000000000000000e+00 0.000000000000000000e+00
4.022374581939799354e-01 9.761545435605467440e-04 6.836066126695418497e-04 2.191926766976958689e-05 7.215600414177465650e-08 3.274106555201566892e-11 1.322689471117507950e-15 0.000000000000000000e+00 0.000000000000000000e+00 0.000000000000000000e+00 0.000000000000000000e+00
4.156120401337792813e-01 9.113376309947442133e-04 8.440867733324642231e-04 3.889094935337279231e-05 1.908938694551054721e-07 1.323497885533607149e-10 8.590334144544106380e-15 0.000000000000000000e+00 0.000000000000000000e+00 0.000000000000000000e+00 0.000000000000000000e+00
4.289866220735786273e-01 8.352702604155112483e-04 1.008798403786009823e-03 6.543560329065747439e-05 4.688595570879433136e-07 4.850986911418797871e-10 4.916453531885038316e-14 1.633998960377659364e-19 0.000000000000000000e+00 0.000000000000000000e+00 0.000000000000000000e+00
4.423612040133779733e-01 7.516465664867272300e-04 1.169125935874950261e-03 1.052062609260852988e-04 1.090679494233599975e-06 1.678449882209644895e-09 2.663769269540501282e-13 1.529562971410434612e-18 0.000000000000000000e+00 0.000000000000000000e+00 0.000000000000000000e+00
4.557357859531773192e-01 6.645360305976865702e-04 1.316257319738842538e-03 1.615303948162738652e-04 2.381747722883698990e-06 5.351846593369637468e-09 1.300160182100392651e-12 1.249698889084610059e-17 0.000000000000000000e+00 0.000000000000000000e+00 0.000000000000000000e+00
4.691103678929766096e-01 5.775403113916699124e-04 1.442107098855904346e-03 2.373792887389191049e-04 4.889936167205309759e-06 1.573057679142847769e-08 5.712673390610370021e-12 8.911139255017098971e-17 0.000000000000000000e+00 0.000000000000000000e+00 0.000000000000000000e+00
4.824849498327759556e-01 4.938531535232068862e-04 1.538892233716699677e-03 3.354740493501161638e-04 9.569595528853081304e-06 4.389939310675854152e-08 2.386550088152970129e-11 6.099565268675514664e-16 0.000000000000000000e+00 0.000000000000000000e+00 0.000000000000000000e+00
4.958595317725753016e-01 4.157552533970378019e-04 1.602115078956111490e-03 4.561101510226800611e-04 1.774220684671523271e-05 1.141315680924677815e-07 9.098236928973716993e-11 3.702206292638756826e-15 0.000000000000000000e+00 0.000000000000000000e+00 0.000000000000000000e+00
5.092341137123745920e-01 3.447721463586406188e-04 1.629316935396545605e-03 5.979318647491644245e-04 3.124296069696950317e-05 2.771919992714960902e-07 3.176362776356633213e-10 2.005077532123581652e-14 0.000000000000000000e+00 0.000000000000000000e+00 0.000000000000000000e+00
5.226086956521739380e-01 2.820316098801962284e-04 1.619334177321019681e-03 7.578434788264765305e-04 5.273542119947404399e-05 6.424177154849859466e-07 1.058354230149169817e-09 1.043851734555268860e-13 2.779578073378216572e-19 0.000000000000000000e+00 0.000000000000000000e+00
5.359832775919732839e-01 2.275846874791729495e-04 1.575275604441052444e-03 9.297203280799994562e-04 8.501154248524420197e-05 1.400770413665740505e-06 3.256602930056826199e-09 4.890613145902434921e-13 2.158578989417899403e-18 0.000000000000000000e+00 0.000000000000000000e+00
5.493578595317726299e-01 1.812103937952035668e-04 1.501363834633075676e-03 1.106111583373309629e-03 1.312395518090831359e-04 2.884353272821951217e-06 9.305347112544069326e-09 2.081615965613909967e-12 1.480450928360934856e-17 0.000000000000000000e+00 0.000000000000000000e+00
5.627324414715719758e-01 1.426270478203517248e-04 1.402592095985449221e-03 1.277972777680018955e-03 1.951556481576724152e-04 5.693126434317182214e-06 2.546316533787297970e-08 8.527986326715498470e-12 9.918045708631217852e-17 0.000000000000000000e+00 0.000000000000000000e+00
5.761070234113713218e-01 1.108671306357845868e-04 1.286095919388681626e-03 1.436249906731373264e-03 2.790828567820366436e-04 1.066522843996243219e-05 6.504546108687511614e-08 3.187047217434569453e-11 5.866163873354284438e-16 0.000000000000000000e+00 0.000000000000000000e+00
5.894816053511705567e-01 8.511743288728341095e-05 1.158381960534122720e-03 1.572403674166246478e-03 3.847826498794303975e-04 1.904033808604155113e-05 1.561608970040492822e-07 1.099455262476878555e-10 3.130318247828880718e-15 0.000000000000000000e+00 0.000000000000000000e+00
6.028561872909699026e-01 6.468013746777782674e-05 1.025684447203354223e-03 1.678125671560644046e-03 5.131558641637148184e-04 3.270184714099061386e-05 3.597552540721715243e-07 3.646406638951665567e-10 1.621000830210503392e-14 0.000000000000000000e+00 0.000000000000000000e+00
6.162307692307692486e-01 4.856164969796642432e-05 8.936127271610723585e-04 1.749012040116314660e-03 6.620291769598866992e-04 5.372928010961813800e-05 7.816526182955020901e-07 1.118157555789117442e-09 7.547379381099165749e-14 0.000000000000000000e+00 0.000000000000000000e+00
6.296053511705685946e-01 3.602916810306124615e-05 7.665824190183026130e-04 1.782119163438245120e-03 8.278880099205108501e-04 8.475908386406648149e-05 1.612400918107381921e-06 3.209166722150586318e-09 3.231479132780731734e-13 2.775258952595372622e-21 0.000000000000000000e+00
6.429799331103679405e-01 2.647560768136095340e-05 6.482274928893650909e-04 1.776204954044054672e-03 1.005250118962869787e-03 1.290607922830307815e-04 3.196816823972177166e-06 8.837590941619051295e-09 1.331731235455625064e-12 3.510248749999938753e-19 0.000000000000000000e+00
6.563545150501672865e-01 1.922604682627551828e-05 5.404959081291280977e-04 1.734458205603496605e-03 1.186518460578285484e-03 1.892719361479886344e-04 6.032968540516021260e-06 2.278754334123342190e-08 5.022596023865739240e-12 2.315767653421968786e-18 0.000000000000000000e+00
6.697290969899666324e-01 1.380269008922087225e-05 4.446665278854751067e-04 1.660787292354710693e-03 1.363341856796539435e-03 2.680903052467621282e-04 1.089533394448256059e-05 5.557999460638353178e-08 1.767135169435339735e-11 1.397392076215258205e-17 0.000000000000000000e+00
6.831036789297659784e-01 9.820295984497916949e-06 3.614140967142397045e-04 1.560355249801878650e-03 1.526482558851687812e-03 3.678290699907224917e-04 1.896351570054709645e-05 1.301414990396521640e-07 5.963054586412847289e-11 8.128891587752260560e-17 0.000000000000000000e+00
6.964782608695653243e-01 6.906239831442739260e-06 2.901227335735077906e-04 1.440263346398081663e-03 1.667959959770322570e-03 4.887409037235574544e-04 3.165328752339000826e-05 2.882370575974170067e-07 1.867540373974855380e-10 4.246929954822475407e-16 0.000000000000000000e+00
7.098528428093645593e-01 4.804795659191214049e-06 2.301681300098122108e-04 1.307031353595328963e-03 1.780486399564039802e-03 6.301855443454609709e-04 5.088079477105859070e-05 6.088918366113636431e-07 5.516587167570627286e-10 2.061326787614975389e-15 0.000000000000000000e+00
7.232274247491639052e-01 3.315109752581960383e-06 1.806949315690429224e-04 1.167082023303397248e-03 1.858097983446424951e-03 7.898335484213567063e-04 7.907926202347570412e-05 1.237285881991926957e-06 1.561897516397118960e-09 9.584017718642687009e-15 0.000000000000000000e+00
7.366020066889632512e-01 2.261840262526686179e-06 1.402591591845385162e-04 1.026242044866208314e-03 1.898550798218669698e-03 9.629666306674819921e-04 1.185924580050755892e-04 2.397970131229267596e-06 4.151125940138210324e-09 4.070437296885735022e-14 0.000000000000000000e+00
7.499765886287625971e-01 1.528123571700279709e-06 1.077268569615639311e-04 8.892824310928157698e-04 1.900800019214175622e-03 1.143711061886283804e-03 1.721453666177037104e-04 4.462094937953039726e-06 1.049513200120832698e-08 1.625116788904170603e-13 0.000000000000000000e+00
7.633511705685619431e-01 1.024694306839393771e-06 8.196517155194195554e-05 7.600675384812035414e-04 1.866031232623454337e-03 1.324683777767603904e-03 2.424194456707857959e-04 8.009214761529268519e-06 2.546334575492842610e-08 6.199484218737716455e-13 0.000000000000000000e+00
7.767257525083612890e-01 6.798778988587270003e-07 6.170458713250604279e-05 6.409898079146990205e-04 1.798561559307609511e-03 1.497996201437053155e-03 3.310646852851477470e-04 1.380577554942183358e-05 5.853383378255741103e-08 2.190039674362358091e-12 0.000000000000000000e+00
7.901003344481606350e-01 4.472255903190999220e-07 4.600583760185167169e-05 5.337865820369990704e-04 1.703082461289575841e-03 1.655511147075813035e-03 4.394441301417050731e-04 2.297069979496057775e-05 1.288686140792301286e-07 7.338902751252376219e-12 0.000000000000000000e+00
8.034749163879598699e-01 2.922294636465390586e-07 3.400500044860430595e-05 4.393037051579035232e-04 1.585535500669735167e-03 1.789533058357036053e-03 5.677294811955867389e-04 3.698468070203215233e-05 2.728972849593931478e-07 2.349704802552914760e-11 0.000000000000000000e+00
8.168494983277592159e-01 1.890721379951601446e-07 2.488037637070043641e-05 3.572896569358368388e-04 1.452674941354110266e-03 1.894424506964141912e-03 7.142509139989554464e-04 5.751221703878891959e-05 5.517650383021748449e-07 7.044703292502745069e-11 1.215663358587838209e-19
8.302240802675585618e-01 1.214483337949103582e-07 1.804441975934704780e-05 2.874215362500425787e-04 1.310647345562867020e-03 1.965317249049612809e-03 8.763793780006095928e-04 8.670616479815962212e-05 1.074328879921345552e-06 2.017717755742773412e-10 6.996833612743363502e-19
8.435986622073579078e-01 7.755267246290335448e-08 1.298107242405006222e-05 2.288505284253571071e-04 1.165347154895369055e-03 1.999620919723434694e-03 1.049762089515075131e-03 1.269069698111771464e-04 2.017939225799272224e-06 5.529938273805978332e-10 3.808543413268301571e-18
8.569732441471572537e-01 4.907165377233627760e-08 9.247790142748278037e-06 1.802766599677063999e-04 1.021767552814032429e-03 1.997633382001354121e-03 1.228692836996588553e-03 1.802473714528395402e-04 3.642304900107524306e-06 1.432330792282894578e-09 1.891046581494607457e-17
8.703478260869565997e-01 3.087228063169897742e-08 6.536236666403908520e-06 1.406560196652341930e-04 8.840607654421057384e-04 1.960450061999117945e-03 1.406608400022441767e-03 2.491107588156363890e-04 6.359762309728321324e-06 3.564071690618031261e-09 8.972656084514437681e-17
8.837224080267559456e-01 1.932146495443372108e-08 4.584790172132859715e-06 1.087375608905832863e-04 7.553215839318500177e-04 1.891509701457794830e-03 1.576325186852580015e-03 3.352916309192997542e-04 1.074720095704188935e-05 8.507208897546277996e-09 4.025956433715322166e-16
8.970969899665552916e-01 1.199110917984740672e-08 3.186090422272681147e-06 8.323563212045629179e-05 6.374343226928757666e-04 1.795878879922107501e-03 1.731019136348565992e-03 4.396571284769940535e-04 1.754717870697653068e-05 1.933849062429773077e-08 1.669122772950763096e-15
9.104715719063546375e-01 7.410443761152453364e-09 2.198885352955756871e-06 6.317697732360490442e-05 5.318220328180217832e-04 1.678675188005465928e-03 1.863807824763026848e-03 5.627031452932053195e-04 2.782134071916927522e-05 4.242348924287211523e-08 6.651148361826591957e-15
9.238461538461538725e-01 4.558208731724971066e-09 1.506805963515955559e-06 4.754876601041063954e-05 4.388540009882174525e-04 1.545972010545004381e-03 1.969253190468968091e-03 7.034155187423951627e-04 4.283208346660565588e-05 8.954429416065014026e-08 2.510374285531626127e-14
9.372207357859532184e-01 2.782248357196055955e-09 1.023453583700984453e-06 3.545567388904194558e-05 3.581863923020030325e-04 1.403719760507015973e-03 2.043701362971199736e-03 8.594705905130919660e-04 6.400644138164414843e-05 1.811626532007624564e-07 8.848849305279324460e-14
9.505953177257525644e-01 1.693658136831300521e-09 6.911654321534853487e-07 2.624159274711703675e-05 2.894725678450364367e-04 1.257309942641667705e-03 2.084069998983161410e-03 1.027671366172194529e-03 9.318908186659574232e-05 3.550404653665452237e-07 3.011341005968553862e-13
9.639698996655519103e-01 1.026569048434635561e-09 4.636595742071168145e-07 1.926910039805370257e-05 2.316702934065377364e-04 1.111623653304575320e-03 2.090005513320309684e-03 1.203319890835983759e-03 1.321652155477661653e-04 6.716719898298360548e-07 9.732806268341090526e-13
9.773444816053512563e-01 6.178517041668314654e-10 3.084599753603638272e-07 1.402509176460230900e-05 1.835769461377488414e-04 9.705637102461382943e-04 2.062889849083154956e-03 1.380959527878397207e-03 1.826591015091688826e-04 1.224668043534078323e-06 2.964169767306645308e-12
9.907190635451506022e-01 3.714166069216680717e-10 2.042869740724822436e-07 1.014231193251438357e-05 1.442312125192095958e-04 8.374401358311349191e-04 2.004593351972977066e-03 1.554373491967775715e-03 2.466557556868253739e-04 2.169913692062198773e-06 8.745958298169174910e-12
1.004093645484949837e+00 2.223696759502431707e-10 1.344479553807028057e-07 7.279725037216328007e-06 1.123218220293682647e-04 7.143590585956123258e-04 1.919311458455236164e-03 1.717275455478606749e-03 3.254268936741346106e-04 3.723832367999930041e-06 2.459024958954292924e-11
1.017468227424749072e+00 1.322760864059144678e-10 8.779786174789937603e-08 5.181479929950436824e-06 8.667536834056455781e-05 6.025916390346240225e-04 1.811815279850779526e-03 1.863759183495874300e-03 4.197963110213369440e-04 6.188172097480022253e-06 6.564160186913525754e-11
1.030842809364548529e+00 7.870531456644805047e-11 5.715079104139387437e-08 3.667963076978531177e-06 6.639451223534424413e-05 5.031451358583033211e-04 1.686853551573312075e-03 1.987755069555747350e-03 5.304276368679021469e-04 1.002085926026043476e-05 1.702331024873094022e-10
1.044217391304347764e+00 4.664559083931636245e-11 3.698000884848118186e-08 2.578026852578375404e-06 5.044496264402974976e-05 4.158600646151014565e-04 1.550009122090653321e-03 2.085112418267701367e-03 6.566055343292622522e-04 1.576893900605564599e-05 4.222283353800782992e-10
1.057591973244147221e+00 2.748161856032166041e-11 2.375528898892846819e-08 1.797611398401680179e-06 3.800093558958379466e-05 3.402757770432395033e-04 1.406354087475332817e-03 2.152774715732508944e-03 7.969438017937998005e-04 2.412639338015967340e-05 1.000675938039391707e-09
1.070966555183946456e+00 1.621831056178743894e-11 1.523147033985112196e-08 1.247980575168483645e-06 2.844753695816221314e-05 2.759959956826328218e-04 1.260569901409385081e-03 2.188015042287160938e-03 9.494757277775572662e-04 3.606061560922293752e-05 2.309288252340833716e-09
1.084341137123745691e+00 9.533399562772799056e-12 9.710144649621762944e-09 8.604555756695216877e-07 2.113225489013166930e-05 2.218129418075722749e-04 1.116750403534118351e-03 2.191125981504585003e-03 1.110878865971669629e-03 5.254175631515575057e-05 5.116086817114689137e-09
1.097715719063545148e+00 5.573470446106888116e-12 6.148684752943307736e-09 5.888198849052875362e-07 1.557230938783589979e-05 1.766410844421591349e-04 9.781689969435188037e-04 2.163225713513539442e-03 1.277353441028314732e-03 7.469853762365344992e-05 1.088981397453408068e-08
1.111090301003344383e+00 3.268329046769372534e-12 3.891427335411140912e-09 4.016397513062394535e-07 1.141527604148154121e-05 1.396185447845251534e-04 8.477135639252844461e-04 2.105786525817514646e-03 1.444399875882211451e-03 1.039823228839074313e-04 2.261393809320706872e-08
1.124464882943143840e+00 1.908776810899037614e-12 2.449024371064201063e-09 2.721388152624075147e-07 8.306407016357198703e-06 1.094276861307743562e-04 7.269854671831599757e-04 2.022852041872620719e-03 1.607228927010481223e-03 1.415262009152816448e-04 4.525125655013878195e-08
1.137839464882943075e+00 1.109198948261750381e-12 1.531657402918980858e-09 1.830908502363870631e-07 5.998379168974191077e-06 8.504405198330749105e-05 6.170984515466744610e-04 1.918443206928550828e-03 1.761029758962185309e-03 1.885421922195039705e-04 8.740923677319240788e-08
1.151214046822742532e+00 6.473672933190589442e-13 9.586860753081782504e-10 1.229302207311206775e-07 4.313543929429383742e-06 6.567734489626617068e-05 5.190118558127790370e-04 1.796638676391107328e-03 1.900520525708909291e-03 2.464566330107139281e-04 1.649999356273598072e-07
1.164588628762541767e+00 3.762132179605024117e-13 5.967107485881279413e-10 8.199990565613007034e-08 3.079839647906720890e-06 5.032113083197151267e-05 4.323840579050368437e-04 1.662613360907685533e-03 2.021802058814692760e-03 3.158717027319349921e-04 3.012164958403524358e-07
1.177963210702341001e+00 2.177462379130692341e-13 3.694162727627430576e-10 5.435155367180490784e-08 2.183652170835335719e-06 3.825844900595826712e-05 3.569015713321453480e-04 1.520877166140441154e-03 2.121191210542802078e-03 3.973721148281155521e-04 5.332592100047093889e-07
1.191337792642140458e+00 1.265946389802884212e-13 2.289876832794153708e-10 3.597365334579292258e-08 1.542749204588528489e-06 2.892802562167559976e-05 2.922404104199361895e-04 1.375744917400013303e-03 2.195082072638083158e-03 4.914309596571875402e-04 9.230363795887656460e-07
1.204712374581939693e+00 7.330641781025343745e-14 1.412023948841449353e-10 2.366398391835639759e-08 1.082583038733261287e-06 2.171154533367271230e-05 2.372273971133699220e-04 1.231111595482793078e-03 2.242304217801641825e-03 5.974379674809410972e-04 1.551223957617566901e-06
1.218086956521739150e+00 4.231949882833650070e-14 8.668589094786939726e-11 1.548083352901954033e-08 7.548948091270470868e-07 1.618089007698242900e-05 1.909706273164565079e-04 1.090216796888133577e-03 2.261872068369471384e-03 7.146529375598575234e-04 2.537838844023310725e-06
1.231461538461538385e+00 2.453725743451062653e-14 5.329506792882115582e-11 1.011697603272035285e-08 5.247870489567935559e-07 1.200078973383720426e-05 1.526551108579069958e-04 9.559235605818565580e-04 2.253308655514905685e-03 8.419412805317199461e-04 4.062946708180285158e-06
1.244836120401337842e+00 1.417476416628618174e-14 3.260872201624886773e-11 6.573836404905088189e-09 3.624957674652657423e-07 8.838751412451548511e-06 1.210580629755094969e-04 8.300064375722147848e-04 2.218474409478701607e-03 9.772813792867267920e-04 6.337379874688907282e-06
1.258210702341137077e+00 8.171571201558237889e-15 1.988233147330914852e-11 4.251682801023404819e-09 2.489987330773034323e-07 6.468490917616256246e-06 9.528115903781985807e-05 7.138988450721290560e-04 2.159174390254488263e-03 1.118492915006336769e-03 9.653812008444076660e-06
1.271585284280936534e+00 4.730249498796879036e-15 1.214156823819176424e-11 2.747812835968731233e-09 1.705864670520034187e-07 4.713495157682938911e-06 7.452774595157367679e-05 6.086616879527278036e-04 2.077750070803054561e-03 1.262966651950418046e-03 1.440793712242860325e-05
1.284959866220735769e+00 2.728941588699100757e-15 7.381579154251123557e-12 1.766430112188152190e-09 1.161661550177144393e-07 3.412159807314885045e-06 5.786564164957539390e-05 5.143258490708078499e-04 1.977934113493393705e-03 1.407802403037140869e-03 2.101444153002918157e-05
1.298334448160535004e+00 1.572608741931336165e-15 4.476275804219233417e-12 1.131245323000517471e-09 7.872617446649623120e-08 2.456069721579381802e-06 4.462532761484540230e-05 4.309260715193897898e-04 1.863131780737496863e-03 1.549980647651195975e-03 3.001422474423530120e-05
1.311709030100334461e+00 9.097179214437626766e-16 2.718681780414287776e-12 7.240944812502082533e-10 5.323049282893379757e-08 1.761052730843739273e-06 3.422385817123845187e-05 3.582408588316940336e-04 1.736974945290434974e-03 1.686293286590200306e-03 4.206060894516647485e-05
1.325083612040133696e+00 5.246125739557213054e-16 1.644414352483306609e-12 4.611868098450698398e-10 3.578889310488490623e-08 1.254901265159497446e-06 2.606650763432138268e-05 2.953888574002545256e-04 1.603363683159277639e-03 1.813937059423173688e-03 5.775635683374458711e-05
1.338458193979933153e+00 3.024757270945958183e-16 9.930183684031122488e-13 2.928798227121222078e-10 2.396527708775211254e-08 8.897616124271729219e-07 1.973351727282667622e-05 2.417073204012521283e-04 1.465756444496783915e-03 1.930019421073277640e-03 7.784465099374374304e-05
1.351832775919732388e+00 1.750038255559578683e-16 6.005383080228587005e-13 1.859239367615377434e-10 1.601524848583917045e-08 6.286600971131821309e-07 1.486439644869161613e-05 1.964055280576738145e-04 1.327438514186411777e-03 2.031846345747857774e-03 1.031046001396435276e-04
1.365207357859531845e+00 1.009608225533597892e-16 3.617981632854611876e-13 1.174824491586363904e-10 1.064592397463711753e-08 4.415845656269796674e-07 1.112451500112257039e-05 1.583951916652056018e-04 1.191210031080487414e-03 2.117607566957811945e-03 1.341331250179504306e-04
1.378581939799331080e+00 5.828653876556158891e-17 2.178097602373050624e-13 7.408342303067242207e-11 7.053904243733218387e-09 3.088518477006054014e-07 8.281024009183974872e-06 1.268692877014057977e-04 1.059519733463958708e-03 2.185387349822216774e-03 1.716285283820089946e-04
1.391956521739130537e+00 3.375312741356140830e-17 1.312977990184011130e-13 4.670052739921033175e-11 4.665252259937629683e-09 2.153232936034598941e-07 6.136156374977139900e-06 1.009810519089740006e-04 9.343690203022704966e-04 2.233829810203368481e-03 2.161573135871731530e-04
1.405331103678929772e+00 1.949396376435384958e-17 7.886754419815535573e-14 2.931240629868328658e-11 3.070176112724591160e-09 1.492899617030125436e-07 4.519213417323256294e-06 7.981523584987373671e-05 8.170475598996437914e-04 2.262580923794488968e-03 2.679698184171934536e-04
1.418705685618729007e+00 1.127645173077441214e-17 4.738135940047661454e-14 1.837671809728934306e-11 2.015593188913075585e-09 1.031404618319751769e-07 3.312818723442807346e-06 6.270292347905097102e-05 7.087016188348717501e-04 2.271138818786618604e-03 3.273391552662180187e-04
1.432080267558528464e+00 6.540098314896485976e-18 2.849643141290016390e-14 1.151659486649234955e-11 1.320968311427941789e-09 7.104422887139565694e-08 2.418196088666237773e-06 4.897847164920804267e-05 6.099519937857993818e-04 2.259760953764327479e-03 3.942289459011173551e-04
1.445454849498327698e+00 3.783722939549180228e-18 1.708211263635525093e-14 7.188447934588208882e-12 8.617078521831974903e-10 4.868147433647533803e-08 1.755039227707028803e-06 3.800932777414806199e-05 5.208535236394375243e-04 2.229504613721212947e-03 4.682463512625751950e-04
1.458829431438127155e+00 2.194331639690809607e-18 1.025023353852101781e-14 4.485433263722408628e-12 5.612235329641417131e-10 3.326484989936408725e-08 1.268679027095399488e-06 2.933910862143966416e-05 4.415215215148785401e-04 2.181244661156428368e-03 5.489469082800178465e-04
1.472204013377926390e+00 1.275326965861016821e-18 6.155757629548691193e-15 2.797507902346614726e-12 3.649069338247847260e-10 2.266611955993604405e-08 9.134651874391997626e-07 2.252774635679619352e-05 3.716147781422827426e-04 2.116582918756135506e-03 6.355163436042436144e-04
1.485578595317725847e+00 7.395009859798499490e-19 3.685485412328903461e-15 1.738235257248403931e-12 2.362289500393652114e-10 1.536857928689941793e-08 6.541383513588014692e-07 1.719230918260630637e-05 3.105008112977962627e-04 2.037544138702406405e-03 7.268869445667987391e-04
1.498953177257525082e+00 4.301806999595683511e-19 2.210602526002709271e-15 1.080609684467195597e-12 1.528087822841367680e-10 1.039945562507923339e-08 4.668982090541106816e-07 1.305957451587583319e-05 2.577321815500025620e-04 1.945962373402667592e-03 8.219040048460733413e-04
1.512327759197324317e+00 2.506612600579289592e-19 1.326615509687547055e-15 6.713660302840268483e-13 9.867941247768356747e-11 7.017763425287296191e-09 3.319991018599048599e-07 9.871764809648755885e-06 2.125343402339049687e-04 1.844146580817166347e-03 9.191756953612510500e-04
1.525702341137123774e+00 1.457434048524197507e-19 7.938402519513931437e-16 4.156480311462111236e-13 6.346396976219138742e-11 4.713838041624975515e-09 2.348637119759489681e-07 7.419301667044200365e-06 1.740740391638714738e-04 1.734447773221711123e-03 1.017252302589766134e-03
1.539076923076923009e+00 8.507811687531260852e-20 4.762927839047183885e-16 2.576749242949642545e-13 4.081739718906211092e-11 3.162331630864038333e-09 1.657219453731034207e-07 5.554069542127469726e-06 1.417381672290345519e-04 1.619049873412108705e-03 1.114598320391245283e-03
1.552451505016722466e+00 4.972244705481403141e-20 2.858121895558418306e-16 1.596097068799940079e-13 2.620557273032916455e-11 2.115764256999531880e-09 1.165108284641904547e-07 4.138577589840146127e-06 1.147111259142919798e-04 1.500232820217257609e-03 1.209728321635635418e-03
1.565826086956521701e+00 2.900103804348546309e-20 1.710492495901503249e-16 9.854140266483586774e-14 1.675997527139543925e-11 1.409388555004864550e-09 8.151477092558654306e-08 3.067139613027154870e-06 9.224893610046400508e-05 1.380068517174519492e-03 1.301271404140791690e-03
1.579200668896321158e+00 1.699493206945490496e-20 1.027193851526728811e-16 6.096862594145628377e-14 1.072800956615507908e-11 9.384008993381422518e-10 5.692536516083046266e-08 2.265666697909853537e-06 7.380231354101008615e-05 1.260516839838869176e-03 1.387779706963528092e-03
1.592575250836120393e+00 9.965719441881337013e-21 6.167150909576791479e-17 3.768135080295045327e-14 6.853929892847702459e-12 6.231105817432429511e-10 3.961256198013925925e-08 1.666245158935356613e-06 5.871094165932476026e-05 1.143260388838511412e-03 1.468173408507705878e-03
1.605949832775919628e+00 5.832833909195383807e-21 3.693372761430335423e-17 2.321704288577532973e-14 4.363068988308399138e-12 4.120539028028499012e-10 2.743825651925556488e-08 1.219134525029515381e-06 4.642768660444766230e-05 1.029709207753479096e-03 1.541544727979595169e-03
1.619324414715719085e+00 0.000000000000000000e+00 2.221151107621635878e-17 1.434676988718599691e-14 2.781975505145900742e-12 2.725671347635370603e-10 1.898441436331119756e-08 8.897022645065101248e-07 3.654998013366146637e-05 9.212387926330942558e-04 1.606901804486104675e-03
1.632698996655518320e+00 0.000000000000000000e+00 1.334932954670995233e-17 8.853389551559319422e-15 1.770164261969058128e-12 1.797967384374848977e-10 1.308904793947210029e-08 6.465158866974176007e-07 2.862052907691219164e-05 8.186880981522898226e-04 1.663845087906147590e-03
1.646073578595317777e+00 0.000000000000000000e+00 8.004115701567303913e-18 5.447608231192219397e-15 1.122531092023510977e-12 1.181418486538326359e-10 8.985076227315001214e-09 4.675202375534972326e-07 2.228592088712116087e-05 7.227125363709328322e-04 1.712079697865722706e-03
1.659448160535117012e+00 0.000000000000000000e+00 4.822771400349104733e-18 3.364320191746920813e-15 7.135553735683167619e-13 7.771231877788598863e-11 6.165553121830589486e-09 3.374455073552778066e-07 1.728744496871679944e-05 6.340138592988284931e-04 1.751203543258216628e-03
1.672822742474916469e+00 0.000000000000000000e+00 2.902850299614319443e-18 2.074243269411956023e-15 4.525460691005174592e-13 5.096998996198334793e-11 4.215837195320112908e-09 2.425406528782708170e-07 1.334195657989122228e-05 5.526543276293574255e-04 1.781478059526188200e-03
1.686197324414715704e+00 0.000000000000000000e+00 1.743353339365761754e-18 1.275370739605403807e-15 2.860932965445372867e-13 3.330790399047540073e-11 2.870772074195958776e-09 1.735243912607737056e-07 1.024255495411059694e-05 4.786720833573595625e-04 1.803136600399439038e-03
1.699571906354515161e+00 0.000000000000000000e+00 1.052872992790079691e-18 7.876370200544196282e-16 1.814365649369973409e-13 2.180588102951345584e-11 1.955554750942398805e-09 1.240000542402555049e-07 7.838570347779806390e-06 4.122146329487370365e-04 1.816282866781307763e-03
1.712946488294314396e+00 0.000000000000000000e+00 6.349278131530757064e-19 4.854435653047640893e-16 1.147729249880563146e-13 1.423213968864577944e-11 1.327316524191614018e-09 8.824187874237056301e-08 5.969431550116715491e-06 3.528212147633849887e-04 1.821617011634689290e-03
1.726321070234113630e+00 0.000000000000000000e+00 3.821457042271194559e-19 2.984666975303572899e-16 7.239334508383057459e-14 9.257882553116449392e-12 8.974639540981905942e-10 6.252523310968944040e-08 4.523488837595180438e-06 3.001586945587252802e-04 1.819684920574977808e-03
1.739695652173913087e+00 0.000000000000000000e+00 2.313738062268594959e-19 1.843941069239125806e-16 4.582857505171844335e-14 6.036323563083925200e-12 6.073699823589459743e-10 4.427545903004012454e-08 3.419042511957283972e-06 2.540186544140862952e-04 1.810912817107024645e-03
1.753070234113712322e+00 0.000000000000000000e+00 1.398413289125969584e-19 1.136652224617794460e-16 2.893389590318705348e-14 3.923452133371346713e-12 4.095598041166221222e-10 3.122391648370989914e-08 2.572030320710743208e-06 2.137199917477645506e-04 1.796151091171372489e-03
1.766444816053511779e+00 0.000000000000000000e+00 8.441139526834566556e-20 6.994145555553319736e-17 1.822611887063078407e-14 2.543120927373501772e-12 2.752684546191902052e-10 2.193572304129593633e-08 1.926123146530251064e-06 1.787911366620087254e-04 1.776039790049314254e-03
1.779819397993311014e+00 0.000000000000000000e+00 5.123267019915405856e-20 4.323053476213524994e-17 1.152045672690831611e-14 1.652150240621612740e-12 1.851860111056766532e-10 1.540329125948764918e-08 1.439178501995405977e-06 1.488503700336780825e-04 1.751142094357131720e-03
1.793193979933110471e+00 0.000000000000000000e+00 3.104380111676204333e-20 2.666450382547381205e-17 7.263508801000434768e-15 1.070151667892379094e-12 1.241577463444985644e-10 1.077418818409640204e-08 1.070518767722111635e-06 1.232383482050165120e-04 1.722228308157963250e-03
1.806568561872909706e+00 0.000000000000000000e+00 1.879866130938254302e-20 1.642780350831893148e-17 4.572032725725680805e-15 6.916746578649908633e-13 8.301468483711441409e-11 7.511276461482019475e-09 7.930587076437709840e-07 1.014910149547977299e-04 1.689891737420340942e-03
1.819943143812709163e+00 0.000000000000000000e+00 1.144074059000698455e-20 1.016291925569717994e-17 2.887051370013678449e-15 4.480097502212895784e-13 5.555792746813096283e-11 5.234645470194026996e-09 5.863351653275270790e-07 8.321144478534890578e-05 1.654670455155612648e-03
1.833317725752508398e+00 0.000000000000000000e+00 6.951925402659990925e-21 6.274757971975678220e-18 1.818711129707238451e-15 2.893734112688596554e-13 3.706223001622001711e-11 3.634607241683782213e-09 4.316536309072050723e-07 6.786609627825784450e-05 1.617160482123543861e-03
1.846692307692307633e+00 0.000000000000000000e+00 4.224271889941563367e-21 3.872123817460668232e-18 1.144523775041816747e-15 1.866153913341102548e-13 2.467032544821021961e-11 2.516565390274824622e-09 3.166321367698445450e-07 5.507817208298192120e-05 1.577833338557555745e-03
1.860066889632107090e+00 0.000000000000000000e+00 0.000000000000000000e+00 2.398445738321610608e-18 7.223522262080033992e-16 1.205850484354480411e-13 1.643637296445357429e-11 1.741925834328656862e-09 2.318396463528364742e-07 4.451781714977627808e-05 1.537119572937872261e-03
1.873441471571906325e+00 0.000000000000000000e+00 0.000000000000000000e+00 1.482853203462130735e-18 4.548778939103933612e-16 7.771265337337315474e-14 1.091707978205997001e-11 1.201516295034433814e-09 1.690681422215580386e-07 3.580294798822439246e-05 1.495425717088913736e-03
1.886816053511705782e+00 0.000000000000000000e+00 0.000000000000000000e+00 9.168629701568535302e-19 2.863215662858579192e-16 5.003371469253137358e-14 7.239491968862870580e-12 8.268678014254995621e-10 1.229047200098631076e-07 2.866401229883098575e-05 1.453087620596219421e-03
1.900190635451505017e+00 0.000000000000000000e+00 0.000000000000000000e+00 5.688106232471248976e-19 1.806949195191586214e-16 3.227037466771309358e-14 4.804601944948951907e-12 5.688792563119020351e-10 8.919704556401833411e-08 2.286222421345618388e-05 1.410407947746357762e-03
1.913565217391304474e+00 0.000000000000000000e+00 0.000000000000000000e+00 3.522593818350911303e-19 1.137921515183228804e-16 2.076151736603948069e-14 3.179405226930894560e-12 3.900851877957839264e-10 6.448517095257607745e-08 1.814847107071807075e-05 1.367632598728891037e-03
1.926939799331103709e+00 0.000000000000000000e+00 0.000000000000000000e+00 2.182995995646390665e-19 7.167188007856930940e-17 1.335178424056976447e-14 2.101738590298985203e-12 2.670138013573942994e-10 4.649521788622714046e-08 1.434748468562500072e-05 1.324981117531891369e-03
1.940314381270902944e+00 0.000000000000000000e+00 0.000000000000000000e+00 1.356824540317841261e-19 4.524578598804971015e-17 8.599828727559840414e-15 1.390282689591666074e-12 1.827151071302323395e-10 3.347140100213367056e-08 1.130293680009707792e-05 1.282642215330968404e-03
1.953688963210702401e+00 0.000000000000000000e+00 0.000000000000000000e+00 8.419113543119202319e-20 2.850562243770942835e-17 5.526000231941848388e-15 9.171312683823031485e-13 1.246357032341149156e-10 2.400752650512040540e-08 8.864400944423053388e-06 1.240744092515603256e-03
1.967063545150501636e+00 0.000000000000000000e+00 0.000000000000000000e+00 5.230641784310160755e-20 1.797233261847042644e-17 3.551453992224027489e-15 6.047091410042093639e-13 8.491325774122984576e-11 1.718184431028284723e-08 6.926381529894675687e-06 1.199419638549278086e-03
1.980438127090301093e+00 0.000000000000000000e+00 0.000000000000000000e+00 3.257943870791793354e-20 1.135334343606987161e-17 2.285391308717479808e-15 3.989171698886964192e-13 5.782922980977539131e-11 1.227814815696346207e-08 5.394367432725475240e-06 1.158769230534743670e-03
1.993812709030100327e+00 0.000000000000000000e+00 0.000000000000000000e+00 2.026007888529539622e-20 7.158314949873209925e-18 1.467364239486478244e-15 2.624720529355603070e-13 3.926574714850454101e-11 8.743376937975782821e-09 4.183240396921619734e-06 1.118842709331616982e-03
2.007187290969899784e+00 0.000000000000000000e+00 0.000000000000000000e+00 1.262198812410597865e-20 4.519236507159204389e-18 9.428327262944013131e-16 1.727072861426496287e-13 2.664257898692754818e-11 6.215658342794479636e-09 3.233495623177117071e-06 1.079713191066316788e-03
2.020561872909699019e+00 0.000000000000000000e+00 0.000000000000000000e+00 7.880096516738142552e-21 2.857664156390287471e-18 6.064146776344024458e-16 1.136779674277625093e-13 1.806902998295128514e-11 4.412068398191719025e-09 2.491651494096639068e-06 1.041417337503650889e-03
2.033936454849498254e+00 0.000000000000000000e+00 0.000000000000000000e+00 4.912224332167476017e-21 1.803707393730094669e-18 3.892029110894437927e-16 7.463833022618148768e-14 1.221942733152560103e-11 3.121412742375206615e-09 1.912183502546573167e-06 1.003955923504096714e-03
2.047311036789297489e+00 0.000000000000000000e+00 0.000000000000000000e+00 3.069373172954325098e-21 1.140585710173737961e-18 2.501166384463870836e-16 4.903577144987789161e-14 8.262161730667753298e-12 2.205651648123100139e-09 1.463357353272450294e-06 9.673620622692622687e-04
2.060685618729097168e+00 0.000000000000000000e+00 0.000000000000000000e+00 0.000000000000000000e+00 7.221431690951672050e-19 1.608491110510736879e-16 3.221869410739067905e-14 5.583112606439418016e-12 1.556182217622174680e-09 1.116573031038173375e-06 9.316282144930692396e-04
2.074060200668896403e+00 0.000000000000000000e+00 0.000000000000000000e+00 0.000000000000000000e+00 4.564206695652656606e-19 1.032311337323357735e-16 2.111906160411310909e-14 3.762488980396085129e-12 1.094470575726810334e-09 8.486606484251875624e-07 8.967259931711908140e-04
2.087434782608695638e+00 0.000000000000000000e+00 0.000000000000000000e+00 0.000000000000000000e+00 2.891663036763917287e-19 6.637412738177778256e-17 1.385932400510616472e-14 2.536477571549703171e-12 7.692037984267947703e-10 6.435078904240587787e-07 8.626622932794588122e-04
2.100809364548494873e+00 0.000000000000000000e+00 0.000000000000000000e+00 0.000000000000000000e+00 1.833587999637996907e-19 4.269344078987971922e-17 9.093884571409200743e-15 1.708669640348211678e-12 5.397499712976996528e-10 4.865558650774137484e-07 8.294007989118227587e-04
2.114183946488294552e+00 0.000000000000000000e+00 0.000000000000000000e+00 0.000000000000000000e+00 1.160746346108783970e-19 2.740820980633666615e-17 5.953558414689688094e-15 1.148037607600301723e-12 3.775949059763193312e-10 3.665211424426114972e-07 7.968981519121375858e-04
2.127558528428093787e+00 0.000000000000000000e+00 0.000000000000000000e+00 0.000000000000000000e+00 7.369538041634904187e-20 1.763709710993006887e-17 3.904238529234688152e-15 7.720399051708471234e-13 2.641017975481208621e-10 2.755720858929829145e-07 7.651461155467626646e-04
2.140933110367893022e+00 0.000000000000000000e+00 0.000000000000000000e+00 0.000000000000000000e+00 4.681128801340885768e-20 1.135029174271604761e-17 2.559315836117958196e-15 5.186987332952222154e-13 1.844137055254779606e-10 2.066128388498921797e-07 7.340934701614172924e-04
2.154307692307692257e+00 0.000000000000000000e+00 0.000000000000000000e+00 0.000000000000000000e+00 2.968756615812650116e-20 7.290918410402074780e-18 1.674078302628514601e-15 3.476263137592758497e-13 1.283972318762107626e-10 1.543614976966159013e-07 7.036938952276327198e-04
2.167682274247491492e+00 0.000000000000000000e+00 0.000000000000000000e+00 0.000000000000000000e+00 1.889236685363893301e-20 4.696883480620709331e-18 1.097458441428076646e-15 2.333041020319475354e-13 8.942282354281553215e-11 1.151568865846484513e-07 6.739351417059380716e-04
2.181056856187291171e+00 0.000000000000000000e+00 0.000000000000000000e+00 0.000000000000000000e+00 1.202374363334194355e-20 3.025003512066036527e-18 7.189671703520036815e-16 1.563992939877165733e-13 6.216819455422864754e-11 8.567189770035300422e-08 6.447646815076478769e-04
2.194431438127090406e+00 0.000000000000000000e+00 0.000000000000000000e+00 0.000000000000000000e+00 7.640758167321951140e-21 1.944789218204627351e-18 4.700409692370438715e-16 1.045964228565422720e-13 4.310061653129766021e-11 6.352048862965716054e-08 6.161444950470955492e-04
2.207806020066889641e+00 0.000000000000000000e+00 0.000000000000000000e+00 0.000000000000000000e+00 4.874551805251873223e-21 1.254559613561443227e-18 3.081388205700877662e-16 7.008664261135140511e-14 2.990524345183859216e-11 4.705003755148003357e-08 5.880699406806791677e-04
2.221180602006688876e+00 0.000000000000000000e+00 0.000000000000000000e+00 0.000000000000000000e+00 3.108908787731470134e-21 8.088174114917596266e-19 2.018091098311687603e-16 4.689848333092365611e-14 2.070989345184747588e-11 3.475370722942231876e-08 5.604992629171792404e-04
2.234555183946488555e+00 0.000000000000000000e+00 0.000000000000000000e+00 0.000000000000000000e+00 1.979940651167001757e-21 5.205625129272528365e-19 1.319104368058319392e-16 3.131095701670370607e-14 1.430391923101949980e-11 2.558776209832100782e-08 5.334121729409090247e-04
2.247929765886287790e+00 0.000000000000000000e+00 0.000000000000000000e+00 0.000000000000000000e+00 0.000000000000000000e+00 3.363422058088126258e-19 8.650090231954795516e-17 2.095517846611650889e-14 9.892328498707359908e-12 1.882943683399316230e-08 5.068217589032521621e-04
2.261304347826087024e+00 0.000000000000000000e+00 0.000000000000000000e+00 0.000000000000000000e+00 0.000000000000000000e+00 2.171100194785581081e-19 5.665209209844741430e-17 1.400188878027661037e-14 6.827130689900107970e-12 1.381725294430046185e-08 4.807045499524688023e-04
2.274678929765886259e+00 0.000000000000000000e+00 0.000000000000000000e+00 0.000000000000000000e+00 0.000000000000000000e+00 1.399174345893137232e-19 3.703317388692794564e-17 9.335492499775900500e-15 4.699727321793182202e-12 1.010776482351568078e-08 4.550630895445835163e-04
2.288053511705685494e+00 0.000000000000000000e+00 0.000000000000000000e+00 0.000000000000000000e+00 0.000000000000000000e+00 9.056448468010932801e-20 2.429870949755315605e-17 6.242564211370017343e-15 3.241080469922586101e-12 7.393786262719796583e-09 4.299337006516890840e-04
2.301428093645485173e+00 0.000000000000000000e+00 0.000000000000000000e+00 0.000000000000000000e+00 0.000000000000000000e+00 5.854396767962112512e-20 1.591826266261874223e-17 4.166562425573767686e-15 2.230097227320497661e-12 5.392997120341191613e-09 4.053113801264214924e-04
2.314802675585284408e+00 0.000000000000000000e+00 0.000000000000000000e+00 0.000000000000000000e+00 0.000000000000000000e+00 3.779683273440189773e-20 1.041216090536364796e-17 2.775853021718447675e-15 1.531058345459946504e-12 3.922520266532937374e-09 3.812216226249597289e-04
2.328177257525083643e+00 0.000000000000000000e+00 0.000000000000000000e+00 0.000000000000000000e+00 0.000000000000000000e+00 2.450585377604011296e-20 6.835536131167558606e-18 1.854746424571795914e-15 1.053098020896022047e-12 2.853312425839618401e-09 3.577188202493125700e-04
2.341551839464882878e+00 0.000000000000000000e+00 0.000000000000000000e+00 0.000000000000000000e+00 0.000000000000000000e+00 1.586708937801514005e-20 4.480307589782371360e-18 1.236958353791882586e-15 7.227190736614491488e-13 2.069728125568269636e-09 3.348128126423723723e-04
2.354926421404682113e+00 0.000000000000000000e+00 0.000000000000000000e+00 0.000000000000000000e+00 0.000000000000000000e+00 1.026541875478537742e-20 2.933421428128494570e-18 8.237975404050740049e-16 4.950872228603707011e-13 1.497618057760127546e-09 3.125442929646723728e-04
2.368301003344481792e+00 0.000000000000000000e+00 0.000000000000000000e+00 0.000000000000000000e+00 0.000000000000000000e+00 6.667137859618929157e-21 1.927062750810094302e-18 5.501166839921835113e-16 3.397386221820390899e-13 1.083786125724208665e-09 2.909754204987692800e-04
2.381675585284281027e+00 0.000000000000000000e+00 0.000000000000000000e+00 0.000000000000000000e+00 0.000000000000000000e+00 4.324534161612139002e-21 1.264008019372848152e-18 3.666958642166300871e-16 2.326337945977510840e-13 7.821982337917451824e-10 2.701208999666858054e-04
2.395050167224080262e+00 0.000000000000000000e+00 0.000000000000000000e+00 0.000000000000000000e+00 0.000000000000000000e+00 2.804078054408525022e-21 8.285735820139444261e-19 2.441979656488131721e-16 1.590708037108158902e-13 5.633380102866604412e-10 2.500252598249416377e-04
2.408424749163879497e+00 0.000000000000000000e+00 0.000000000000000000e+00 0.000000000000000000e+00 0.000000000000000000e+00 1.824587751981254436e-21 5.447926447389270865e-19 1.630195602036442846e-16 1.089410491037082817e-13 4.057599549598986034e-10 2.307456802363121574e-04
2.421799331103679176e+00 0.000000000000000000e+00 0.000000000000000000e+00 0.000000000000000000e+00 0.000000000000000000e+00 1.185765723174517674e-21 3.576769207157229242e-19 1.086391332658744078e-16 7.445531157209858679e-14 2.915062297736426635e-10 2.122901062132863642e-04
2.435173913043478411e+00 0.000000000000000000e+00 0.000000000000000000e+00 0.000000000000000000e+00 0.000000000000000000e+00 0.000000000000000000e+00 2.347852204672210938e-19 7.236124687841191339e-17 5.083562829417298345e-14 2.090563323540720266e-10 1.946958102648267696e-04
2.448548494983277646e+00 0.000000000000000000e+00 0.000000000000000000e+00 0.000000000000000000e+00 0.000000000000000000e+00 0.000000000000000000e+00 1.545362357223639122e-19 4.830303717754260213e-17 3.475745914135792773e-14 1.499368196020679393e-10 1.780030707053352056e-04
2.461923076923076881e+00 0.000000000000000000e+00 0.000000000000000000e+00 0.000000000000000000e+00 0.000000000000000000e+00 0.000000000000000000e+00 1.015721078027943945e-19 3.219004318966338183e-17 2.371738465481245029e-14 1.072696131657297824e-10 1.622048764984352677e-04
2.475297658862876116e+00 0.000000000000000000e+00 0.000000000000000000e+00 0.000000000000000000e+00 0.000000000000000000e+00 0.000000000000000000e+00 6.677722347766036732e-20 2.145004603818382426e-17 1.617455617658878773e-14 7.663762357014364402e-11 1.473232735451517116e-04
2.488672240802675795e+00 0.000000000000000000e+00 0.000000000000000000e+00 0.000000000000000000e+00 0.000000000000000000e+00 0.000000000000000000e+00 4.400684954803599459e-20 1.432074747593153823e-17 1.104387809183044785e-14 5.475297316256548470e-11 1.333743604564580987e-04
2.502046822742475030e+00 0.000000000000000000e+00 0.000000000000000000e+00 0.000000000000000000e+00 0.000000000000000000e+00 0.000000000000000000e+00 2.896143149905301890e-20 9.545741043961882419e-18 7.526331868608919352e-15 3.902465402500355311e-11 1.203333080833798402e-04
2.515421404682274265e+00 0.000000000000000000e+00 0.000000000000000000e+00 0.000000000000000000e+00 0.000000000000000000e+00 0.000000000000000000e+00 1.907285250130248673e-20 6.364983194286065054e-18 5.128256761695852965e-15 2.778619982554657694e-11 1.082038212209051963e-04
2.528795986622073499e+00 0.000000000000000000e+00 0.000000000000000000e+00 0.000000000000000000e+00 0.000000000000000000e+00 0.000000000000000000e+00 1.258652152975666711e-20 4.251025795930196785e-18 3.497755614400115323e-15 1.978247589639090718e-11 9.697673842002423809e-05
2.542170568561873178e+00 0.000000000000000000e+00 0.000000000000000000e+00 0.000000000000000000e+00 0.000000000000000000e+00 0.000000000000000000e+00 8.295169325513039565e-21 2.834801234099872796e-18 2.381294468735802349e-15 1.405197941312784557e-11 8.661166792792610405e-05
2.555545150501672413e+00 0.000000000000000000e+00 0.000000000000000000e+00 0.000000000000000000e+00 0.000000000000000000e+00 0.000000000000000000e+00 5.472970907547255099e-21 1.891806436869385107e-18 1.621579554387087119e-15 9.975077998240738297e-12 7.709553455756004779e-05
2.568919732441471648e+00 0.000000000000000000e+00 0.000000000000000000e+00 0.000000000000000000e+00 0.000000000000000000e+00 0.000000000000000000e+00 3.617184164557846026e-21 1.264195945174485646e-18 1.105097242040587381e-15 7.079596404717303785e-12 6.839823062037492035e-05
2.582294314381270883e+00 0.000000000000000000e+00 0.000000000000000000e+00 0.000000000000000000e+00 0.000000000000000000e+00 0.000000000000000000e+00 2.387633680660604749e-21 8.435457097831785697e-19 7.517891563760053328e-16 5.013527282024036873e-12 6.046940915293635098e-05
2.595668896321070118e+00 0.000000000000000000e+00 0.000000000000000000e+00 0.000000000000000000e+00 0.000000000000000000e+00 0.000000000000000000e+00 1.578417193218445787e-21 5.635167813129565013e-19 5.117628071542833300e-16 3.549476823897886163e-12 5.328390336782439082e-05
2.609043478260869797e+00 0.000000000000000000e+00 0.000000000000000000e+00 0.000000000000000000e+00 0.000000000000000000e+00 0.000000000000000000e+00 1.044912508206820145e-21 3.768432702764585571e-19 3.485596607915169998e-16 2.512132121823122117e-12 4.679810194719741674e-05
2.622418060200669032e+00 0.000000000000000000e+00 0.000000000000000000e+00 0.000000000000000000e+00 0.000000000000000000e+00 0.000000000000000000e+00 6.908860118053888513e-22 2.516481424392949493e-19 2.369989137382817708e-16 1.774182826365749745e-12 4.095837902013808629e-05
2.635792642140468267e+00 0.000000000000000000e+00 0.000000000000000000e+00 0.000000000000000000e+00 0.000000000000000000e+00 0.000000000000000000e+00 3.732438191740057746e-22 1.683086834744598911e-19 1.613120001820478342e-16 1.253155746841909496e-12 3.573329362273042328e-05
2.649167224080267502e+00 0.000000000000000000e+00 0.000000000000000000e+00 0.000000000000000000e+00 0.000000000000000000e+00 0.000000000000000000e+00 0.000000000000000000e+00 1.126535783262474684e-19 1.098289923317977326e-16 8.847186341459687233e-13 3.107376463291779931e-05
2.662541806020067181e+00 0.000000000000000000e+00 0.000000000000000000e+00 0.000000000000000000e+00 0.000000000000000000e+00 0.000000000000000000e+00 0.000000000000000000e+00 7.529801667918187919e-20 7.465413865511687969e-17 6.233271481876982711e-13 2.692873748925107849e-05
2.675916387959866416e+00 0.000000000000000000e+00 0.000000000000000000e+00 0.000000000000000000e+00 0.000000000000000000e+00 0.000000000000000000e+00 0.000000000000000000e+00 5.042833180446461626e-20 5.081758184866495420e-17 4.393823411678141337e-13 2.326577787027819829e-05
2.689290969899665651e+00 0.000000000000000000e+00 0.000000000000000000e+00 0.000000000000000000e+00 0.000000000000000000e+00 0.000000000000000000e+00 0.000000000000000000e+00 3.378779172182052784e-20 3.459350889646034866e-17 3.095224136436508647e-13 2.003704517443529313e-05
2.702665551839464886e+00 0.000000000000000000e+00 0.000000000000000000e+00 0.000000000000000000e+00 0.000000000000000000e+00 0.000000000000000000e+00 0.000000000000000000e+00 2.260813458115055748e-20 2.351180141306224965e-17 2.176122609162065225e-13 1.719802918596410795e-05
2.716040133779264121e+00 0.000000000000000000e+00 0.000000000000000000e+00 0.000000000000000000e+00 0.000000000000000000e+00 0.000000000000000000e+00 0.000000000000000000e+00 1.516322521503327790e-20 1.600922981970096240e-17 1.531281627339629162e-13 1.471909917545313584e-05
2.729414715719063800e+00 0.000000000000000000e+00 0.000000000000000000e+00 0.000000000000000000e+00 0.000000000000000000e+00 0.000000000000000000e+00 0.000000000000000000e+00 1.017138309764559387e-20 1.089840278829674439e-17 1.076646522105506745e-13 1.255810721362152472e-05
2.742789297658863035e+00 0.000000000000000000e+00 0.000000000000000000e+00 0.000000000000000000e+00 0.000000000000000000e+00 0.000000000000000000e+00 0.000000000000000000e+00 6.814068693730650266e-21 7.407787487855325275e-18 7.555481105037086615e-14 1.067897661608607172e-05
2.756163879598662270e+00 0.000000000000000000e+00 0.000000000000000000e+00 0.000000000000000000e+00 0.000000000000000000e+00 0.000000000000000000e+00 0.000000000000000000e+00 4.577422136924220971e-21 5.046324159514005664e-18 5.308793973929548354e-14 9.056963057079311073e-06
2.769538461538461505e+00 0.000000000000000000e+00 0.000000000000000000e+00 0.000000000000000000e+00 0.000000000000000000e+00 0.000000000000000000e+00 0.000000000000000000e+00 3.074424441231427687e-21 3.436010106734514998e-18 3.726438348053160079e-14 7.657748004448894041e-06
2.782913043478261184e+00 0.000000000000000000e+00 0.000000000000000000e+00 0.000000000000000000e+00 0.000000000000000000e+00 0.000000000000000000e+00 0.000000000000000000e+00 2.062347849659489332e-21 2.336082203292759171e-18 2.610900631536104122e-14 6.453859892833072085e-06
2.796287625418060419e+00 0.000000000000000000e+00 0.000000000000000000e+00 0.000000000000000000e+00 0.000000000000000000e+00 0.000000000000000000e+00 0.000000000000000000e+00 1.387747728580298055e-21 1.592384787470521513e-18 1.832293686453980859e-14 5.426068980522614399e-06
2.809662207357859653e+00 0.000000000000000000e+00 0.000000000000000000e+00 0.000000000000000000e+00 0.000000000000000000e+00 0.000000000000000000e+00 0.000000000000000000e+00 9.333706858137127058e-22 1.084634141934854237e-18 1.284331897073437034e-14 4.548193013893881376e-06
2.823036789297658888e+00 0.000000000000000000e+00 0.000000000000000000e+00 0.000000000000000000e+00 0.000000000000000000e+00 0.000000000000000000e+00 0.000000000000000000e+00 6.270022388215620718e-22 7.377220370410039395e-19 8.986355144541116885e-15 3.800425746442568017e-06
2.836411371237458123e+00 0.000000000000000000e+00 0.000000000000000000e+00 0.000000000000000000e+00 0.000000000000000000e+00 0.000000000000000000e+00 0.000000000000000000e+00 4.226623281306760544e-22 5.032584288155319081e-19 6.300293739078932894e-15 3.168698453124290271e-06
2.849785953177257802e+00 0.000000000000000000e+00 0.000000000000000000e+00 0.000000000000000000e+00 0.000000000000000000e+00 0.000000000000000000e+00 0.000000000000000000e+00 2.846949649254533291e-22 3.429618271232804558e-19 4.410870501573766987e-15 2.634118649801779049e-06
2.863160535117057037e+00 0.000000000000000000e+00 0.000000000000000000e+00 0.000000000000000000e+00 0.000000000000000000e+00 0.000000000000000000e+00 0.000000000000000000e+00 1.915460713219298099e-22 2.334065421197480062e-19 3.082856080640483744e-15 2.183106877679280791e-06
2.876535117056856272e+00 0.000000000000000000e+00 0.000000000000000000e+00 0.000000000000000000e+00 0.000000000000000000e+00 0.000000000000000000e+00 0.000000000000000000e+00 0.000000000000000000e+00 1.593637601152408885e-19 2.159634955772458757e-15 1.805825050931488440e-06
2.889909698996655507e+00 0.000000000000000000e+00 0.000000000000000000e+00 0.000000000000000000e+00 0.000000000000000000e+00 0.000000000000000000e+00 0.000000000000000000e+00 0.000000000000000000e+00 1.086731081133065667e-19 1.510483161414101277e-15 1.489358477670006368e-06
2.903284280936454742e+00 0.000000000000000000e+00 0.000000000000000000e+00 0.000000000000000000e+00 0.000000000000000000e+00 0.000000000000000000e+00 0.000000000000000000e+00 0.000000000000000000e+00 7.403244252389827281e-20 1.055018266289256135e-15 1.224854052927641149e-06
2.916658862876254421e+00 0.000000000000000000e+00 0.000000000000000000e+00 0.000000000000000000e+00 0.000000000000000000e+00 0.000000000000000000e+00 0.000000000000000000e+00 0.000000000000000000e+00 5.058401987078464435e-20 7.384507378437429486e-16 1.005496764954222066e-06
2.930033444816053656e+00 0.000000000000000000e+00 0.000000000000000000e+00 0.000000000000000000e+00 0.000000000000000000e+00 0.000000000000000000e+00 0.000000000000000000e+00 0.000000000000000000e+00 3.452050448106654276e-20 5.160760141924342403e-16 8.230790924656190643e-07
2.943408026755852891e+00 0.000000000000000000e+00 0.000000000000000000e+00 0.000000000000000000e+00 0.000000000000000000e+00 0.000000000000000000e+00 0.000000000000000000e+00 0.000000000000000000e+00 2.354299523485922168e-20 3.602944731474290574e-16 6.719633959557485375e-07
2.956782608695652126e+00 0.000000000000000000e+00 0.000000000000000000e+00 0.000000000000000000e+00 0.000000000000000000e+00 0.000000000000000000e+00 0.000000000000000000e+00 0.000000000000000000e+00 1.609969755337121668e-20 2.520192608895448852e-16 5.476517192674232825e-07
2.970157190635451805e+00 0.000000000000000000e+00 0.000000000000000000e+00 0.000000000000000000e+00 0.000000000000000000e+00 0.000000000000000000e+00 0.000000000000000000e+00 0.000000000000000000e+00 1.099668453249472959e-20 1.760197067797657307e-16 4.451114433997894265e-07
2.983531772575251040e+00 0.000000000000000000e+00 0.000000000000000000e+00 0.000000000000000000e+00 0.000000000000000000e+00 0.000000000000000000e+00 0.000000000000000000e+00 0.000000000000000000e+00 7.508930993553406821e-21 1.228524185823097891e-16 3.608798052313854926e-07
2.996906354515050275e+00 0.000000000000000000e+00 0.000000000000000000e+00 0.000000000000000000e+00 0.000000000000000000e+00 0.000000000000000000e+00 0.000000000000000000e+00 0.000000000000000000e+00 5.139781082472679373e-21 8.589127520392279331e-17 2.921108087944988581e-07
3.010280936454849510e+00 0.000000000000000000e+00 0.000000000000000000e+00 0.000000000000000000e+00 0.000000000000000000e+00 0.000000000000000000e+00 0.000000000000000000e+00 0.000000000000000000e+00 3.514096779244839527e-21 5.996328355390530625e-17 2.358185340298363179e-07
3.023655518394648745e+00 0.000000000000000000e+00 0.000000000000000000e+00 0.000000000000000000e+00 0.000000000000000000e+00 0.000000000000000000e+00 0.000000000000000000e+00 0.000000000000000000e+00 2.402728354481432567e-21 4.184651631636651367e-17 1.899452214965501744e-07
3.037030100334448424e+00 0.000000000000000000e+00 0.000000000000000000e+00 0.000000000000000000e+00 0.000000000000000000e+00 0.000000000000000000e+00 0.000000000000000000e+00 0.000000000000000000e+00 1.646355011322528472e-21 2.924713303095566906e-17 1.527562853307805501e-07
3.050404682274247659e+00 0.000000000000000000e+00 0.000000000000000000e+00 0.000000000000000000e+00 0.000000000000000000e+00 0.000000000000000000e+00 0.000000000000000000e+00 0.000000000000000000e+00 1.126830341706324225e-21 2.041252529296197061e-17 1.225331264409444775e-07
3.063779264214046893e+00 0.000000000000000000e+00 0.000000000000000000e+00 0.000000000000000000e+00 0.000000000000000000e+00 0.000000000000000000e+00 0.000000000000000000e+00 0.000000000000000000e+00 7.715479470275544375e-22 1.424589696179723103e-17 9.808949964386498373e-08
3.077153846153846128e+00 0.000000000000000000e+00 0.000000000000000000e+00 0.000000000000000000e+00 0.000000000000000000e+00 0.000000000000000000e+00 0.000000000000000000e+00 0.000000000000000000e+00 5.292637672482806218e-22 9.954902760178480335e-18 7.840312552430982836e-08
3.090528428093645807e+00 0.000000000000000000e+00 0.000000000000000000e+00 0.000000000000000000e+00 0.000000000000000000e+00 0.000000000000000000e+00 0.000000000000000000e+00 0.000000000000000000e+00 3.626689964815969442e-22 6.946899717455317748e-18 6.251221648187529691e-08
3.103903010033445042e+00 0.000000000000000000e+00 0.000000000000000000e+00 0.000000000000000000e+00 0.000000000000000000e+00 0.000000000000000000e+00 0.000000000000000000e+00 0.000000000000000000e+00 2.486928758871334197e-22 4.849153581508784121e-18 4.975181438277673792e-08
3.117277591973244277e+00 0.000000000000000000e+00 0.000000000000000000e+00 0.000000000000000000e+00 0.000000000000000000e+00 0.000000000000000000e+00 0.000000000000000000e+00 0.000000000000000000e+00 1.708038717396963932e-22 3.388413532909711925e-18 3.953747432071929534e-08
3.130652173913043512e+00 0.000000000000000000e+00 0.000000000000000000e+00 0.000000000000000000e+00 0.000000000000000000e+00 0.000000000000000000e+00 0.000000000000000000e+00 0.000000000000000000e+00 1.171852940713652712e-22 2.364558055179923040e-18 3.134476131830626675e-08
3.144026755852842747e+00 0.000000000000000000e+00 0.000000000000000000e+00 0.000000000000000000e+00 0.000000000000000000e+00 0.000000000000000000e+00 0.000000000000000000e+00 0.000000000000000000e+00 8.048337726632241121e-23 1.651067187080034370e-18 2.481044747934353046e-08
3.157401337792642426e+00 0.000000000000000000e+00 0.000000000000000000e+00 0.000000000000000000e+00 0.000000000000000000e+00 0.000000000000000000e+00 0.000000000000000000e+00 0.000000000000000000e+00 2.878238833357516244e-23 1.153809700033144310e-18 1.960952122156885472e-08
3.170775919732441661e+00 0.000000000000000000e+00 0.000000000000000000e+00 0.000000000000000000e+00 0.000000000000000000e+00 0.000000000000000000e+00 0.000000000000000000e+00 0.000000000000000000e+00 0.000000000000000000e+00 8.052710720019514497e-19 1.546283773404034545e-08
3.184150501672240896e+00 0.000000000000000000e+00 0.000000000000000000e+00 0.000000000000000000e+00 0.000000000000000000e+00 0.000000000000000000e+00 0.000000000000000000e+00 0.000000000000000000e+00 0.000000000000000000e+00 5.625360301544427199e-19 1.217668139634161818e-08
3.197525083612040131e+00 0.000000000000000000e+00 0.000000000000000000e+00 0.000000000000000000e+00 0.000000000000000000e+00 0.000000000000000000e+00 0.000000000000000000e+00 0.000000000000000000e+00 0.000000000000000000e+00 3.931972376853785050e-19 9.574830532831328182e-09
3.210899665551839366e+00 0.000000000000000000e+00 0.000000000000000000e+00 0.000000000000000000e+00 0.000000000000000000e+00 0.000000000000000000e+00 0.000000000000000000e+00 0.000000000000000000e+00 0.000000000000000000e+00 2.744880993784866394e-19 7.511993866228850399e-09
3.224274247491639045e+00 0.000000000000000000e+00 0.000000000000000000e+00 0.000000000000000000e+00 0.000000000000000000e+00 0.000000000000000000e+00 0.000000000000000000e+00 0.000000000000000000e+00 0.000000000000000000e+00 1.918557266036811713e-19 5.887127529266929872e-09
3.237648829431438280e+00 0.000000000000000000e+00 0.000000000000000000e+00 0.000000000000000000e+00 0.000000000000000000e+00 0.000000000000000000e+00 0.000000000000000000e+00 0.000000000000000000e+00 0.000000000000000000e+00 1.341446903723016511e-19 4.606879082418821027e-09
3.251023411371237515e+00 0.000000000000000000e+00 0.000000000000000000e+00 0.000000000000000000e+00 0.000000000000000000e+00 0.000000000000000000e+00 0.000000000000000000e+00 0.000000000000000000e+00 0.000000000000000000e+00 9.367825553245472406e-20 3.597184658199883199e-09
3.264397993311036750e+00 0.000000000000000000e+00 0.000000000000000000e+00 0.000000000000000000e+00 0.000000000000000000e+00 0.000000000000000000e+00 0.000000000000000000e+00 0.000000000000000000e+00 0.000000000000000000e+00 6.552072861880845664e-20 2.806413457994384528e-09
3.277772575250836429e+00 0.000000000000000000e+00 0.000000000000000000e+00 0.000000000000000000e+00 0.000000000000000000e+00 0.000000000000000000e+00 0.000000000000000000e+00 0.000000000000000000e+00 0.000000000000000000e+00 4.583111684119535033e-20 2.186159472555578373e-09
3.291147157190635664e+00 0.000000000000000000e+00 0.000000000000000000e+00 0.000000000000000000e+00 0.000000000000000000e+00 0.000000000000000000e+00 0.000000000000000000e+00 0.000000000000000000e+00 0.000000000000000000e+00 3.202002051979225253e-20 1.699392126233795218e-09
3.304521739130434899e+00 0.000000000000000000e+00 0.000000000000000000e+00 0.000000000000000000e+00 0.000000000000000000e+00 0.000000000000000000e+00 0.000000000000000000e+00 0.000000000000000000e+00 0.000000000000000000e+00 2.241260232131873260e-20 1.320229418469589102e-09
3.317896321070234134e+00 0.000000000000000000e+00 0.000000000000000000e+00 0.000000000000000000e+00 0.000000000000000000e+00 0.000000000000000000e+00 0.000000000000000000e+00 0.000000000000000000e+00 0.000000000000000000e+00 1.568548996658359573e-20 1.024062009481500587e-09
3.331270903010033368e+00 0.000000000000000000e+00 0.000000000000000000e+00 0.000000000000000000e+00 0.000000000000000000e+00 0.000000000000000000e+00 0.000000000000000000e+00 0.000000000000000000e+00 0.000000000000000000e+00 1.096466734338056321e-20 7.927061308388343181e-10
3.344645484949833047e+00 0.000000000000000000e+00 0.000000000000000000e+00 0.000000000000000000e+00 0.000000000000000000e+00 0.000000000000000000e+00 0.000000000000000000e+00 0.000000000000000000e+00 0.000000000000000000e+00 7.681315599407908544e-21 6.134160945071475035e-10
3.358020066889632282e+00 0.000000000000000000e+00 0.000000000000000000e+00 0.000000000000000000e+00 0.000000000000000000e+00 0.000000000000000000e+00 0.000000000000000000e+00 0.000000000000000000e+00 0.000000000000000000e+00 5.379023837503203361e-21 4.739067863887711277e-10
3.371394648829431517e+00 0.000000000000000000e+00 0.000000000000000000e+00 0.000000000000000000e+00 0.000000000000000000e+00 0.000000000000000000e+00 0.000000000000000000e+00 0.000000000000000000e+00 0.000000000000000000e+00 3.762481153219949164e-21 3.653977778263638775e-10
3.384769230769230752e+00 0.000000000000000000e+00 0.000000000000000000e+00 0.000000000000000000e+00 0.000000000000000000e+00 0.000000000000000000e+00 0.000000000000000000e+00 0.000000000000000000e+00 0.000000000000000000e+00 2.638271698095437094e-21 2.817153479756106964e-10
3.398143812709030431e+00 0.000000000000000000e+00 0.000000000000000000e+00 0.000000000000000000e+00 0.000000000000000000e+00 0.000000000000000000e+00 0.000000000000000000e+00 0.000000000000000000e+00 0.000000000000000000e+00 1.848776865020457753e-21 2.168293163785229747e-10
3.411518394648829666e+00 0.000000000000000000e+00 0.000000000000000000e+00 0.000000000000000000e+00 0.000000000000000000e+00 0.000000000000000000e+00 0.000000000000000000e+00 0.000000000000000000e+00 0.000000000000000000e+00 1.294086411031764370e-21 1.665656459429707372e-10
3.424892976588628901e+00 0.000000000000000000e+00 0.000000000000000000e+00 0.000000000000000000e+00 0.000000000000000000e+00 0.000000000000000000e+00 0.000000000000000000e+00 0.000000000000000000e+00 0.000000000000000000e+00 9.083351561907724626e-22 1.279795689028622520e-10
3.438267558528428136e+00 0.000000000000000000e+00 0.000000000000000000e+00 0.000000000000000000e+00 0.000000000000000000e+00 0.000000000000000000e+00 0.000000000000000000e+00 0.000000000000000000e+00 0.000000000000000000e+00 6.370016544353265110e-22 9.815703849914738994e-11
3.451642140468227371e+00 0.000000000000000000e+00 0.000000000000000000e+00 0.000000000000000000e+00 0.000000000000000000e+00 0.000000000000000000e+00 0.000000000000000000e+00 0.000000000000000000e+00 0.000000000000000000e+00 4.462994233846479802e-22 7.514904072652684118e-11
3.465016722408027050e+00 0.000000000000000000e+00 0.000000000000000000e+00 0.000000000000000000e+00 0.000000000000000000e+00 0.000000000000000000e+00 0.000000000000000000e+00 0.000000000000000000e+00 0.000000000000000000e+00 3.135518538265996350e-22 5.755128249114576638e-11
3.478391304347826285e+00 0.000000000000000000e+00 0.000000000000000000e+00 0.000000000000000000e+00 0.000000000000000000e+00 0.000000000000000000e+00 0.000000000000000000e+00 0.000000000000000000e+00 0.000000000000000000e+00 2.200711194471642806e-22 4.399543972191421568e-11
3.491765886287625520e+00 0.000000000000000000e+00 0.000000000000000000e+00 0.000000000000000000e+00 0.000000000000000000e+00 0.000000000000000000e+00 0.000000000000000000e+00 0.000000000000000000e+00 0.000000000000000000e+00 1.543600841642169059e-22 3.357937541433808703e-11
3.505140468227424755e+00 0.000000000000000000e+00 0.000000000000000000e+00 0.000000000000000000e+00 0.000000000000000000e+00 0.000000000000000000e+00 0.000000000000000000e+00 0.000000000000000000e+00 0.000000000000000000e+00 1.085414400809396657e-22 2.563585833313665663e-11
3.518515050167224434e+00 0.000000000000000000e+00 0.000000000000000000e+00 0.000000000000000000e+00 0.000000000000000000e+00 0.000000000000000000e+00 0.000000000000000000e+00 0.000000000000000000e+00 0.000000000000000000e+00 7.624930634941759213e-23 1.953736898004758716e-11
3.531889632107023669e+00 0.000000000000000000e+00 0.000000000000000000e+00 0.000000000000000000e+00 0.000000000000000000e+00 0.000000000000000000e+00 0.000000000000000000e+00 0.000000000000000000e+00 0.000000000000000000e+00 5.354514948884165306e-23 1.486927403551812778e-11
3.545264214046822904e+00 0.000000000000000000e+00 0.000000000000000000e+00 0.000000000000000000e+00 0.000000000000000000e+00 0.000000000000000000e+00 0.000000000000000000e+00 0.000000000000000000e+00 0.000000000000000000e+00 3.768633555192940572e-23 1.131876198522612176e-11
3.558638795986622139e+00 0.000000000000000000e+00 0.000000000000000000e+00 0.000000000000000000e+00 0.000000000000000000e+00 0.000000000000000000e+00 0.000000000000000000e+00 0.000000000000000000e+00 0.000000000000000000e+00 2.649939898875938876e-23 8.601452152571073937e-12
3.572013377926421374e+00 0.000000000000000000e+00 0.000000000000000000e+00 0.000000000000000000e+00 0.000000000000000000e+00 0.000000000000000000e+00 0.000000000000000000e+00 0.000000000000000000e+00 0.000000000000000000e+00 1.863186476052442605e-23 6.528977400634082435e-12
3.585387959866221053e+00 0.000000000000000000e+00 0.000000000000000000e+00 0.000000000000000000e+00 0.000000000000000000e+00 0.000000000000000000e+00 0.000000000000000000e+00 0.000000000000000000e+00 0.000000000000000000e+00 0.000000000000000000e+00 4.956487103506683128e-12
3.598762541806020288e+00 0.000000000000000000e+00 0.000000000000000000e+00 0.000000000000000000e+00 0.000000000000000000e+00 0.000000000000000000e+00 0.000000000000000000e+00 0.000000000000000000e+00 0.000000000000000000e+00 0.000000000000000000e+00 3.756523527984099950e-12
3.612137123745819522e+00 0.000000000000000000e+00 0.000000000000000000e+00 0.000000000000000000e+00 0.000000000000000000e+00 0.000000000000000000e+00 0.000000000000000000e+00 0.000000000000000000e+00 0.000000000000000000e+00 0.000000000000000000e+00 2.844432030618733146e-12
3.625511705685618757e+00 0.000000000000000000e+00 0.000000000000000000e+00 0.000000000000000000e+00 0.000000000000000000e+00 0.000000000000000000e+00 0.000000000000000000e+00 0.000000000000000000e+00 0.000000000000000000e+00 0.000000000000000000e+00 2.153899726088582796e-12
3.638886287625418436e+00 0.000000000000000000e+00 0.000000000000000000e+00 0.000000000000000000e+00 0.000000000000000000e+00 0.000000000000000000e+00 0.000000000000000000e+00 0.000000000000000000e+00 0.000000000000000000e+00 0.000000000000000000e+00 1.628385831452614123e-12
3.652260869565217671e+00 0.000000000000000000e+00 0.000000000000000000e+00 0.000000000000000000e+00 0.000000000000000000e+00 0.000000000000000000e+00 0.000000000000000000e+00 0.000000000000000000e+00 0.000000000000000000e+00 0.000000000000000000e+00 1.230225654005312946e-12
3.665635451505016906e+00 0.000000000000000000e+00 0.000000000000000000e+00 0.000000000000000000e+00 0.000000000000000000e+00 0.000000000000000000e+00 0.000000000000000000e+00 0.000000000000000000e+00 0.000000000000000000e+00 0.000000000000000000e+00 9.293796645959395904e-13
3.679010033444816141e+00 0.000000000000000000e+00 0.000000000000000000e+00 0.000000000000000000e+00 0.000000000000000000e+00 0.000000000000000000e+00 0.000000000000000000e+00 0.000000000000000000e+00 0.000000000000000000e+00 0.000000000000000000e+00 7.010049484566379633e-13
3.692384615384615376e+00 0.000000000000000000e+00 0.000000000000000000e+00 0.000000000000000000e+00 0.000000000000000000e+00 0.000000000000000000e+00 0.000000000000000000e+00 0.000000000000000000e+00 0.000000000000000000e+00 0.000000000000000000e+00 5.284991825143294626e-13
3.705759197324415055e+00 0.000000000000000000e+00 0.000000000000000000e+00 0.000000000000000000e+00 0.000000000000000000e+00 0.000000000000000000e+00 0.000000000000000000e+00 0.000000000000000000e+00 0.000000000000000000e+00 0.000000000000000000e+00 3.983865164093699666e-13
3.719133779264214290e+00 0.000000000000000000e+00 0.000000000000000000e+00 0.000000000000000000e+00 0.000000000000000000e+00 0.000000000000000000e+00 0.000000000000000000e+00 0.000000000000000000e+00 0.000000000000000000e+00 0.000000000000000000e+00 2.998480081196812154e-13
3.732508361204013525e+00 0.000000000000000000e+00 0.000000000000000000e+00 0.000000000000000000e+00 0.000000000000000000e+00 0.000000000000000000e+00 0.000000000000000000e+00 0.000000000000000000e+00 0.000000000000000000e+00 0.000000000000000000e+00 2.256284825286622185e-13
3.745882943143812760e+00 0.000000000000000000e+00 0.000000000000000000e+00 0.000000000000000000e+00 0.000000000000000000e+00 0.000000000000000000e+00 0.000000000000000000e+00 0.000000000000000000e+00 0.000000000000000000e+00 0.000000000000000000e+00 1.697367565289179539e-13
3.759257525083611995e+00 0.000000000000000000e+00 0.000000000000000000e+00 0.000000000000000000e+00 0.000000000000000000e+00 0.000000000000000000e+00 0.000000000000000000e+00 0.000000000000000000e+00 0.000000000000000000e+00 0.000000000000000000e+00 1.274999230146065303e-13
3.772632107023411674e+00 0.000000000000000000e+00 0.000000000000000000e+00 0.000000000000000000e+00 0.000000000000000000e+00 0.000000000000000000e+00 0.000000000000000000e+00 0.000000000000000000e+00 0.000000000000000000e+00 0.000000000000000000e+00 9.577278572343702471e-14
3.786006688963210909e+00 0.000000000000000000e+00 0.000000000000000000e+00 0.000000000000000000e+00 0.000000000000000000e+00 0.000000000000000000e+00 0.000000000000000000e+00 0.000000000000000000e+00 0.000000000000000000e+00 0.000000000000000000e+00 7.191375403577144598e-14
3.799381270903010144e+00 0.000000000000000000e+00 0.000000000000000000e+00 0.000000000000000000e+00 0.000000000000000000e+00 0.000000000000000000e+00 0.000000000000000000e+00 0.000000000000000000e+00 0.000000000000000000e+00 0.000000000000000000e+00 5.391987093538291713e-14
3.812755852842809379e+00 0.000000000000000000e+00 0.000000000000000000e+00 0.000000000000000000e+00 0.000000000000000000e+00 0.000000000000000000e+00 0.000000000000000000e+00 0.000000000000000000e+00 0.000000000000000000e+00 0.000000000000000000e+00 4.043772997071696025e-14
3.826130434782609058e+00 0.000000000000000000e+00 0.000000000000000000e+00 0.000000000000000000e+00 0.000000000000000000e+00 0.000000000000000000e+00 0.000000000000000000e+00 0.000000000000000000e+00 0.000000000000000000e+00 0.000000000000000000e+00 3.031149093207144821e-14
3.839505016722408293e+00 0.000000000000000000e+00 0.000000000000000000e+00 0.000000000000000000e+00 0.000000000000000000e+00 0.000000000000000000e+00 0.000000000000000000e+00 0.000000000000000000e+00 0.000000000000000000e+00 0.000000000000000000e+00 2.268867265204884518e-14
3.852879598662207528e+00 0.000000000000000000e+00 0.000000000000000000e+00 0.000000000000000000e+00 0.000000000000000000e+00 0.000000000000000000e+00 0.000000000000000000e+00 0.000000000000000000e+00 0.000000000000000000e+00 0.000000000000000000e+00 1.699086760079417188e-14
3.866254180602006763e+00 0.000000000000000000e+00 0.000000000000000000e+00 0.000000000000000000e+00 0.000000000000000000e+00 0.000000000000000000e+00 0.000000000000000000e+00 0.000000000000000000e+00 0.000000000000000000e+00 0.000000000000000000e+00 1.271587916676296805e-14
3.879628762541805997e+00 0.000000000000000000e+00 0.000000000000000000e+00 0.000000000000000000e+00 0.000000000000000000e+00 0.000000000000000000e+00 0.000000000000000000e+00 0.000000000000000000e+00 0.000000000000000000e+00 0.000000000000000000e+00 9.503245962640811168e-15
3.893003344481605676e+00 0.000000000000000000e+00 0.000000000000000000e+00 0.000000000000000000e+00 0.000000000000000000e+00 0.000000000000000000e+00 0.000000000000000000e+00 0.000000000000000000e+00 0.000000000000000000e+00 0.000000000000000000e+00 7.107330213293240487e-15
3.906377926421404911e+00 0.000000000000000000e+00 0.000000000000000000e+00 0.000000000000000000e+00 0.000000000000000000e+00 0.000000000000000000e+00 0.000000000000000000e+00 0.000000000000000000e+00 0.000000000000000000e+00 0.000000000000000000e+00 5.311341143270979235e-15
3.919752508361204146e+00 0.000000000000000000e+00 0.000000000000000000e+00 0.000000000000000000e+00 0.000000000000000000e+00 0.000000000000000000e+00 0.000000000000000000e+00 0.000000000000000000e+00 0.000000000000000000e+00 0.000000000000000000e+00 3.963778941319653148e-15
3.933127090301003381e+00 0.000000000000000000e+00 0.000000000000000000e+00 0.000000000000000000e+00 0.000000000000000000e+00 0.000000000000000000e+00 0.000000000000000000e+00 0.000000000000000000e+00 0.000000000000000000e+00 0.000000000000000000e+00 2.960931635692916759e-15
3.946501672240803060e+00 0.000000000000000000e+00 0.000000000000000000e+00 0.000000000000000000e+00 0.000000000000000000e+00 0.000000000000000000e+00 0.000000000000000000e+00 0.000000000000000000e+00 0.000000000000000000e+00 0.000000000000000000e+00 2.209767606407958204e-15
3.959876254180602295e+00 0.000000000000000000e+00 0.000000000000000000e+00 0.000000000000000000e+00 0.000000000000000000e+00 0.000000000000000000e+00 0.000000000000000000e+00 0.000000000000000000e+00 0.000000000000000000e+00 0.000000000000000000e+00 1.646965418549934870e-15
3.973250836120401530e+00 0.000000000000000000e+00 0.000000000000000000e+00 0.000000000000000000e+00 0.000000000000000000e+00 0.000000000000000000e+00 0.000000000000000000e+00 0.000000000000000000e+00 0.000000000000000000e+00 0.000000000000000000e+00 1.228969906121489576e-15
3.986625418060200765e+00 0.000000000000000000e+00 0.000000000000000000e+00 0.000000000000000000e+00 0.000000000000000000e+00 0.000000000000000000e+00 0.000000000000000000e+00 0.000000000000000000e+00 0.000000000000000000e+00 0.000000000000000000e+00 9.160746764429761441e-16
4.000000000000000000e+00 0.000000000000000000e+00 0.000000000000000000e+00 0.000000000000000000e+00 0.000000000000000000e+00 0.000000000000000000e+00 0.000000000000000000e+00 0.000000000000000000e+00 0.000000000000000000e+00 0.000000000000000000e+00 6.819486440313750643e-16
