1.000000000000000021e-03 2.722508649483948440e-02
1.437458193979933296e-02 4.957163157687347749e-02
2.774916387959866504e-02 6.949799990830235474e-02
4.112374581939799711e-02 8.593636723729593252e-02
5.449832775919732919e-02 1.007519569238149448e-01
6.787290969899666127e-02 1.147940831298947112e-01
8.124749163879599334e-02 1.283410490266573278e-01
9.462207357859532542e-02 1.416078141587867323e-01
1.079966555183946575e-01 1.547291070534393131e-01
1.213712374581939896e-01 1.672565969039678524e-01
1.347458193979933216e-01 1.733345814138622376e-01
1.481204013377926398e-01 1.754811537312906400e-01
1.614949832775919858e-01 1.768141112833883088e-01
1.748695652173913317e-01 1.774347450119722613e-01
1.882441471571906499e-01 1.774493052523748449e-01
2.016187290969899681e-01 1.768474007545463300e-01
2.149933110367893141e-01 1.756413573399686900e-01
2.283678929765886600e-01 1.739758662603268502e-01
2.417424749163879782e-01 1.718604298195788305e-01
2.551170568561872964e-01 1.693570374535145473e-01
2.684916387959866424e-01 1.665319801345646611e-01
2.818662207357859883e-01 1.633902364428601317e-01
2.952408026755852788e-01 1.432684867126086115e-01
3.086153846153846247e-01 1.287696642199212815e-01
3.219899665551839707e-01 1.383539676942263652e-01
3.353645484949833167e-01 1.680722024751882815e-01
3.487391304347826626e-01 1.716086965208808712e-01
3.621137123745819530e-01 1.751656279705608443e-01
3.754882943143812990e-01 1.787570191570000966e-01
3.888628762541806450e-01 1.823772573029238397e-01
4.022374581939799354e-01 1.860364913822007971e-01
4.156120401337792813e-01 1.897435775135153102e-01
4.289866220735786273e-01 1.934805652186346869e-01
4.423612040133779733e-01 1.972389135220941614e-01
4.557357859531773192e-01 2.009946899239357931e-01
4.691103678929766096e-01 2.047768326473335121e-01
4.824849498327759556e-01 2.086104231715487090e-01
4.958595317725753016e-01 2.125254429764457109e-01
5.092341137123745920e-01 2.227615065157927676e-01
5.226086956521739380e-01 2.363008877361294502e-01
5.359832775919732839e-01 2.503191377668746442e-01
5.493578595317726299e-01 2.648790432480081503e-01
5.627324414715719758e-01 2.801066464099126740e-01
5.761070234113713218e-01 2.959682493505976231e-01
5.894816053511705567e-01 3.124776166136341016e-01
6.028561872909699026e-01 3.298167448019972414e-01
6.162307692307692486e-01 3.479887197104912788e-01
6.296053511705685946e-01 3.669508329429512772e-01
6.429799331103679405e-01 3.865460672906372297e-01
6.563545150501672865e-01 4.069883763333137505e-01
6.697290969899666324e-01 4.283114329045755730e-01
6.831036789297659784e-01 4.507568940840175897e-01
6.964782608695653243e-01 4.742593420503131707e-01
7.098528428093645593e-01 4.813654666080713906e-01
7.232274247491639052e-01 4.823000445548463189e-01
7.366020066889632512e-01 4.830673246705206592e-01
7.499765886287625971e-01 4.836666955169233173e-01
7.633511705685619431e-01 4.840382664910375388e-01
7.767257525083612890e-01 4.841711683816930512e-01
7.901003344481606350e-01 4.841461032062588932e-01
8.034749163879598699e-01 4.839496217078595452e-01
8.168494983277592159e-01 4.836235048276324999e-01
8.302240802675585618e-01 4.831782270621550190e-01
8.435986622073579078e-01 4.826182220581579085e-01
8.569732441471572537e-01 4.819897287951249165e-01
8.703478260869565997e-01 4.812748205127733714e-01
8.837224080267559456e-01 4.804701697226397838e-01
8.970969899665552916e-01 4.795983114158007266e-01
9.104715719063546375e-01 4.850462385250359776e-01
9.238461538461538725e-01 4.924305164440698768e-01
9.372207357859532184e-01 5.001912722059688177e-01
9.505953177257525644e-01 5.080295453485810242e-01
9.639698996655519103e-01 5.159508613283118050e-01
9.773444816053512563e-01 5.239392850598503237e-01
9.907190635451506022e-01 5.319932717855708759e-01
1.004093645484949837e+00 5.401013120152186042e-01
1.017468227424749072e+00 5.482321432201282541e-01
1.030842809364548529e+00 5.564139602111910499e-01
1.044217391304347764e+00 5.646505020369173566e-01
1.057591973244147221e+00 5.729334973306668966e-01
1.070966555183946456e+00 5.812644676302980429e-01
1.084341137123745691e+00 5.896458739021323003e-01
1.097715719063545148e+00 5.980700501976190520e-01
1.111090301003344383e+00 6.066363086861438214e-01
1.124464882943143840e+00 6.157842562264127517e-01
1.137839464882943075e+00 6.249809626772810933e-01
1.151214046822742532e+00 6.347673341795947444e-01
1.164588628762541767e+00 6.501349210293275727e-01
1.177963210702341001e+00 6.657722624547508516e-01
1.191337792642140458e+00 6.816943531342938289e-01
1.204712374581939693e+00 6.978996161786329422e-01
1.218086956521739150e+00 7.143449527053384873e-01
1.231461538461538385e+00 7.310499339371581140e-01
1.244836120401337842e+00 7.480097576877303700e-01
1.258210702341137077e+00 7.651872116649265365e-01
1.271585284280936534e+00 7.825894427106960816e-01
1.284959866220735769e+00 8.002032756192117846e-01
1.298334448160535004e+00 8.179931310013880408e-01
1.311709030100334461e+00 8.360933509748147419e-01
1.325083612040133696e+00 8.543574433848111216e-01
1.338458193979933153e+00 8.727170070025196402e-01
1.351832775919732388e+00 8.911383168490201179e-01
1.365207357859531845e+00 9.095725866308989049e-01
1.378581939799331080e+00 9.279739912257070067e-01
1.391956521739130537e+00 9.462847044281961217e-01
1.405331103678929772e+00 9.639819094650874387e-01
1.418705685618729007e+00 9.808153718431650292e-01
1.432080267558528464e+00 9.975343124740727596e-01
1.445454849498327698e+00 1.014227345053267726e+00
1.458829431438127155e+00 1.030974469275339311e+00
1.472204013377926390e+00 1.047880109361708723e+00
1.485578595317725847e+00 1.065033856155480407e+00
1.498953177257525082e+00 1.082510345345321090e+00
1.512327759197324317e+00 1.102167815384733629e+00
1.525702341137123774e+00 1.122400478613881258e+00
1.539076923076923009e+00 1.142957090445990254e+00
1.552451505016722466e+00 1.163997699473672487e+00
1.565826086956521701e+00 1.186185286735579547e+00
1.579200668896321158e+00 1.208458451801146527e+00
1.592575250836120393e+00 1.230691632691777393e+00
1.605949832775919628e+00 1.252036560900857021e+00
1.619324414715719085e+00 1.272226699915644632e+00
1.632698996655518320e+00 1.292108253880748459e+00
1.646073578595317777e+00 1.311746003044455655e+00
1.659448160535117012e+00 1.327116155253074581e+00
1.672822742474916469e+00 1.340465229544848924e+00
1.686197324414715704e+00 1.353537288522907112e+00
1.699571906354515161e+00 1.366385827438249212e+00
1.712946488294314396e+00 1.379672249577284182e+00
1.726321070234113630e+00 1.392804951596295471e+00
1.739695652173913087e+00 1.405753014360839659e+00
1.753070234113712322e+00 1.418463185771822843e+00
1.766444816053511779e+00 1.430951677797116517e+00
1.779819397993311014e+00 1.443207512823035499e+00
1.793193979933110471e+00 1.455165808799654625e+00
1.806568561872909706e+00 1.466687973725072425e+00
1.819943143812709163e+00 1.477767680716286502e+00
1.833317725752508398e+00 1.488543708786945530e+00
1.846692307692307633e+00 1.499085805725728804e+00
1.860066889632107090e+00 1.509412352504902577e+00
1.873441471571906325e+00 1.519508459041197579e+00
1.886816053511705782e+00 1.529435290126282654e+00
1.900190635451505017e+00 1.539218170389347939e+00
1.913565217391304474e+00 1.549271382328528235e+00
1.926939799331103709e+00 1.559185879941809016e+00
1.940314381270902944e+00 1.568940279141635807e+00
1.953688963210702401e+00 1.578483503994243975e+00
1.967063545150501636e+00 1.587826290570661936e+00
1.980438127090301093e+00 1.596942983534276772e+00
1.993812709030100327e+00 1.605774011824584013e+00
2.007187290969899784e+00 1.613838664178616211e+00
2.020561872909699019e+00 1.621194923429545520e+00
2.033936454849498254e+00 1.628262387768214303e+00
2.047311036789297489e+00 1.635107154804785079e+00
2.060685618729097168e+00 1.641743999914911489e+00
2.074060200668896403e+00 1.648178968504888209e+00
2.087434782608695638e+00 1.654466216929547651e+00
2.100809364548494873e+00 1.660644760337207648e+00
2.114183946488294552e+00 1.667022842023228923e+00
2.127558528428093787e+00 1.673298006089893208e+00
2.140933110367893022e+00 1.679456943392491075e+00
2.154307692307692257e+00 1.685480736466069329e+00
2.167682274247491492e+00 1.691378681979196053e+00
2.181056856187291171e+00 1.697134833577329971e+00
2.194431438127090406e+00 1.702729866305095374e+00
2.207806020066889641e+00 1.708187540334838772e+00
2.221180602006688876e+00 1.713603167411274386e+00
2.234555183946488555e+00 1.719018794487710222e+00
2.247929765886287790e+00 1.724434421564145836e+00
2.261304347826087024e+00 1.729850048640581228e+00
2.274678929765886259e+00 1.735265675717016842e+00
2.288053511705685494e+00 1.740681302793452456e+00
2.301428093645485173e+00 1.746096929869888292e+00
2.314802675585284408e+00 1.751512556946323906e+00
2.328177257525083643e+00 1.756928184022759742e+00
2.341551839464882878e+00 1.762343811099195356e+00
2.354926421404682113e+00 1.767759438175630748e+00
2.368301003344481792e+00 1.773175065252066585e+00
2.381675585284281027e+00 1.778590692328502421e+00
2.395050167224080262e+00 1.784006319404937813e+00
2.408424749163879497e+00 1.789421946481373427e+00
2.421799331103679176e+00 1.794837573557809041e+00
2.435173913043478411e+00 1.800253200634244877e+00
2.448548494983277646e+00 1.805668827710680491e+00
2.461923076923076881e+00 1.811084454787116105e+00
2.475297658862876116e+00 1.816500081863551719e+00
2.488672240802675795e+00 1.821915708939987555e+00
2.502046822742475030e+00 1.827331336016423169e+00
2.515421404682274265e+00 1.832746963092858783e+00
2.528795986622073499e+00 1.838162590169294397e+00
2.542170568561873178e+00 1.843578217245730011e+00
2.555545150501672413e+00 1.848993844322165625e+00
2.568919732441471648e+00 1.854409471398601239e+00
2.582294314381270883e+00 1.859825098475036853e+00
2.595668896321070118e+00 1.865240725551472467e+00
2.609043478260869797e+00 1.870656352627908303e+00
2.622418060200669032e+00 1.876071979704343917e+00
2.635792642140468267e+00 1.881487606780779531e+00
2.649167224080267502e+00 1.886903233857215145e+00
2.662541806020067181e+00 1.892318860933650759e+00
2.675916387959866416e+00 1.897734488010086373e+00
2.689290969899665651e+00 1.903150115086521987e+00
2.702665551839464886e+00 1.908565742162957601e+00
2.716040133779264121e+00 1.913981369239393215e+00
2.729414715719063800e+00 1.919396996315829051e+00
2.742789297658863035e+00 1.924812623392264888e+00
2.756163879598662270e+00 1.930228250468700502e+00
2.769538461538461505e+00 1.935643877545136116e+00
2.782913043478261184e+00 1.941059504621571952e+00
2.796287625418060419e+00 1.946475131698007566e+00
2.809662207357859653e+00 1.951890758774442958e+00
2.823036789297658888e+00 1.957306385850878572e+00
2.836411371237458123e+00 1.962722012927314186e+00
2.849785953177257802e+00 1.968137640003750022e+00
2.863160535117057037e+00 1.973553267080185636e+00
2.876535117056856272e+00 1.978968894156621250e+00
2.889909698996655507e+00 1.984384521233056864e+00
2.903284280936454742e+00 1.989800148309492478e+00
2.916658862876254421e+00 1.995215775385928314e+00
2.930033444816053656e+00 2.000631402462363706e+00
2.943408026755852891e+00 2.006047029538799542e+00
2.956782608695652126e+00 2.011462656615235378e+00
2.970157190635451805e+00 2.016878283691670770e+00
2.983531772575251040e+00 2.022293910768106162e+00
2.996906354515050275e+00 2.027709537844541998e+00
3.010280936454849510e+00 2.033125164920977834e+00
3.023655518394648745e+00 2.038540791997413226e+00
3.037030100334448424e+00 2.043956419073849062e+00
3.050404682274247659e+00 2.049372046150284454e+00
3.063779264214046893e+00 2.054787673226720290e+00
3.077153846153846128e+00 2.060203300303156126e+00
3.090528428093645807e+00 2.065618927379591963e+00
3.103903010033445042e+00 2.071034554456027355e+00
3.117277591973244277e+00 2.076450181532462747e+00
3.130652173913043512e+00 2.081865808608898583e+00
3.144026755852842747e+00 2.087281435685333975e+00
3.157401337792642426e+00 2.092697062761769811e+00
3.170775919732441661e+00 2.098112689838205647e+00
3.184150501672240896e+00 2.103528316914641483e+00
3.197525083612040131e+00 2.108943943991076875e+00
3.210899665551839366e+00 2.114359571067512267e+00
3.224274247491639045e+00 2.119775198143948103e+00
3.237648829431438280e+00 2.125190825220383939e+00
3.251023411371237515e+00 2.130606452296819775e+00
3.264397993311036750e+00 2.136022079373255167e+00
3.277772575250836429e+00 2.141437706449691003e+00
3.291147157190635664e+00 2.146853333526126395e+00
3.304521739130434899e+00 2.152268960602562231e+00
3.317896321070234134e+00 2.157684587678997623e+00
3.331270903010033368e+00 2.163100214755433459e+00
3.344645484949833047e+00 2.168515841831868851e+00
3.358020066889632282e+00 2.173931468908304243e+00
3.371394648829431517e+00 2.179347095984740079e+00
3.384769230769230752e+00 2.184762723061175915e+00
3.398143812709030431e+00 2.190178350137611751e+00
3.411518394648829666e+00 2.195593977214047143e+00
3.424892976588628901e+00 2.201009604290482535e+00
3.438267558528428136e+00 2.206425231366918371e+00
3.451642140468227371e+00 2.211840858443354207e+00
3.465016722408027050e+00 2.217256485519790044e+00
3.478391304347826285e+00 2.222672112596225880e+00
3.491765886287625520e+00 2.228087739672661272e+00
3.505140468227424755e+00 2.233503366749096664e+00
3.518515050167224434e+00 2.238918993825532500e+00
3.531889632107023669e+00 2.244334620901967892e+00
3.545264214046822904e+00 2.249750247978403728e+00
3.558638795986622139e+00 2.255165875054839564e+00
3.572013377926421374e+00 2.260581502131274956e+00
3.585387959866221053e+00 2.265997129207710792e+00
3.598762541806020288e+00 2.271412756284146184e+00
3.612137123745819522e+00 2.276828383360582020e+00
3.625511705685618757e+00 2.282244010437017856e+00
3.638886287625418436e+00 2.287659637513453248e+00
3.652260869565217671e+00 2.293075264589888640e+00
3.665635451505016906e+00 2.298490891666324476e+00
3.679010033444816141e+00 2.303906518742760312e+00
3.692384615384615376e+00 2.309322145819195704e+00
3.705759197324415055e+00 2.314737772895631540e+00
3.719133779264214290e+00 2.320153399972066932e+00
3.732508361204013525e+00 2.325569027048502768e+00
3.745882943143812760e+00 2.330984654124938160e+00
3.759257525083611995e+00 2.336400281201373996e+00
3.772632107023411674e+00 2.341815908277810276e+00
3.786006688963210909e+00 2.347231535354245668e+00
3.799381270903010144e+00 2.352647162430681060e+00
3.812755852842809379e+00 2.358062789507116452e+00
3.826130434782609058e+00 2.363478416583552288e+00
3.839505016722408293e+00 2.368894043659988125e+00
3.852879598662207528e+00 2.374309670736423961e+00
3.866254180602006763e+00 2.379725297812859353e+00
3.879628762541805997e+00 2.385140924889294745e+00
3.893003344481605676e+00 2.390556551965730581e+00
3.906377926421404911e+00 2.395972179042166417e+00
3.919752508361204146e+00 2.401387806118601809e+00
3.933127090301003381e+00 2.406803433195037645e+00
3.946501672240803060e+00 2.412219060271473037e+00
3.959876254180602295e+00 2.417634687347908873e+00
3.973250836120401530e+00 2.423050314424344265e+00
3.986625418060200765e+00 2.428465941500780101e+00
4.000000000000000000e+00 2.433881568577215937e+00
