1.000000000000000021e-03 2.309882583553509998e-05 0.000000000000000000e+00 0.000000000000000000e+00 0.000000000000000000e+00 0.000000000000000000e+00 0.000000000000000000e+00 0.000000000000000000e+00 0.000000000000000000e+00 0.000000000000000000e+00 0.000000000000000000e+00
1.437458193979933296e-02 5.763455188850956368e-03 6.810837748358797670e-18 0.000000000000000000e+00 0.000000000000000000e+00 0.000000000000000000e+00 0.000000000000000000e+00 0.000000000000000000e+00 0.000000000000000000e+00 0.000000000000000000e+00 0.000000000000000000e+00
2.774916387959866504e-02 2.480516595897992033e-02 4.553192474821868389e-16 0.000000000000000000e+00 0.000000000000000000e+00 0.000000000000000000e+00 0.000000000000000000e+00 0.000000000000000000e+00 0.000000000000000000e+00 0.000000000000000000e+00 0.000000000000000000e+00
4.112374581939799711e-02 6.067777750925833907e-02 1.466384132810705116e-14 0.000000000000000000e+00 0.000000000000000000e+00 0.000000000000000000e+00 0.000000000000000000e+00 0.000000000000000000e+00 0.000000000000000000e+00 0.000000000000000000e+00 0.000000000000000000e+00
5.449832775919732919e-02 1.152856861034161212e-01 3.126618822223213035e-13 0.000000000000000000e+00 0.000000000000000000e+00 0.000000000000000000e+00 0.000000000000000000e+00 0.000000000000000000e+00 0.000000000000000000e+00 0.000000000000000000e+00 0.000000000000000000e+00
6.787290969899666127e-02 1.890724668585303248e-01 4.932673964043638262e-12 0.000000000000000000e+00 0.000000000000000000e+00 0.000000000000000000e+00 0.000000000000000000e+00 0.000000000000000000e+00 0.000000000000000000e+00 0.000000000000000000e+00 0.000000000000000000e+00
8.124749163879599334e-02 2.814555521530320847e-01 6.089667424875022914e-11 0.000000000000000000e+00 0.000000000000000000e+00 0.000000000000000000e+00 0.000000000000000000e+00 0.000000000000000000e+00 0.000000000000000000e+00 0.000000000000000000e+00 0.000000000000000000e+00
9.462207357859532542e-02 3.912779611282142245e-01 6.089564845403328287e-10 4.023817032654514585e-18 0.000000000000000000e+00 0.000000000000000000e+00 0.000000000000000000e+00 0.000000000000000000e+00 0.000000000000000000e+00 0.000000000000000000e+00 0.000000000000000000e+00
1.079966555183946575e-01 5.171341521121318729e-01 5.052832366306978355e-09 9.468940667394817301e-17 0.000000000000000000e+00 0.000000000000000000e+00 0.000000000000000000e+00 0.000000000000000000e+00 0.000000000000000000e+00 0.000000000000000000e+00 0.000000000000000000e+00
1.213712374581939896e-01 6.575490216369129781e-01 3.543339392224274957e-08 1.799614608486364488e-15 0.000000000000000000e+00 0.000000000000000000e+00 0.000000000000000000e+00 0.000000000000000000e+00 0.000000000000000000e+00 0.000000000000000000e+00 0.000000000000000000e+00
1.347458193979933216e-01 8.110573655724659936e-01 2.131330758675020419e-07 2.809701707840620326e-14 0.000000000000000000e+00 0.000000000000000000e+00 0.000000000000000000e+00 0.000000000000000000e+00 0.000000000000000000e+00 0.000000000000000000e+00 0.000000000000000000e+00
1.481204013377926398e-01 9.762396936246059420e-01 1.113394435080163662e-06 3.656263022612888061e-13 0.000000000000000000e+00 0.000000000000000000e+00 0.000000000000000000e+00 0.000000000000000000e+00 0.000000000000000000e+00 0.000000000000000000e+00 0.000000000000000000e+00
1.614949832775919858e-01 1.151746702970047220e+00 5.105898808743413307e-06 4.016162708602553231e-12 0.000000000000000000e+00 0.000000000000000000e+00 0.000000000000000000e+00 0.000000000000000000e+00 0.000000000000000000e+00 0.000000000000000000e+00 0.000000000000000000e+00
1.748695652173913317e-01 1.336318141208478583e+00 2.075075475402523185e-05 3.765956308811413081e-11 5.693239572621383078e-18 0.000000000000000000e+00 0.000000000000000000e+00 0.000000000000000000e+00 0.000000000000000000e+00 0.000000000000000000e+00 0.000000000000000000e+00
1.882441471571906499e-01 1.528786250907953059e+00 7.537321760207918951e-05 3.045368203339123556e-10 1.018186387401635893e-16 0.000000000000000000e+00 0.000000000000000000e+00 0.000000000000000000e+00 0.000000000000000000e+00 0.000000000000000000e+00 0.000000000000000000e+00
2.016187290969899681e-01 1.728048732468399962e+00 2.465796337718186341e-04 2.143474306953666903e-09 1.534937857097620039e-15 0.000000000000000000e+00 0.000000000000000000e+00 0.000000000000000000e+00 0.000000000000000000e+00 0.000000000000000000e+00 0.000000000000000000e+00
2.149933110367893141e-01 1.932994482267770930e+00 7.316483801428643428e-04 1.324309210545157463e-08 1.969990051432558743e-14 0.000000000000000000e+00 0.000000000000000000e+00 0.000000000000000000e+00 0.000000000000000000e+00 0.000000000000000000e+00 0.000000000000000000e+00
2.283678929765886600e-01 2.142363288886361072e+00 1.981792090540877762e-03 7.238426506485997624e-08 2.172377125213277025e-13 0.000000000000000000e+00 0.000000000000000000e+00 0.000000000000000000e+00 0.000000000000000000e+00 0.000000000000000000e+00 0.000000000000000000e+00
2.417424749163879782e-01 2.354521145180223041e+00 4.929710708027904877e-03 3.525514214162537320e-07 2.075896173066834766e-12 1.309648765524279786e-18 0.000000000000000000e+00 0.000000000000000000e+00 0.000000000000000000e+00 0.000000000000000000e+00 0.000000000000000000e+00
2.551170568561872964e-01 2.567144375606815743e+00 1.132422875249796540e-02 1.540431194145702558e-06 1.732690167876285003e-11 2.128444964552299261e-17 0.000000000000000000e+00 0.000000000000000000e+00 0.000000000000000000e+00 0.000000000000000000e+00 0.000000000000000000e+00
2.684916387959866424e-01 2.776836378067338629e+00 2.414774601205463972e-02 6.076083844559060795e-06 1.272614919334311057e-10 2.967745031402093035e-16 0.000000000000000000e+00 0.000000000000000000e+00 0.000000000000000000e+00 0.000000000000000000e+00 0.000000000000000000e+00
2.818662207357859883e-01 2.978749605623081553e+00 4.803307838994527734e-02 2.176251103432769461e-05 8.282128382108618046e-10 3.578771349006645961e-15 0.000000000000000000e+00 0.000000000000000000e+00 0.000000000000000000e+00 0.000000000000000000e+00 0.000000000000000000e+00
2.952408026755852788e-01 3.166337129961696917e+00 8.953384840315166404e-02 7.116710121780509771e-05 4.807004636761936596e-09 3.760582126964680482e-14 0.000000000000000000e+00 0.000000000000000000e+00 0.000000000000000000e+00 0.000000000000000000e+00 0.000000000000000000e+00
3.086153846153846247e-01 3.331385221863313983e+00 1.570677561212483475e-01 2.135843541994686444e-04 2.503459021052877892e-08 3.467865391133594413e-13 0.000000000000000000e+00 0.000000000000000000e+00 0.000000000000000000e+00 0.000000000000000000e+00 0.000000000000000000e+00
3.219899665551839707e-01 3.464453367363002911e+00 2.603756511617914549e-01 5.911267112608465301e-04 1.176594084511653952e-07 2.825173177193100951e-12 4.334556747194287499e-18 0.000000000000000000e+00 0.000000000000000000e+00 0.000000000000000000e+00 0.000000000000000000e+00
3.353645484949833167e-01 3.555760693820041674e+00 4.094337519367321487e-01 1.515622461888568515e-03 5.017341024513005679e-07 2.046089435246235569e-11 5.649013607056842945e-17 0.000000000000000000e+00 0.000000000000000000e+00 0.000000000000000000e+00 0.000000000000000000e+00
3.487391304347826626e-01 3.596426518783967019e+00 6.129031313061390485e-01 3.615479089398182869e-03 1.951132683840548824e-06 1.325152027273851565e-10 6.446604495137355131e-16 0.000000000000000000e+00 0.000000000000000000e+00 0.000000000000000000e+00 0.000000000000000000e+00
3.621137123745819530e-01 3.579842395354508433e+00 8.763534261960266303e-01 8.056848023234355546e-03 6.952588726977690439e-06 7.717707855061699067e-10 6.483565203236721376e-15 0.000000000000000000e+00 0.000000000000000000e+00 0.000000000000000000e+00 0.000000000000000000e+00
3.754882943143812990e-01 3.502876147060154821e+00 1.200601703815646903e+00 1.683648057569522155e-02 2.280431593955193920e-05 4.063290067452301124e-09 5.781770026291581361e-14 0.000000000000000000e+00 0.000000000000000000e+00 0.000000000000000000e+00 0.000000000000000000e+00
3.888628762541806450e-01 3.366620487998183808e+00 1.580523897352196894e+00 3.311272479561078869e-02 6.914400738564892366e-05 1.943542944217383618e-08 4.597984636481120901e-13 0.000000000000000000e+00 0.000000000000000000e+00 0.000000000000000000e+00 0.000000000000000000e+00
4.022374581939799354e-01 3.176500836177185150e+00 2.004619378376039762e+00 6.150070453457974484e-02 1.945873217402706550e-04 8.485557039995761956e-08 3.278651874844922458e-12 3.413491303232780328e-18 0.000000000000000000e+00 0.000000000000000000e+00 0.000000000000000000e+00
4.156120401337792813e-01 2.941714434630716468e+00 2.455465533322479299e+00 1.082202857489134307e-01 5.102210956664132062e-04 3.396803548207372812e-07 2.107074480132015591e-11 3.885580913035705166e-17 0.000000000000000000e+00 0.000000000000000000e+00 0.000000000000000000e+00
4.289866220735786273e-01 2.674132016921099364e+00 2.911032283378624186e+00 1.809688394263115618e-01 1.251005786785012921e-03 1.251976870423196712e-06 1.226420572013557371e-10 3.929211720388268057e-16 0.000000000000000000e+00 0.000000000000000000e+00 0.000000000000000000e+00
4.423612040133779733e-01 2.386903967964608686e+00 3.346677794924626692e+00 2.884116318403274204e-01 2.878110792473473258e-03 4.265740553341237938e-06 6.495042727116543616e-10 3.548785416257195657e-15 0.000000000000000000e+00 0.000000000000000000e+00 0.000000000000000000e+00
4.557357859531773192e-01 2.093047912007809597e+00 3.737542702530202376e+00 4.392477146845684688e-01 6.233257248578055569e-03 1.348688880577248170e-05 3.143493357784409493e-09 2.877345797094022825e-14 0.000000000000000000e+00 0.000000000000000000e+00 0.000000000000000000e+00
4.691103678929766096e-01 1.804255808182880561e+00 4.061010633510663936e+00 6.409094920050406596e-01 1.274735490648224411e-02 3.971103962765431395e-05 1.396172681354807707e-08 2.104473522270627180e-13 0.000000000000000000e+00 0.000000000000000000e+00 0.000000000000000000e+00
4.824849498327759556e-01 1.530070805496024589e+00 4.298905966397499334e+00 8.980651647825728112e-01 2.468826391398174641e-02 1.092639316238973036e-04 5.713194506584950334e-08 1.394856990259248193e-12 6.910670095337586860e-19 0.000000000000000000e+00 0.000000000000000000e+00
4.958595317725753016e-01 1.277481504567014037e+00 4.439149004433606827e+00 1.211182011564311267e+00 4.540750481224490459e-02 2.818499976109697762e-04 2.162041481392173847e-07 8.414868550725528718e-12 7.299904345268914028e-18 0.000000000000000000e+00 0.000000000000000000e+00
5.092341137123745920e-01 1.050893820892654151e+00 4.476675433487145916e+00 1.575444905004374396e+00 7.951860090634503553e-02 6.837136734821111896e-04 7.593565676616512957e-07 4.639805705676215367e-11 6.922931323127232695e-17 0.000000000000000000e+00 0.000000000000000000e+00
5.226086956521739380e-01 8.523856678030289347e-01 4.413539237341662869e+00 1.980292269998580323e+00 1.329199595069320838e-01 1.564294539866746287e-03 2.483706378516989617e-06 2.347483861402514480e-10 5.921602138002257908e-16 0.000000000000000000e+00 0.000000000000000000e+00
5.359832775919732839e-01 6.821303896256598609e-01 4.258239496538600122e+00 2.409734092971593800e+00 2.125738986498890704e-01 3.385017912293341712e-03 7.589836777257436661e-06 1.093927711980433651e-09 4.588482972267961911e-15 0.000000000000000000e+00 0.000000000000000000e+00
5.493578595317726299e-01 5.388840288283597291e-01 4.024421154509328247e+00 2.843475314615723004e+00 3.259790990980352410e-01 6.946275892602455510e-03 2.173602724833693158e-05 4.712080118177044315e-09 3.234397160308212588e-14 0.000000000000000000e+00 0.000000000000000000e+00
5.627324414715719758e-01 4.204571320007029489e-01 3.729177878403001412e+00 3.258716261710658202e+00 4.803278019902286200e-01 1.355143586754446565e-02 5.850837633494251422e-05 1.882591282687277666e-08 2.082283531579629210e-13 0.000000000000000000e+00 0.000000000000000000e+00
5.761070234113713218e-01 3.241222868916793232e-01 3.391217988513853143e+00 3.632374742705931414e+00 6.814131472305376969e-01 2.519418062229144412e-02 1.484433950469025000e-04 6.998914233558003215e-08 1.229010942513520656e-12 0.000000000000000000e+00 0.000000000000000000e+00
5.894816053511705567e-01 2.469357158985334699e-01 3.029139265585981011e+00 3.943399564178164951e+00 9.324289181474954002e-01 4.473880873243320927e-02 3.559319065872721907e-04 2.428750851881333497e-07 6.674390832270698136e-12 0.000000000000000000e+00 0.000000000000000000e+00
6.028561872909699026e-01 1.859709820990420315e-01 2.660003817105954571e+00 4.174836254600029939e+00 1.232861965514004954e+00 7.604591386675961517e-02 8.086132054178484397e-04 7.890372006715975321e-07 3.346616042925459489e-11 1.362335978932108870e-18 0.000000000000000000e+00
6.162307692307692486e-01 1.384745725231358027e-01 2.298326706423481802e+00 4.315360601727802781e+00 1.577697399324204497e+00 1.239838667365847635e-01 1.744762735261285412e-03 2.406580014775238532e-06 1.554420631455727665e-10 1.174718346858336306e-17 0.000000000000000000e+00
6.296053511705685946e-01 1.019582413026039747e-01 1.955510872640402020e+00 4.360098308390075061e+00 1.957127823222255758e+00 1.942662241740327755e-01 3.583925177427802009e-03 6.909748850717709711e-06 6.709111685410240603e-10 9.241626183716016759e-17 0.000000000000000000e+00
6.429799331103679405e-01 7.424369622798490664e-02 1.639692248950322062e+00 4.310675012952965623e+00 2.356882831297375080e+00 2.930715216818173263e-01 7.023728764661851982e-03 1.872413916135730907e-05 2.698979136503181657e-09 6.657373928868880773e-16 0.000000000000000000e+00
6.563545150501672865e-01 5.347352639002971031e-02 1.355912784756156730e+00 4.174563290624920597e+00 2.759188765957306444e+00 4.264358757584525983e-01 1.316066761165351345e-02 4.800517711184989719e-05 1.014888663440555254e-08 4.406587061353703672e-15 0.000000000000000000e+00
6.697290969899666324e-01 3.809967293501791141e-02 1.106517897700203257e+00 3.963889323181573054e+00 3.144255006372673744e+00 5.994560209148254160e-01 2.362449006230776111e-02 1.167193691296812265e-04 3.576952378829098621e-08 2.688966097255437797e-14 0.000000000000000000e+00
6.831036789297659784e-01 2.685810805026943998e-02 8.916754234793362599e-01 3.693917550438992947e+00 3.492087454543246761e+00 8.153912241563372465e-01 4.070556099667392569e-02 2.697390879255458728e-04 1.184740953172180539e-07 1.517496725243345312e-13 0.000000000000000000e+00
6.964782608695653243e-01 1.873610165382423240e-02 7.099287039476703809e-01 3.381443053553859990e+00 3.784373123966528585e+00 1.074794279189437596e+00 6.744431378792967169e-02 5.937806606031475120e-04 3.696915817913433249e-07 7.944122809094290308e-13 0.000000000000000000e+00
7.098528428093645593e-01 1.293662035845189254e-02 5.587195723993533258e-01 3.043294400998353577e+00 4.006172514227817949e+00 1.374822239144639635e+00 1.076448521677929593e-01 1.247625475392457424e-03 1.089445444241855853e-06 3.869007680170777257e-12 0.000000000000000000e+00
7.232274247491639052e-01 8.842979878020351681e-03 4.348412927178147425e-01 2.695096418541146566e+00 4.147197496358026036e+00 1.708868632914910091e+00 1.657743888282753597e-01 2.507118317973988739e-03 3.038931319880500525e-06 1.757902041405382666e-11 0.000000000000000000e+00
7.366020066889632512e-01 5.985780614405944965e-03 3.348026951195593459e-01 2.350377564388705931e+00 4.202529873376091629e+00 2.066619447630900996e+00 2.467191950517596544e-01 4.827447117115209359e-03 8.041621508803104863e-06 7.471127367143185857e-11 0.000000000000000000e+00
7.499765886287625971e-01 4.013323964856478632e-03 2.551007155826248152e-01 2.020043890072769521e+00 4.172731118557833518e+00 2.434571601340679958e+00 3.553868054279661903e-01 8.922712094157453713e-03 2.022981611775321364e-05 2.977696846223527483e-10 0.000000000000000000e+00
7.633511705685619431e-01 2.666081101816569765e-03 1.924089233100393925e-01 1.712190831774373256e+00 4.063387000929513881e+00 2.796977579182844398e+00 4.961713836059705729e-01 1.585856044914405946e-02 4.847819297754637661e-05 1.115676045518009325e-09 0.000000000000000000e+00
7.767257525083612890e-01 1.755330388299397885e-03 1.436951428185982149e-01 1.432190418132835985e+00 3.884205057035797992e+00 3.137108897948451158e+00 6.723297086139818912e-01 2.714792544518843803e-02 1.108797014994595073e-04 3.938906369332932767e-09 6.608461944439314253e-19
7.901003344481606350e-01 1.145766943142370294e-03 1.062831648345851365e-01 1.182975527907736968e+00 3.647827734974876890e+00 3.438678622351321934e+00 8.853426534255319780e-01 4.483351752365614257e-02 2.425045696207600327e-04 1.313312692401284800e-08 4.698012877712076476e-18
8.034749163879598699e-01 7.416938795212266568e-04 7.787305920511757018e-02 9.654419173517688746e-01 3.368536620117529079e+00 3.687239302512806738e+00 1.134354497958601993e+00 7.153513870690908494e-02 5.080764291438182381e-04 4.144298240218829997e-08 3.097092905018603531e-17
8.168494983277592159e-01 4.763054348813824251e-04 5.653281647857666403e-02 7.788984331597049726e-01 3.061007246422817740e+00 3.871380846394861130e+00 1.415784689429300469e+00 1.104369825252400350e-01 1.021475306582246773e-03 1.240286585726454734e-07 1.898406331507501986e-16
8.302240802675585618e-01 3.035439084713990507e-04 4.067172279713152094e-02 6.215113486755967642e-01 2.739237924143900216e+00 3.983589503878274041e+00 1.723191523404940861e+00 1.651916235558455182e-01 1.973948542545038518e-03 3.527307303191475194e-07 1.084778157637440459e-15
8.435986622073579078e-01 1.920329069859721873e-04 2.900350439749858900e-02 4.907059752789791340e-01 2.415729936779174469e+00 4.020685377163206731e+00 2.047436248747748433e+00 2.397245389267235460e-01 3.672355216280816150e-03 9.550865635675756394e-07 5.792777085529854956e-15
8.569732441471572537e-01 1.206397444091936920e-04 2.050513120666092731e-02 3.835046419816845464e-01 2.100949939062690675e+00 3.983819829899633902e+00 2.377154428485747317e+00 3.379357338174280856e-01 6.587487800940627566e-03 2.466697900401018469e-06 2.897754600346992146e-14
8.703478260869565997e-01 7.528474683361881194e-05 1.437536034477720874e-02 2.967931026812097306e-01 1.803065689734310695e+00 3.878073962636195304e+00 2.699496550762440439e+00 4.633119387162016878e-01 1.141041417542015997e-02 6.087343265361427124e-06 1.361004308346079276e-13
8.837224080267559456e-01 4.668364737998487206e-05 9.995655054102636425e-03 2.275167997722897517e-01 1.527917586722290499e+00 3.711745504573876531e+00 3.001060102330126877e+00 6.184811651215673667e-01 1.911196805552716621e-02 1.437850512051085531e-05 6.015005104375911489e-13
8.970969899665552916e-01 2.877403638631550260e-05 6.895009544728456473e-03 1.728143257579497216e-01 1.279172066955212017e+00 3.495438539689781354e+00 3.268907686322685358e+00 8.047575829554829419e-01 3.099734887609156483e-02 3.255977939844027541e-05 2.506742108394603148e-12
9.104715719063546375e-01 1.763393761856597782e-05 4.719400976715019090e-03 1.300984570489657766e-01 1.058597686310944752e+00 3.241077277558106040e+00 3.491554794939742745e+00 1.021735108612682019e+00 4.874489235435618129e-02 7.079655203181325082e-05 9.871059138576396291e-12
9.238461538461538725e-01 1.074834346628666304e-05 3.206025429128757202e-03 9.709602795027118260e-02 8.664080791077698462e-01 2.960954172667936479e+00 3.659817683751944273e+00 1.266989977610247786e+00 7.441622925229149366e-02 1.480340649734084209e-04 3.680000734180208205e-11
9.372207357859532184e-01 6.517865772773454398e-06 2.162105557600403887e-03 7.185739230417853562e-02 7.016249437570389880e-01 2.666899157319713609e+00 3.767434249880940111e+00 1.535944659360471087e+00 1.104250516669376958e-01 2.981001146451526737e-04 1.301306401348095811e-10
9.505953177257525644e-01 3.933375042152532206e-06 1.447838577469428081e-03 5.274489269726065355e-02 5.624257977141523535e-01 2.369626663336483308e+00 3.811404102746058786e+00 1.821928387255167481e+00 1.594541272571593504e-01 5.789256433792117681e-04 4.372657649653881110e-10
9.639698996655519103e-01 2.362882800341005445e-06 9.629449832143247099e-04 3.840807690638154553e-02 4.464531559698849961e-01 2.078286233879475642e+00 3.792031936735901443e+00 2.116445779793874049e+00 2.243151962048643422e-01 1.085753407316791472e-03 1.398630613740205486e-09
9.773444816053512563e-01 1.413360617392728374e-06 6.362480836924048512e-04 2.775167468320149933e-02 3.510724288655847070e-01 1.800215384140080754e+00 3.712694593519177744e+00 2.409638307037579086e+00 3.077535619800028099e-01 1.969039482144201852e-03 4.265614291120982344e-09
9.907190635451506022e-01 8.419981180403780586e-07 4.177353114815844193e-04 1.990075872606858476e-02 2.735743512074040873e-01 1.540872767267977839e+00 3.579381639535247572e+00 2.690898064108729670e+00 4.122076101353611133e-01 3.457323021278076516e-03 1.242463657699780492e-08
1.004093645484949837e+00 4.997193455084594095e-07 2.726035884891862067e-04 1.416615436217986794e-02 2.113238802922873805e-01 1.303916727240307605e+00 3.400078532072166482e+00 2.949573503216193604e+00 5.395418243037299888e-01 5.884597179814404777e-03 3.461675181222045718e-08
1.017468227424749072e+00 2.955315980881237460e-07 1.768573904337844419e-04 1.001206406051824774e-02 1.618613781470234769e-01 1.091388642510274121e+00 3.184069293533161815e+00 3.175695443807007301e+00 6.907786364710469806e-01 9.720667103285379057e-03 9.239360480173956061e-08
1.030842809364548529e+00 1.741993280405715371e-07 1.140987639888998983e-04 7.027028532288210304e-03 1.229638966205839901e-01 9.039607985188689021e-01 2.941232820180866181e+00 3.360650268413479136e+00 8.658583329337230516e-01 1.560172058247196250e-02 2.365808310871896161e-07
1.044217391304347764e+00 1.023651688949835662e-07 7.321641919501192569e-05 4.898728337123251821e-03 9.267497534781256319e-02 7.412131231610982196e-01 2.681395758911172322e+00 3.497735451234474713e+00 1.063456361922600513e+00 2.435704670525584703e-02 5.819771472558430207e-07
1.057591973244147221e+00 5.998129981828734786e-08 4.674209972168267408e-05 3.392702053573592655e-03 6.931099552281462517e-02 6.019101735246646934e-01 2.413788349158208391e+00 3.582548663601600847e+00 1.280883499676090942e+00 3.702677849587326930e-02 1.377229600265831268e-06
1.070966555183946456e+00 3.505328041628471762e-08 2.969483381325813118e-05 2.334780855262395902e-03 5.145119570846592300e-02 4.842577044971367872e-01 2.146630953667196806e+00 3.613182785370145034e+00 1.514086843571840646e+00 5.486500387568837844e-02 3.139392763835270697e-06
1.084341137123745691e+00 2.043517232326600091e-08 1.877696843729253863e-05 1.596878808593498291e-03 3.791725072324603207e-02 3.861257958090894560e-01 1.886861009100405218e+00 3.590221872861898866e+00 1.757759507227902640e+00 7.932285390571498784e-02 6.901907570544682075e-06
1.097715719063545148e+00 1.188636613118936836e-08 1.182058334373550940e-05 1.085701942784269604e-03 2.774705349862291101e-02 3.052321039367806854e-01 1.639994897893211290e+00 3.516554266905490334e+00 2.005555570203539251e+00 1.120074058148421842e-01 1.465221904877814094e-05
1.111090301003344383e+00 6.899570848996274488e-09 7.409962870046749848e-06 7.339210650229093750e-04 2.016615791899156046e-02 2.392839631274853995e-01 1.410107987366823856e+00 3.397035972084804900e+00 2.250395796278009897e+00 1.546144349878873225e-01 3.007164346959660366e-05
1.124464882943143840e+00 3.997376287447057090e-09 4.626466666013179493e-06 4.933727328212309492e-04 1.455931246346646273e-02 1.860817096757048650e-01 1.199909181522077040e+00 3.238048554008068347e+00 2.484840280810037161e+00 2.088360229904066556e-01 5.973406237755470808e-05
1.137839464882943075e+00 2.311972424773677364e-09 2.877593172986052223e-06 3.298940702205796320e-04 1.044367048630206150e-02 1.435878721872198838e-01 1.010883499317396295e+00 3.047000499553066177e+00 2.701497611428315349e+00 2.762474004798912697e-01 1.149670415883856476e-04
1.151214046822742532e+00 1.335108620638322260e-09 1.783379548033955301e-06 2.194488726071614588e-04 7.444604645910518279e-03 1.099679973715434605e-01 8.434767010349364380e-01 2.831819656812160080e+00 2.893436984497351094e+00 3.581806682643178807e-01 2.146202776602282260e-04
1.164588628762541767e+00 7.699200477815713699e-10 1.101483624292467405e-06 1.452569093489552597e-04 5.274564434144007885e-03 8.360914660339933968e-02 6.972988853215764671e-01 2.600478156626523152e+00 3.054570190107389838e+00 4.555956542682231825e-01 3.890084089737931854e-04
1.177963210702341001e+00 4.434408063767197474e-10 6.781334535772917355e-07 9.569054447899655747e-05 3.715072342125157450e-03 6.312177553913118910e-02 5.713283028548387099e-01 2.360581699340394746e+00 3.179974186543684578e+00 5.689596578152402717e-01 6.852807829862738245e-04
1.191337792642140458e+00 2.551231529227474292e-10 4.162321957645920085e-07 6.274991268293552630e-05 2.601728409909202268e-03 4.733003260381297983e-02 4.641015199076632958e-01 2.119043981099432816e+00 3.266131488082919088e+00 6.981479037861868520e-01 1.174400708908078647e-03
1.204712374581939693e+00 1.466387807774732266e-10 2.547519938565827191e-07 4.096858561913013883e-05 1.811958008146257989e-03 3.525466723797859858e-02 3.738808479508538007e-01 1.881855906898137087e+00 3.311073892865683543e+00 8.423751093380368316e-01 1.959774439084814579e-03
1.218086956521739150e+00 8.421521773141223200e-11 1.555021946089529505e-07 2.663563718339217147e-05 1.255169798564156631e-03 2.609185897344168045e-02 2.987941811270323211e-01 1.653949338565307015e+00 3.314424166716295250e+00 1.000165834481114402e+00 3.187346821781920914e-03
1.231461538461538385e+00 4.833154144121730553e-11 9.468160594898524429e-08 1.724759590232097340e-05 8.649698159116109980e-04 1.919045117132086795e-02 2.369458022905893135e-01 1.439147277547936143e+00 3.277339171124045158e+00 1.169367635777543546e+00 5.056680996090101056e-03
1.244836120401337842e+00 2.772185331979459942e-11 5.751427087031489329e-08 1.112563867745897523e-05 5.930874143162039123e-04 1.402934864356322926e-02 1.864992477835289986e-01 1.240186973137533011e+00 3.202365700356841760e+00 1.347206993675552633e+00 7.832186480703450665e-03
1.258210702341137077e+00 1.589338326658989492e-11 3.486060416242648519e-08 7.150364376760785218e-06 4.046971142276195284e-04 1.019623842465265662e-02 1.457349999876695890e-01 1.058799485485258707e+00 3.093226305554201083e+00 1.530384094981766196e+00 1.185329612901751296e-02
1.271585284280936534e+00 9.108810762972330908e-12 2.108674467844093213e-08 4.579441273168519583e-06 2.748581761173229314e-04 7.368320390007477953e-03 1.130867195117374741e-01 8.958284428920769704e-01 2.954556227200874297e+00 1.715199312105510465e+00 1.754207743993688173e-02
1.284959866220735769e+00 5.219211216457049313e-12 1.273102225664082562e-08 2.923145589143943621e-06 1.858347681656865604e-04 5.295379898169456576e-03 8.716008692388617363e-02 7.513716616397221326e-01 2.791614104655741002e+00 1.897701974800219515e+00 2.540656708563874058e-02
1.298334448160535004e+00 2.990133313537047195e-12 7.672866799900815263e-09 1.859999385955722705e-06 1.250998173671035688e-04 3.785282334832823850e-03 6.673825566320221170e-02 6.249314181351210973e-01 2.609988514590176223e+00 2.073850936808276035e+00 3.603810665178810990e-02
1.311709030100334461e+00 1.713015857938969461e-12 4.616916703709123361e-09 1.179963402937005785e-06 8.386261261765101617e-05 2.691801001746321580e-03 5.077756904047856651e-02 5.155619622729359364e-01 2.415319952343501164e+00 2.239676470215680393e+00 5.010118367849834137e-02
1.325083612040133696e+00 9.814273610755573032e-13 2.773982047310370748e-09 7.464226818513780878e-07 5.599272853354998373e-05 1.904586958490291689e-03 3.839668740337790626e-02 4.220058916117345738e-01 2.213054097512305418e+00 2.391433991913526125e+00 6.831476644747899729e-02
1.338458193979933153e+00 5.623670636890967445e-13 1.664438048306540110e-09 4.708981946580525660e-07 3.724043827651434680e-05 1.341035576123097116e-03 2.886170117054354112e-02 3.428139232485662435e-01 2.008237650843347488e+00 2.525741760074752040e+00 9.142484507114914671e-02
1.351832775919732388e+00 3.223174293553762953e-13 9.974638058955974239e-10 2.963184302558561137e-07 2.467658311212138567e-05 9.397855154761289602e-04 2.156923883045830034e-02 2.764451698721089312e-01 1.805363241030710331e+00 2.639696662725131038e+00 1.201687936336780921e-01
1.365207357859531845e+00 1.847929917927241135e-13 5.970948958009843629e-10 1.860122153998493911e-07 1.629327115350592367e-05 6.555900950988576654e-04 1.602905945871873142e-02 2.213471176366967330e-01 1.608265357930585893e+00 2.730964270201390764e+00 1.552331484318475729e-01
1.378581939799331080e+00 1.059885598512082418e-13 3.570717988309058771e-10 1.165025270816381993e-07 1.072134343756121616e-05 4.553196497663858605e-04 1.184717075096523332e-02 1.760160715882353177e-01 1.420065344563127274e+00 2.797841220599987189e+00 1.972073303591411475e-01
1.391956521739130537e+00 6.081864391863262424e-14 2.133443547847250277e-10 7.281124170873085357e-08 7.031874440005705608e-06 3.148798945922862678e-04 8.710145407255915490e-03 1.390398987436138323e-01 1.243160415213356629e+00 2.839289620458576024e+00 2.465365932643696911e-01
1.405331103678929772e+00 3.491802749158232046e-14 1.273696083502824018e-10 4.541372289755650671e-08 4.597650350918124143e-06 2.168608380806550664e-04 6.371020327788764689e-03 1.091255205733491773e-01 1.079249570232177380e+00 2.854944424037725081e+00 3.034779378054964782e-01
1.418705685618729007e+00 2.005984001051954121e-14 7.598947297488608599e-11 2.827196370162768960e-08 2.997121030870534635e-06 1.487603205276721993e-04 4.636947627901327057e-03 8.511386848737147182e-02 9.293881418542395689e-01 2.845095721449029558e+00 3.680628099855157709e-01
1.432080267558528464e+00 1.153182969696733580e-14 4.530918408044568352e-11 1.756944142893246679e-08 1.948207914247003651e-06 1.016538738158557706e-04 3.358613765938294870e-03 6.598500728419474937e-02 7.940624299672672803e-01 2.810648575045309183e+00 4.400700727302131465e-01
1.445454849498327698e+00 6.634204576321664235e-15 2.700255405380672052e-11 1.090044611500315207e-08 1.262951768343938335e-06 6.920725996245246042e-05 2.421341707100858800e-03 5.085593712548006767e-02 6.732763118848638095e-01 2.753063562702509515e+00 5.190120207762102256e-01
1.458829431438127155e+00 3.819662735555281290e-15 1.608600767035706380e-11 6.752498612505405802e-09 8.166105816492595367e-07 4.694931439345765233e-05 1.737729832580304319e-03 3.897327789828419764e-02 5.666426452707273853e-01 2.674281572805605300e+00 6.041351796261222873e-01
1.472204013377926390e+00 2.201056148403770939e-15 9.579746888535250938e-12 4.177020499767294934e-09 5.267140782469950249e-07 3.174056436995180462e-05 1.241650115692516290e-03 2.970267982492815623e-02 4.734735346768924602e-01 2.576636682095053477e+00 6.944364052281755129e-01
1.485578595317725847e+00 1.269493372026925272e-15 5.703719699965304139e-12 2.580458970998132957e-09 3.389378104374278645e-07 2.138772793295901781e-05 8.834182798370687371e-04 2.251643483998660988e-02 3.928649233062223578e-01 2.462761140523050507e+00 7.886935223804525386e-01
1.498953177257525082e+00 7.329006724540428515e-16 3.395434157161745268e-12 1.592210155849150316e-09 2.176217739734340182e-07 1.436597141607984793e-05 6.259531994116474072e-04 1.698041465170259390e-02 3.237723569997836837e-01 2.335486572032766439e+00 8.855085493047432088e-01
1.512327759197324317e+00 4.235417751217560475e-16 2.021150715148063769e-12 9.813416343939189632e-10 1.394352431634537599e-07 9.620115687188352451e-06 4.417562377758372854e-04 1.274115184091386202e-02 2.650760388007926127e-01 2.197745451000363559e+00 9.833605789608390602e-01
1.525702341137123774e+00 2.450213291863583535e-16 1.203095932185964220e-12 6.042244792385930770e-10 8.916202180856039118e-08 6.423238129722426254e-06 3.105594637973269523e-04 9.513618843614663964e-03 2.156343795055550572e-01 2.052476706542134099e+00 1.080664717273015496e+00
1.539076923076923009e+00 1.419015396862344129e-16 7.161939282855948606e-13 3.716850430611711431e-10 5.690786078382735284e-08 4.276697452679613215e-06 2.175118548738958597e-04 7.070048429187210728e-03 1.743261166201734158e-01 1.902538928323580736e+00 1.175833164959730004e+00
1.552451505016722466e+00 8.227426756121227778e-17 4.264020062267123491e-13 2.284491562167644640e-10 3.625735451924207445e-08 2.839847444805329758e-06 1.517927312922717059e-04 5.229975949115677099e-03 1.400817136851362776e-01 1.750634103678376796e+00 1.267334578588446226e+00
1.565826086956521701e+00 4.775862959510843696e-17 2.539184688075317314e-13 1.403070219007433199e-10 2.306198115544240317e-08 1.880890542322832907e-06 1.055605567571209691e-04 3.851563047840451774e-03 1.119051776329063053e-01 1.599244132859980239e+00 1.353748222298338577e+00
1.579200668896321158e+00 2.775664327305078370e-17 1.512456374338668168e-13 8.611543153724405102e-11 1.464595104525542373e-08 1.242690460129095120e-06 7.316220575551436712e-05 2.824178193350391792e-03 8.888767107846783089e-02 1.450581590983978986e+00 1.433810056832982349e+00
1.592575250836120393e+00 1.615194359908571281e-17 9.011786543863287684e-14 5.282376558739307668e-11 9.287557603106498080e-09 8.191078420479677811e-07 5.054254505343826079e-05 2.062154441075773632e-03 7.021438384631140117e-02 1.306555387391286516e+00 1.506448719674674530e+00
1.605949832775919628e+00 9.411093548125320834e-18 5.371595456285989833e-14 3.238607810829891425e-11 5.881521220793135750e-09 5.386969041016023618e-07 3.480666507991679039e-05 1.499612744180622284e-03 5.516610028533740218e-02 1.168751175635968087e+00 1.570810234760537716e+00
1.619324414715719085e+00 5.490688063046159585e-18 3.203198972350201716e-14 1.984726228641416681e-11 3.719820579883839628e-09 3.535237578654230136e-07 2.389744820818379223e-05 1.086224026105630895e-03 4.311679092128009594e-02 1.038425646280545012e+00 1.626271162931530290e+00
1.632698996655518320e+00 3.207731539313494419e-18 1.911065673864268770e-14 1.215871159626965708e-11 2.349834264847272490e-09 2.315302678748549075e-07 1.635958548498561463e-05 7.837801914054501719e-04 3.352839942939818407e-02 9.165132361389581872e-01 1.672440689528906121e+00
1.646073578595317777e+00 1.876576567597869999e-18 1.140775756246217555e-14 7.446454111464588374e-12 1.482767024660651968e-09 1.513405023284032483e-07 1.116790189513817229e-05 5.634492623536031895e-04 2.594381396229911499e-02 8.036433428486198238e-01 1.709152788167460857e+00
1.659448160535117012e+00 1.099368733525117956e-18 6.813635588736565918e-15 4.559484076987220042e-12 9.346852872427858647e-10 9.874221364351314158e-08 7.603180939728079767e-06 4.035997772220736293e-04 1.997882485571210107e-02 7.001658573696696308e-01 1.736450067088916249e+00
1.672822742474916469e+00 6.449713444007995710e-19 4.072222981729793672e-15 2.791349780848550317e-12 5.886401697280325049e-10 6.431196706245945498e-08 5.162837478465107211e-06 2.880921487320658807e-04 1.531369238953000401e-02 6.061827177055812976e-01 1.754561186065092704e+00
1.686197324414715704e+00 0.000000000000000000e+00 2.435440059902897118e-15 1.708725506495375537e-12 3.703910322304128927e-10 4.181786273558061013e-08 3.496994657240271623e-06 2.049482017576195259e-04 1.168478743075979098e-02 5.215832294656663759e-01 1.763873836008933216e+00
1.699571906354515161e+00 0.000000000000000000e+00 1.457588642387544657e-15 1.045962076607380259e-12 2.328788717734266963e-10 2.714886989676484732e-08 2.362968382323494108e-06 1.453234693605899358e-04 8.876629239323651638e-03 4.460810672242244146e-01 1.764905223141740143e+00
1.712946488294314396e+00 0.000000000000000000e+00 8.730150477154223712e-16 6.402805525723942676e-13 1.463156164476864272e-10 1.759945734610324511e-08 1.593013186499698205e-06 1.027193234474648332e-04 6.714530202800478471e-03 3.792511332042899919e-01 1.758271826903661461e+00
1.726321070234113630e+00 0.000000000000000000e+00 5.233045655785893504e-16 3.919761310501980169e-13 9.186987170257628185e-11 1.139307772151397491e-08 1.071569876701667727e-06 7.238325845815727559e-05 5.057966303290469673e-03 3.205647727529436497e-01 1.744659942137120723e+00
1.739695652173913087e+00 0.000000000000000000e+00 3.139420078607971340e-16 2.399977469946385178e-13 5.765105070011679241e-11 7.365678157264777809e-09 7.192858165418146241e-07 5.085546214946219304e-05 3.794722789592956495e-03 2.694221968913667054e-01 1.724798207613126744e+00
1.753070234113712322e+00 0.000000000000000000e+00 1.885045377193660488e-16 1.469722535622670557e-13 3.615945675641260060e-11 4.756077610870698050e-09 4.818386666507629828e-07 3.562817507734828787e-05 2.835814092867935000e-03 2.251813124492382245e-01 1.699432997390189382e+00
1.766444816053511779e+00 0.000000000000000000e+00 1.132886291956232243e-16 9.002554321949541944e-14 2.266966096366098223e-11 3.067490806964288730e-09 3.221508672748252706e-07 2.489133311182037381e-05 2.111142400959910553e-03 1.871824871620129394e-01 1.669307235763292985e+00
1.779819397993311014e+00 0.000000000000000000e+00 6.814860483336993428e-17 5.515934440492730082e-14 1.420703922948903767e-11 1.976279659598617906e-09 2.149868533986977076e-07 1.734373292232122227e-05 1.565837405173912695e-03 1.547690643010644351e-01 1.635142910833536023e+00
1.793193979933110471e+00 0.000000000000000000e+00 4.103430753073315105e-17 3.380767707329324823e-14 8.900688896444042518e-12 1.271967521472144729e-09 1.432174623360577406e-07 1.205361213038778508e-05 1.157207676582356487e-03 1.273036790076898517e-01 1.597627319193774431e+00
1.806568561872909706e+00 0.000000000000000000e+00 2.473258328380533961e-17 2.072877462552872548e-14 5.574813307296323942e-12 8.178937605882768461e-10 9.524608890693826019e-08 8.356253138439137442e-06 8.522293810157109814e-04 1.041806123740167261e-01 1.557402881650699289e+00
1.819943143812709163e+00 0.000000000000000000e+00 1.492231577577284608e-17 1.271488443941509871e-14 3.490985289054830109e-12 5.254614573774985760e-10 6.324121163172539231e-08 5.779155661021026394e-06 6.254984649573357017e-04 8.483455008011993315e-02 1.515060228657651331e+00
1.833317725752508398e+00 0.000000000000000000e+00 9.012783004939672238e-18 7.802780692251208679e-15 2.185748452656179502e-12 3.373159570622941871e-10 4.192653181597596300e-08 3.987617465771937426e-06 4.575763063251047790e-04 6.874619425124625649e-02 1.471134161436681298e+00
1.846692307692307633e+00 0.000000000000000000e+00 5.449398427477028349e-18 4.790728824219889793e-15 1.368388726911495508e-12 2.163779658294088706e-10 2.775533231805727114e-08 2.745338671983650879e-06 3.336647728298098681e-04 5.544521670074532144e-02 1.426102044996658380e+00
1.860066889632107090e+00 0.000000000000000000e+00 3.298493623754089000e-18 2.942966487382790274e-15 8.566389840755721217e-13 1.387064099633364477e-10 1.834867969003582191e-08 1.886027193085494308e-06 2.425536515056740151e-04 4.451104669789539975e-02 1.380384175135422664e+00
1.873441471571906325e+00 0.000000000000000000e+00 1.998803691463071691e-18 1.808907121774020152e-15 5.362735149720117962e-13 8.886152650197139406e-11 1.211421909309341793e-08 1.293019291776835452e-06 1.757907763529990006e-04 3.557196501871796174e-02 1.334345675150912847e+00
1.886816053511705782e+00 0.000000000000000000e+00 1.212611034885743260e-18 1.112524281512809010e-15 3.357340739325877440e-13 5.689712534921476817e-11 7.988196565611747711e-09 8.847116637460339395e-07 1.270323886627888147e-04 2.830293612470842143e-02 1.288299511643883566e+00
1.900190635451505017e+00 0.000000000000000000e+00 7.365101957345683987e-19 6.846670875261083104e-16 2.102058123742469394e-13 3.641254052480265821e-11 5.261316940946845731e-09 6.041879798080700538e-07 9.153799972242395919e-05 2.242255886124602457e-02 1.242510265453260709e+00
1.913565217391304474e+00 0.000000000000000000e+00 0.000000000000000000e+00 4.216382326545119243e-16 1.316294978703549057e-13 2.329269545020069600e-11 3.461477235859931703e-09 4.118595183779419009e-07 6.578010831494622904e-05 1.768945895648778299e-02 1.197198347449136335e+00
1.926939799331103709e+00 0.000000000000000000e+00 0.000000000000000000e+00 2.598390289715202528e-16 8.244023725164112729e-14 1.489429268341317997e-11 2.274981658603140811e-09 2.802626307170241440e-07 4.714447506652676790e-05 1.389838849279824949e-02 1.152544404837098968e+00
1.940314381270902944e+00 0.000000000000000000e+00 0.000000000000000000e+00 1.602453331783369002e-16 5.164406166963543007e-14 9.520810254838265678e-12 1.493726436346909887e-09 1.903934293115628823e-07 3.370126032169065109e-05 1.087624186896230492e-02 1.108693718212205637e+00
1.953688963210702401e+00 0.000000000000000000e+00 0.000000000000000000e+00 9.889975331653191226e-17 3.236038721321708694e-14 6.084202142428565331e-12 9.798679991990356691e-10 1.291339010315199307e-07 2.403122467777761440e-05 8.478146921661178573e-03 1.065760440350014937e+00
1.967063545150501636e+00 0.000000000000000000e+00 0.000000000000000000e+00 6.108654061712266112e-17 2.028315847156413832e-14 3.887139884877627705e-12 6.422339745284031255e-10 8.745009552854219913e-08 1.709443114833470855e-05 6.583745230812058057e-03 1.023831573076380730e+00
1.980438127090301093e+00 0.000000000000000000e+00 0.000000000000000000e+00 3.776135381441057827e-17 1.271750193435733486e-14 2.482984161185181440e-12 4.206039096951403836e-10 5.913456979235598257e-08 1.213154827659848385e-05 5.093737830640800157e-03 9.829706177021604319e-01
1.993812709030100327e+00 0.000000000000000000e+00 0.000000000000000000e+00 2.336210652364279977e-17 7.976780025637659359e-15 1.585823131284610311e-12 2.752530171728262925e-10 3.993120887150052178e-08 8.590011916722604176e-06 3.926741638012736478e-03 9.432208671807177369e-01
2.007187290969899784e+00 0.000000000000000000e+00 0.000000000000000000e+00 1.446602182561810757e-17 5.005271664024432950e-15 1.012725395410169497e-12 1.800086436958086980e-10 2.692783076056986885e-08 6.069035728690065721e-06 3.016477528251394497e-03 9.046083344595210463e-01
2.020561872909699019e+00 0.000000000000000000e+00 0.000000000000000000e+00 8.965380174232938471e-18 3.142071360948964907e-15 6.467006776592586911e-13 1.176468161026343210e-10 1.813575002600627800e-08 4.278837231307842762e-06 2.309292505639715110e-03 8.671443318001564871e-01
2.033936454849498254e+00 0.000000000000000000e+00 0.000000000000000000e+00 5.561349079501296276e-18 1.973360256459340744e-15 4.129595346907170513e-13 7.684488079545182785e-11 1.219948750784458766e-08 3.010530719419031818e-06 1.762005053223612231e-03 8.308277306052256339e-01
2.047311036789297489e+00 0.000000000000000000e+00 0.000000000000000000e+00 3.452966842030160736e-18 1.239971587584033823e-15 2.637069401811877586e-13 5.016714653428795830e-11 8.196823353254604638e-09 2.113985518466562463e-06 1.340053672778419467e-03 7.956469410392983388e-01
2.060685618729097168e+00 0.000000000000000000e+00 0.000000000000000000e+00 2.145922418433946829e-18 7.795513022658222801e-16 1.684078151535573234e-13 3.273517540039381717e-11 5.501395239600067623e-09 1.481604797543379751e-06 1.015923022938335432e-03 7.615816559998208612e-01
2.074060200668896403e+00 0.000000000000000000e+00 0.000000000000000000e+00 1.334913556177644947e-18 4.903626551941883274e-16 1.075587451277640668e-13 2.135114955675327912e-11 3.688485831272148136e-09 1.036485675941020749e-06 7.678191726773140593e-04 7.286044053178921676e-01
2.087434782608695638e+00 0.000000000000000000e+00 0.000000000000000000e+00 8.312230369222986854e-19 3.086323449735770248e-16 6.870489128071039432e-14 1.392063579449374699e-11 2.470560436960240798e-09 7.238078799064913280e-07 5.785646357542945312e-04 6.966819639886694393e-01
2.100809364548494873e+00 0.000000000000000000e+00 0.000000000000000000e+00 0.000000000000000000e+00 1.943694693765127767e-16 4.389379661568616547e-14 9.072926883880206763e-12 1.653249533864615148e-09 5.045919038975355547e-07 4.346844653531123956e-04 6.657766533078665061e-01
2.114183946488294552e+00 0.000000000000000000e+00 0.000000000000000000e+00 0.000000000000000000e+00 1.224864309362563816e-16 2.804831665959206857e-14 5.911599747988079283e-12 1.105349874720843785e-09 3.511894875406467327e-07 3.256562939325964297e-04 6.358475666214870037e-01
2.127558528428093787e+00 0.000000000000000000e+00 0.000000000000000000e+00 0.000000000000000000e+00 7.723809813871826262e-17 1.792721096391351952e-14 3.850792207864878552e-12 7.384172407979129245e-10 2.440358814220458597e-07 2.432994243537798336e-04 6.068517426234883994e-01
2.140933110367893022e+00 0.000000000000000000e+00 0.000000000000000000e+00 0.000000000000000000e+00 4.873811792232334571e-17 1.146131779299279336e-14 2.507842356608758786e-12 4.929084751355761811e-10 1.693179186307630439e-07 1.812806245539020299e-04 5.787452994465799305e-01
2.154307692307692257e+00 0.000000000000000000e+00 0.000000000000000000e+00 0.000000000000000000e+00 3.077577975436162527e-17 7.329687098772194720e-15 1.632948813950034836e-12 3.287867133168867587e-10 1.173045173151708867e-07 1.347169344199344973e-04 5.514845328989680384e-01
2.167682274247491492e+00 0.000000000000000000e+00 0.000000000000000000e+00 0.000000000000000000e+00 1.944740495854241902e-17 4.688976686803768055e-15 1.063123417414923395e-12 2.191625320502364205e-10 8.115477742331127939e-08 9.985840784753243079e-05 5.250269728168478478e-01
2.181056856187291171e+00 0.000000000000000000e+00 0.000000000000000000e+00 0.000000000000000000e+00 1.229802338752332510e-17 3.000714868315873192e-15 6.920694061648205504e-13 1.459965020498111073e-10 5.606933187115551283e-08 7.383618369069204067e-05 4.993323833008876389e-01
2.194431438127090406e+00 0.000000000000000000e+00 0.000000000000000000e+00 0.000000000000000000e+00 7.782846410698546141e-18 1.921043668937998257e-15 4.504909375653205788e-13 9.719908127900812768e-11 3.868765918385297052e-08 5.446354443842190714e-05 4.743636861710531782e-01
2.207806020066889641e+00 0.000000000000000000e+00 0.000000000000000000e+00 0.000000000000000000e+00 4.929230992168956430e-18 1.230345288588439339e-15 2.932297398455378793e-13 6.467618433771502945e-11 2.666113366599661432e-08 4.007964891424934122e-05 4.500877827647639662e-01
2.221180602006688876e+00 0.000000000000000000e+00 0.000000000000000000e+00 0.000000000000000000e+00 3.124389616007132023e-18 7.883245678850315936e-16 1.908666980315718793e-13 4.301377708843681117e-11 1.835129130288079733e-08 2.942740471325375936e-05 4.264762475085708271e-01
2.234555183946488555e+00 0.000000000000000000e+00 0.000000000000000000e+00 0.000000000000000000e+00 1.982001232070600340e-18 5.053380605685197261e-16 1.242414982491618599e-13 2.859365458563328284e-11 1.261707693244537812e-08 2.155848215077441022e-05 4.035058676112094345e-01
2.247929765886287790e+00 0.000000000000000000e+00 0.000000000000000000e+00 0.000000000000000000e+00 1.258352951527446175e-18 3.240918370203065727e-16 8.087817005340700005e-14 1.899975911781671319e-11 8.665162473058355899e-09 1.575977867068260288e-05 3.811590066529014220e-01
2.261304347826087024e+00 0.000000000000000000e+00 0.000000000000000000e+00 0.000000000000000000e+00 7.995905169972995215e-19 2.079568258993259218e-16 5.265472882323570450e-14 1.262001381799131306e-11 5.944861369784946054e-09 1.149674119770781018e-05 3.594237754864748613e-01
2.274678929765886259e+00 0.000000000000000000e+00 0.000000000000000000e+00 0.000000000000000000e+00 0.000000000000000000e+00 1.335078438674044358e-16 3.428449551064359699e-14 8.379562967258993403e-12 4.074502072487018456e-09 8.369866877435459769e-06 3.382940012582029699e-01
2.288053511705685494e+00 0.000000000000000000e+00 0.000000000000000000e+00 0.000000000000000000e+00 0.000000000000000000e+00 8.575867470536884996e-17 2.232672109271034921e-14 5.562227486906649758e-12 2.789943338632135235e-09 6.081453799150970852e-06 3.177689939124077045e-01
2.301428093645485173e+00 0.000000000000000000e+00 0.000000000000000000e+00 0.000000000000000000e+00 0.000000000000000000e+00 5.511830333967998417e-17 1.454223024646341152e-14 3.691114807225898799e-12 1.908639953298295138e-09 4.410285705613476389e-06 2.978531186019180432e-01
2.314802675585284408e+00 0.000000000000000000e+00 0.000000000000000000e+00 0.000000000000000000e+00 0.000000000000000000e+00 3.544611299887561079e-17 9.473875401094302395e-15 2.448854261115852234e-12 1.304607023268108779e-09 3.192429832049692385e-06 2.785551913065516527e-01
2.328177257525083643e+00 0.000000000000000000e+00 0.000000000000000000e+00 0.000000000000000000e+00 0.000000000000000000e+00 2.280891204185849646e-17 6.173425679218373542e-15 1.624350059356803616e-12 8.910074021082628402e-10 2.306724268220745490e-06 2.598877230222687573e-01
2.341551839464882878e+00 0.000000000000000000e+00 0.000000000000000000e+00 0.000000000000000000e+00 0.000000000000000000e+00 1.468627204407807454e-17 4.023811587137062760e-15 1.077263452916020442e-12 6.080610424761280934e-10 1.663847685687713176e-06 2.418660445710538454e-01
2.354926421404682113e+00 0.000000000000000000e+00 0.000000000000000000e+00 0.000000000000000000e+00 0.000000000000000000e+00 9.462310228713324284e-18 2.623448266203976452e-15 7.143379628268223707e-13 4.146629560873059342e-10 1.198114681383948401e-06 2.245073489700102065e-01
2.368301003344481792e+00 0.000000000000000000e+00 0.000000000000000000e+00 0.000000000000000000e+00 0.000000000000000000e+00 6.100545798562860128e-18 1.710964809181010150e-15 4.736292801592603394e-13 2.825810130130628409e-10 8.613369103459344726e-07 2.078296911155260440e-01
2.381675585284281027e+00 0.000000000000000000e+00 0.000000000000000000e+00 0.000000000000000000e+00 0.000000000000000000e+00 3.935800659376231887e-18 1.116228914173336677e-15 3.140071048694070199e-13 1.924453635480283623e-10 6.182441374711585641e-07 1.918509851774277963e-01
2.395050167224080262e+00 0.000000000000000000e+00 0.000000000000000000e+00 0.000000000000000000e+00 0.000000000000000000e+00 2.540955818698714438e-18 7.284817259652894904e-16 2.081705355416802100e-13 1.309800949472936342e-10 4.430790440119358000e-07 1.765880386127172130e-01
2.408424749163879497e+00 0.000000000000000000e+00 0.000000000000000000e+00 0.000000000000000000e+00 0.000000000000000000e+00 1.641599493919332306e-18 4.756051233259726121e-16 1.380035508409309475e-13 8.909488023010733768e-11 3.170722167440199349e-07 1.620556582973957105e-01
2.421799331103679176e+00 0.000000000000000000e+00 0.000000000000000000e+00 0.000000000000000000e+00 0.000000000000000000e+00 1.061327904904903939e-18 3.106317262825323433e-16 9.148807345099379573e-14 6.057112163717586701e-11 2.265750163022996076e-07 1.482658592538790288e-01
2.435173913043478411e+00 0.000000000000000000e+00 0.000000000000000000e+00 0.000000000000000000e+00 0.000000000000000000e+00 6.866733395973650677e-19 2.029668785817530947e-16 6.065317993441863006e-14 4.115848010009661997e-11 1.616826215719960893e-07 1.352272002201118373e-01
2.448548494983277646e+00 0.000000000000000000e+00 0.000000000000000000e+00 0.000000000000000000e+00 0.000000000000000000e+00 0.000000000000000000e+00 1.326761838724034201e-16 4.021321978671094457e-14 2.795431949794081797e-11 1.152211926253849306e-07 1.229442633104209509e-01
2.461923076923076881e+00 0.000000000000000000e+00 0.000000000000000000e+00 0.000000000000000000e+00 0.000000000000000000e+00 0.000000000000000000e+00 8.676753916889433805e-17 2.666375276156164141e-14 1.897793963238417751e-11 8.200472556193205367e-08 1.114172877127278805e-01
2.475297658862876116e+00 0.000000000000000000e+00 0.000000000000000000e+00 0.000000000000000000e+00 0.000000000000000000e+00 0.000000000000000000e+00 5.677091528427867751e-17 1.768159754826374679e-14 1.287875920831501610e-11 5.829110068960558190e-08 1.006419601834452060e-01
2.488672240802675795e+00 0.000000000000000000e+00 0.000000000000000000e+00 0.000000000000000000e+00 0.000000000000000000e+00 0.000000000000000000e+00 3.716262174976333203e-17 1.172680923304766262e-14 8.736505075889761879e-12 4.138485729935745157e-08 9.060935842052392220e-02
2.502046822742475030e+00 0.000000000000000000e+00 0.000000000000000000e+00 0.000000000000000000e+00 0.000000000000000000e+00 0.000000000000000000e+00 2.433917712788397732e-17 7.778688319615563327e-15 5.924528001527912105e-12 2.934776709368429010e-08 8.130603752548563878e-02
2.515421404682274265e+00 0.000000000000000000e+00 0.000000000000000000e+00 0.000000000000000000e+00 0.000000000000000000e+00 0.000000000000000000e+00 1.594892970898790929e-17 5.160725376079558307e-15 4.016384737096851441e-12 2.078840812830349673e-08 7.271424493200726036e-02
2.528795986622073499e+00 0.000000000000000000e+00 0.000000000000000000e+00 0.000000000000000000e+00 0.000000000000000000e+00 0.000000000000000000e+00 1.045658962684568429e-17 3.424541390047717777e-15 2.722044763430345851e-12 1.470949493403801418e-08 6.481224551887453111e-02
2.542170568561873178e+00 0.000000000000000000e+00 0.000000000000000000e+00 0.000000000000000000e+00 0.000000000000000000e+00 0.000000000000000000e+00 6.859429109933337289e-18 2.272953326993602750e-15 1.844361980870972112e-12 1.039733532847212883e-08 5.757473619043869395e-02
2.555545150501672413e+00 0.000000000000000000e+00 0.000000000000000000e+00 0.000000000000000000e+00 0.000000000000000000e+00 0.000000000000000000e+00 4.502270179777487121e-18 1.508981448220541660e-15 1.249396303876780448e-12 7.341945198445594851e-09 5.097332797265675258e-02
2.568919732441471648e+00 0.000000000000000000e+00 0.000000000000000000e+00 0.000000000000000000e+00 0.000000000000000000e+00 0.000000000000000000e+00 2.956833470649778046e-18 1.002054057220204686e-15 8.461927955417040537e-13 5.179426718139926029e-09 4.497707354718832873e-02
2.582294314381270883e+00 0.000000000000000000e+00 0.000000000000000000e+00 0.000000000000000000e+00 0.000000000000000000e+00 0.000000000000000000e+00 1.943031072374630645e-18 6.656111476851403030e-16 5.730137748085045147e-13 3.650480411952598257e-09 3.955301899022738155e-02
2.595668896321070118e+00 0.000000000000000000e+00 0.000000000000000000e+00 0.000000000000000000e+00 0.000000000000000000e+00 0.000000000000000000e+00 1.277602682256438271e-18 4.422626543408883008e-16 3.879705034959677345e-13 2.570585675419853075e-09 3.466676012361651071e-02
2.609043478260869797e+00 0.000000000000000000e+00 0.000000000000000000e+00 0.000000000000000000e+00 0.000000000000000000e+00 0.000000000000000000e+00 8.405827730398545924e-19 2.939530707701486447e-16 2.626523183506322851e-13 1.808603985884603292e-09 3.028298613248371282e-02
2.622418060200669032e+00 0.000000000000000000e+00 0.000000000000000000e+00 0.000000000000000000e+00 0.000000000000000000e+00 0.000000000000000000e+00 0.000000000000000000e+00 1.954435525538447148e-16 1.777965528606765548e-13 1.271450602900865512e-09 2.636599576183742272e-02
2.635792642140468267e+00 0.000000000000000000e+00 0.000000000000000000e+00 0.000000000000000000e+00 0.000000000000000000e+00 0.000000000000000000e+00 0.000000000000000000e+00 1.299923007539040115e-16 1.203470366277901402e-13 8.931307498973594254e-10 2.288017428855621677e-02
2.649167224080267502e+00 0.000000000000000000e+00 0.000000000000000000e+00 0.000000000000000000e+00 0.000000000000000000e+00 0.000000000000000000e+00 0.000000000000000000e+00 8.649160121593492412e-17 8.145683854871622393e-14 6.269093381474374243e-10 1.979042240732929031e-02
2.662541806020067181e+00 0.000000000000000000e+00 0.000000000000000000e+00 0.000000000000000000e+00 0.000000000000000000e+00 0.000000000000000000e+00 0.000000000000000000e+00 5.757011942704731185e-17 5.513274697634660383e-14 4.397267292556272002e-10 1.706253102621034870e-02
2.675916387959866416e+00 0.000000000000000000e+00 0.000000000000000000e+00 0.000000000000000000e+00 0.000000000000000000e+00 0.000000000000000000e+00 0.000000000000000000e+00 3.833485726003213571e-17 3.731566827371803190e-14 3.082218253910690312e-10 1.466349862483044136e-02
2.689290969899665651e+00 0.000000000000000000e+00 0.000000000000000000e+00 0.000000000000000000e+00 0.000000000000000000e+00 0.000000000000000000e+00 0.000000000000000000e+00 2.553703800612093403e-17 2.525699308699880518e-14 2.159036392542069867e-10 1.256179020097659971e-02
2.702665551839464886e+00 0.000000000000000000e+00 0.000000000000000000e+00 0.000000000000000000e+00 0.000000000000000000e+00 0.000000000000000000e+00 0.000000000000000000e+00 1.701897352932492882e-17 1.709582096045836843e-14 1.511422699962412262e-10 1.072753886320908928e-02
2.716040133779264121e+00 0.000000000000000000e+00 0.000000000000000000e+00 0.000000000000000000e+00 0.000000000000000000e+00 0.000000000000000000e+00 0.000000000000000000e+00 1.134719142688805959e-17 1.157244127962015610e-14 1.057436685769998225e-10 9.132692789125275087e-03
2.729414715719063800e+00 0.000000000000000000e+00 0.000000000000000000e+00 0.000000000000000000e+00 0.000000000000000000e+00 0.000000000000000000e+00 0.000000000000000000e+00 7.569050292129194510e-18 7.834211505375839839e-15 7.393975712851169828e-11 7.751111554652587513e-03
2.742789297658863035e+00 0.000000000000000000e+00 0.000000000000000000e+00 0.000000000000000000e+00 0.000000000000000000e+00 0.000000000000000000e+00 0.000000000000000000e+00 5.051240066122466924e-18 5.304069616035306863e-15 5.167367509795685055e-11 6.558616762251483906e-03
2.756163879598662270e+00 0.000000000000000000e+00 0.000000000000000000e+00 0.000000000000000000e+00 0.000000000000000000e+00 0.000000000000000000e+00 0.000000000000000000e+00 3.372590919951812816e-18 3.591491631021351636e-15 3.609446035612679055e-11 5.533002482651034996e-03
2.769538461538461505e+00 0.000000000000000000e+00 0.000000000000000000e+00 0.000000000000000000e+00 0.000000000000000000e+00 0.000000000000000000e+00 0.000000000000000000e+00 2.252908781768527330e-18 2.432204562045951707e-15 2.520017400464583197e-11 4.654011313527340807e-03
2.782913043478261184e+00 0.000000000000000000e+00 0.000000000000000000e+00 0.000000000000000000e+00 0.000000000000000000e+00 0.000000000000000000e+00 0.000000000000000000e+00 1.505715429023754941e-18 1.647375455886360749e-15 1.758611662925565751e-11 3.903281893427730000e-03
2.796287625418060419e+00 0.000000000000000000e+00 0.000000000000000000e+00 0.000000000000000000e+00 0.000000000000000000e+00 0.000000000000000000e+00 0.000000000000000000e+00 1.006853855165133114e-18 1.115988645330303421e-15 1.226736125017964224e-11 3.264273537068118538e-03
2.809662207357859653e+00 0.000000000000000000e+00 0.000000000000000000e+00 0.000000000000000000e+00 0.000000000000000000e+00 0.000000000000000000e+00 0.000000000000000000e+00 6.736261544280090392e-19 7.561516110742470917e-16 8.553783779659764954e-12 2.722173325539574505e-03
2.823036789297658888e+00 0.000000000000000000e+00 0.000000000000000000e+00 0.000000000000000000e+00 0.000000000000000000e+00 0.000000000000000000e+00 0.000000000000000000e+00 0.000000000000000000e+00 5.124446130937370066e-16 5.962139662446291507e-12 2.263790536192838293e-03
2.836411371237458123e+00 0.000000000000000000e+00 0.000000000000000000e+00 0.000000000000000000e+00 0.000000000000000000e+00 0.000000000000000000e+00 0.000000000000000000e+00 0.000000000000000000e+00 3.473607541024244480e-16 4.154257286219067767e-12 1.877442772192466436e-03
2.849785953177257802e+00 0.000000000000000000e+00 0.000000000000000000e+00 0.000000000000000000e+00 0.000000000000000000e+00 0.000000000000000000e+00 0.000000000000000000e+00 0.000000000000000000e+00 2.355141245318518780e-16 2.893625759114508926e-12 1.552837586001031608e-03
2.863160535117057037e+00 0.000000000000000000e+00 0.000000000000000000e+00 0.000000000000000000e+00 0.000000000000000000e+00 0.000000000000000000e+00 0.000000000000000000e+00 0.000000000000000000e+00 1.597209904070848950e-16 2.014926353218002478e-12 1.280952813754636290e-03
2.876535117056856272e+00 0.000000000000000000e+00 0.000000000000000000e+00 0.000000000000000000e+00 0.000000000000000000e+00 0.000000000000000000e+00 0.000000000000000000e+00 0.000000000000000000e+00 1.083483009049715530e-16 1.402664211861822293e-12 1.053918272218511230e-03
2.889909698996655507e+00 0.000000000000000000e+00 0.000000000000000000e+00 0.000000000000000000e+00 0.000000000000000000e+00 0.000000000000000000e+00 0.000000000000000000e+00 0.000000000000000000e+00 7.351963719795853375e-17 9.761928641464221694e-13 8.649009347684008574e-04
2.903284280936454742e+00 0.000000000000000000e+00 0.000000000000000000e+00 0.000000000000000000e+00 0.000000000000000000e+00 0.000000000000000000e+00 0.000000000000000000e+00 0.000000000000000000e+00 4.990127377382748174e-17 6.792260530100116644e-13 7.079952104743678608e-04
2.916658862876254421e+00 0.000000000000000000e+00 0.000000000000000000e+00 0.000000000000000000e+00 0.000000000000000000e+00 0.000000000000000000e+00 0.000000000000000000e+00 0.000000000000000000e+00 3.388072125041886775e-17 4.724969796945684758e-13 5.781195091548179017e-04
2.930033444816053656e+00 0.000000000000000000e+00 0.000000000000000000e+00 0.000000000000000000e+00 0.000000000000000000e+00 0.000000000000000000e+00 0.000000000000000000e+00 0.000000000000000000e+00 2.301081203945920574e-17 3.286235727110573140e-13 4.709198896204652208e-04
2.943408026755852891e+00 0.000000000000000000e+00 0.000000000000000000e+00 0.000000000000000000e+00 0.000000000000000000e+00 0.000000000000000000e+00 0.000000000000000000e+00 0.000000000000000000e+00 1.563345266903055903e-17 2.285189036074562655e-13 3.826812594679198103e-04
2.956782608695652126e+00 0.000000000000000000e+00 0.000000000000000000e+00 0.000000000000000000e+00 0.000000000000000000e+00 0.000000000000000000e+00 0.000000000000000000e+00 0.000000000000000000e+00 1.062494614913602023e-17 1.588831537106834588e-13 3.102463214522146974e-04
2.970157190635451805e+00 0.000000000000000000e+00 0.000000000000000000e+00 0.000000000000000000e+00 0.000000000000000000e+00 0.000000000000000000e+00 0.000000000000000000e+00 0.000000000000000000e+00 7.223580328768249649e-18 1.104521632336160271e-13 2.509422405650093028e-04
2.983531772575251040e+00 0.000000000000000000e+00 0.000000000000000000e+00 0.000000000000000000e+00 0.000000000000000000e+00 0.000000000000000000e+00 0.000000000000000000e+00 0.000000000000000000e+00 4.912890842695674362e-18 7.677492618950067830e-14 2.025148330975491098e-04
2.996906354515050275e+00 0.000000000000000000e+00 0.000000000000000000e+00 0.000000000000000000e+00 0.000000000000000000e+00 0.000000000000000000e+00 0.000000000000000000e+00 0.000000000000000000e+00 3.342606985411118309e-18 5.336067962270446133e-14 1.630699490190323927e-04
3.010280936454849510e+00 0.000000000000000000e+00 0.000000000000000000e+00 0.000000000000000000e+00 0.000000000000000000e+00 0.000000000000000000e+00 0.000000000000000000e+00 0.000000000000000000e+00 2.275106436872238675e-18 3.708410684306639423e-14 1.310216264190075584e-04
3.023655518394648745e+00 0.000000000000000000e+00 0.000000000000000000e+00 0.000000000000000000e+00 0.000000000000000000e+00 0.000000000000000000e+00 0.000000000000000000e+00 0.000000000000000000e+00 1.549140427800580677e-18 2.577071075972542442e-14 1.050465359555291810e-04
3.037030100334448424e+00 0.000000000000000000e+00 0.000000000000000000e+00 0.000000000000000000e+00 0.000000000000000000e+00 0.000000000000000000e+00 0.000000000000000000e+00 0.000000000000000000e+00 1.055253612810633758e-18 1.790789179137398316e-14 8.404419881225178761e-05
3.050404682274247659e+00 0.000000000000000000e+00 0.000000000000000000e+00 0.000000000000000000e+00 0.000000000000000000e+00 0.000000000000000000e+00 0.000000000000000000e+00 0.000000000000000000e+00 7.191245046942286840e-19 1.244369127406978689e-14 6.710244854638484468e-05
3.063779264214046893e+00 0.000000000000000000e+00 0.000000000000000000e+00 0.000000000000000000e+00 0.000000000000000000e+00 0.000000000000000000e+00 0.000000000000000000e+00 0.000000000000000000e+00 0.000000000000000000e+00 8.646646976566873345e-15 5.346761082304875892e-05
3.077153846153846128e+00 0.000000000000000000e+00 0.000000000000000000e+00 0.000000000000000000e+00 0.000000000000000000e+00 0.000000000000000000e+00 0.000000000000000000e+00 0.000000000000000000e+00 0.000000000000000000e+00 6.008233763529819182e-15 4.251889132891169493e-05
3.090528428093645807e+00 0.000000000000000000e+00 0.000000000000000000e+00 0.000000000000000000e+00 0.000000000000000000e+00 0.000000000000000000e+00 0.000000000000000000e+00 0.000000000000000000e+00 0.000000000000000000e+00 4.174968448433268165e-15 3.374648764275858939e-05
3.103903010033445042e+00 0.000000000000000000e+00 0.000000000000000000e+00 0.000000000000000000e+00 0.000000000000000000e+00 0.000000000000000000e+00 0.000000000000000000e+00 0.000000000000000000e+00 0.000000000000000000e+00 2.901171351566341229e-15 2.673297256533542675e-05
3.117277591973244277e+00 0.000000000000000000e+00 0.000000000000000000e+00 0.000000000000000000e+00 0.000000000000000000e+00 0.000000000000000000e+00 0.000000000000000000e+00 0.000000000000000000e+00 0.000000000000000000e+00 2.016107707940176453e-15 2.113753194846725378e-05
3.130652173913043512e+00 0.000000000000000000e+00 0.000000000000000000e+00 0.000000000000000000e+00 0.000000000000000000e+00 0.000000000000000000e+00 0.000000000000000000e+00 0.000000000000000000e+00 0.000000000000000000e+00 1.401136506932334078e-15 1.668267746567834745e-05
3.144026755852842747e+00 0.000000000000000000e+00 0.000000000000000000e+00 0.000000000000000000e+00 0.000000000000000000e+00 0.000000000000000000e+00 0.000000000000000000e+00 0.000000000000000000e+00 0.000000000000000000e+00 9.738220027952772926e-16 1.314309251220887445e-05
3.157401337792642426e+00 0.000000000000000000e+00 0.000000000000000000e+00 0.000000000000000000e+00 0.000000000000000000e+00 0.000000000000000000e+00 0.000000000000000000e+00 0.000000000000000000e+00 0.000000000000000000e+00 6.768883286166041588e-16 1.033630636295262792e-05
3.170775919732441661e+00 0.000000000000000000e+00 0.000000000000000000e+00 0.000000000000000000e+00 0.000000000000000000e+00 0.000000000000000000e+00 0.000000000000000000e+00 0.000000000000000000e+00 0.000000000000000000e+00 4.705421385248264185e-16 8.114927021008486939e-06
3.184150501672240896e+00 0.000000000000000000e+00 0.000000000000000000e+00 0.000000000000000000e+00 0.000000000000000000e+00 0.000000000000000000e+00 0.000000000000000000e+00 0.000000000000000000e+00 0.000000000000000000e+00 3.271370024512012361e-16 6.360196289866043001e-06
3.197525083612040131e+00 0.000000000000000000e+00 0.000000000000000000e+00 0.000000000000000000e+00 0.000000000000000000e+00 0.000000000000000000e+00 0.000000000000000000e+00 0.000000000000000000e+00 0.000000000000000000e+00 2.274657039463697753e-16 4.976661146013288694e-06
3.210899665551839366e+00 0.000000000000000000e+00 0.000000000000000000e+00 0.000000000000000000e+00 0.000000000000000000e+00 0.000000000000000000e+00 0.000000000000000000e+00 0.000000000000000000e+00 0.000000000000000000e+00 1.581840184419076912e-16 3.887783293528657539e-06
3.224274247491639045e+00 0.000000000000000000e+00 0.000000000000000000e+00 0.000000000000000000e+00 0.000000000000000000e+00 0.000000000000000000e+00 0.000000000000000000e+00 0.000000000000000000e+00 0.000000000000000000e+00 1.100208218642836066e-16 3.032333797005149383e-06
3.237648829431438280e+00 0.000000000000000000e+00 0.000000000000000000e+00 0.000000000000000000e+00 0.000000000000000000e+00 0.000000000000000000e+00 0.000000000000000000e+00 0.000000000000000000e+00 0.000000000000000000e+00 7.653459934728732217e-17 2.361441961018297203e-06
3.251023411371237515e+00 0.000000000000000000e+00 0.000000000000000000e+00 0.000000000000000000e+00 0.000000000000000000e+00 0.000000000000000000e+00 0.000000000000000000e+00 0.000000000000000000e+00 0.000000000000000000e+00 5.324959423101222804e-17 1.836187270573099822e-06
3.264397993311036750e+00 0.000000000000000000e+00 0.000000000000000000e+00 0.000000000000000000e+00 0.000000000000000000e+00 0.000000000000000000e+00 0.000000000000000000e+00 0.000000000000000000e+00 0.000000000000000000e+00 3.705571008647136455e-17 1.425640392166636731e-06
3.277772575250836429e+00 0.000000000000000000e+00 0.000000000000000000e+00 0.000000000000000000e+00 0.000000000000000000e+00 0.000000000000000000e+00 0.000000000000000000e+00 0.000000000000000000e+00 0.000000000000000000e+00 2.579164159879665753e-17 1.105274152960764349e-06
3.291147157190635664e+00 0.000000000000000000e+00 0.000000000000000000e+00 0.000000000000000000e+00 0.000000000000000000e+00 0.000000000000000000e+00 0.000000000000000000e+00 0.000000000000000000e+00 0.000000000000000000e+00 1.795528804003362319e-17 8.556782745315837781e-07
3.304521739130434899e+00 0.000000000000000000e+00 0.000000000000000000e+00 0.000000000000000000e+00 0.000000000000000000e+00 0.000000000000000000e+00 0.000000000000000000e+00 0.000000000000000000e+00 0.000000000000000000e+00 1.250258257957969656e-17 6.615226501442395875e-07
3.317896321070234134e+00 0.000000000000000000e+00 0.000000000000000000e+00 0.000000000000000000e+00 0.000000000000000000e+00 0.000000000000000000e+00 0.000000000000000000e+00 0.000000000000000000e+00 0.000000000000000000e+00 8.707737960041096933e-18 5.107233288869500750e-07
3.331270903010033368e+00 0.000000000000000000e+00 0.000000000000000000e+00 0.000000000000000000e+00 0.000000000000000000e+00 0.000000000000000000e+00 0.000000000000000000e+00 0.000000000000000000e+00 0.000000000000000000e+00 6.066153857509694281e-18 3.937733050967714856e-07
3.344645484949833047e+00 0.000000000000000000e+00 0.000000000000000000e+00 0.000000000000000000e+00 0.000000000000000000e+00 0.000000000000000000e+00 0.000000000000000000e+00 0.000000000000000000e+00 0.000000000000000000e+00 4.226958796548742640e-18 3.032068928956315968e-07
3.358020066889632282e+00 0.000000000000000000e+00 0.000000000000000000e+00 0.000000000000000000e+00 0.000000000000000000e+00 0.000000000000000000e+00 0.000000000000000000e+00 0.000000000000000000e+00 0.000000000000000000e+00 2.946138058766227416e-18 2.331720634936585659e-07
3.371394648829431517e+00 0.000000000000000000e+00 0.000000000000000000e+00 0.000000000000000000e+00 0.000000000000000000e+00 0.000000000000000000e+00 0.000000000000000000e+00 0.000000000000000000e+00 0.000000000000000000e+00 2.053962532215866247e-18 1.790897909566636574e-07
3.384769230769230752e+00 0.000000000000000000e+00 0.000000000000000000e+00 0.000000000000000000e+00 0.000000000000000000e+00 0.000000000000000000e+00 0.000000000000000000e+00 0.000000000000000000e+00 0.000000000000000000e+00 1.432352904498255306e-18 1.373833275430493414e-07
3.398143812709030431e+00 0.000000000000000000e+00 0.000000000000000000e+00 0.000000000000000000e+00 0.000000000000000000e+00 0.000000000000000000e+00 0.000000000000000000e+00 0.000000000000000000e+00 0.000000000000000000e+00 9.991467734334107868e-19 1.052635335286402989e-07
3.411518394648829666e+00 0.000000000000000000e+00 0.000000000000000000e+00 0.000000000000000000e+00 0.000000000000000000e+00 0.000000000000000000e+00 0.000000000000000000e+00 0.000000000000000000e+00 0.000000000000000000e+00 6.971622066333348675e-19 8.055902442655950034e-08
3.424892976588628901e+00 0.000000000000000000e+00 0.000000000000000000e+00 0.000000000000000000e+00 0.000000000000000000e+00 0.000000000000000000e+00 0.000000000000000000e+00 0.000000000000000000e+00 0.000000000000000000e+00 0.000000000000000000e+00 6.158206230433596180e-08
3.438267558528428136e+00 0.000000000000000000e+00 0.000000000000000000e+00 0.000000000000000000e+00 0.000000000000000000e+00 0.000000000000000000e+00 0.000000000000000000e+00 0.000000000000000000e+00 0.000000000000000000e+00 0.000000000000000000e+00 4.702288626456806795e-08
3.451642140468227371e+00 0.000000000000000000e+00 0.000000000000000000e+00 0.000000000000000000e+00 0.000000000000000000e+00 0.000000000000000000e+00 0.000000000000000000e+00 0.000000000000000000e+00 0.000000000000000000e+00 0.000000000000000000e+00 3.586661730842747979e-08
3.465016722408027050e+00 0.000000000000000000e+00 0.000000000000000000e+00 0.000000000000000000e+00 0.000000000000000000e+00 0.000000000000000000e+00 0.000000000000000000e+00 0.000000000000000000e+00 0.000000000000000000e+00 0.000000000000000000e+00 2.732804173769161287e-08
3.478391304347826285e+00 0.000000000000000000e+00 0.000000000000000000e+00 0.000000000000000000e+00 0.000000000000000000e+00 0.000000000000000000e+00 0.000000000000000000e+00 0.000000000000000000e+00 0.000000000000000000e+00 0.000000000000000000e+00 2.080052300408218820e-08
3.491765886287625520e+00 0.000000000000000000e+00 0.000000000000000000e+00 0.000000000000000000e+00 0.000000000000000000e+00 0.000000000000000000e+00 0.000000000000000000e+00 0.000000000000000000e+00 0.000000000000000000e+00 0.000000000000000000e+00 1.581605473932936106e-08
3.505140468227424755e+00 0.000000000000000000e+00 0.000000000000000000e+00 0.000000000000000000e+00 0.000000000000000000e+00 0.000000000000000000e+00 0.000000000000000000e+00 0.000000000000000000e+00 0.000000000000000000e+00 0.000000000000000000e+00 1.201408115540772416e-08
3.518515050167224434e+00 0.000000000000000000e+00 0.000000000000000000e+00 0.000000000000000000e+00 0.000000000000000000e+00 0.000000000000000000e+00 0.000000000000000000e+00 0.000000000000000000e+00 0.000000000000000000e+00 0.000000000000000000e+00 9.117202933463197948e-09
3.531889632107023669e+00 0.000000000000000000e+00 0.000000000000000000e+00 0.000000000000000000e+00 0.000000000000000000e+00 0.000000000000000000e+00 0.000000000000000000e+00 0.000000000000000000e+00 0.000000000000000000e+00 0.000000000000000000e+00 6.912280113757283381e-09
3.545264214046822904e+00 0.000000000000000000e+00 0.000000000000000000e+00 0.000000000000000000e+00 0.000000000000000000e+00 0.000000000000000000e+00 0.000000000000000000e+00 0.000000000000000000e+00 0.000000000000000000e+00 0.000000000000000000e+00 5.235757261794282049e-09
3.558638795986622139e+00 0.000000000000000000e+00 0.000000000000000000e+00 0.000000000000000000e+00 0.000000000000000000e+00 0.000000000000000000e+00 0.000000000000000000e+00 0.000000000000000000e+00 0.000000000000000000e+00 0.000000000000000000e+00 3.962285797594767517e-09
3.572013377926421374e+00 0.000000000000000000e+00 0.000000000000000000e+00 0.000000000000000000e+00 0.000000000000000000e+00 0.000000000000000000e+00 0.000000000000000000e+00 0.000000000000000000e+00 0.000000000000000000e+00 0.000000000000000000e+00 2.995916462426619608e-09
3.585387959866221053e+00 0.000000000000000000e+00 0.000000000000000000e+00 0.000000000000000000e+00 0.000000000000000000e+00 0.000000000000000000e+00 0.000000000000000000e+00 0.000000000000000000e+00 0.000000000000000000e+00 0.000000000000000000e+00 2.263291721446415628e-09
3.598762541806020288e+00 0.000000000000000000e+00 0.000000000000000000e+00 0.000000000000000000e+00 0.000000000000000000e+00 0.000000000000000000e+00 0.000000000000000000e+00 0.000000000000000000e+00 0.000000000000000000e+00 0.000000000000000000e+00 1.708391771300158307e-09
3.612137123745819522e+00 0.000000000000000000e+00 0.000000000000000000e+00 0.000000000000000000e+00 0.000000000000000000e+00 0.000000000000000000e+00 0.000000000000000000e+00 0.000000000000000000e+00 0.000000000000000000e+00 0.000000000000000000e+00 1.288485445534694965e-09
3.625511705685618757e+00 0.000000000000000000e+00 0.000000000000000000e+00 0.000000000000000000e+00 0.000000000000000000e+00 0.000000000000000000e+00 0.000000000000000000e+00 0.000000000000000000e+00 0.000000000000000000e+00 0.000000000000000000e+00 9.710140833615095165e-10
3.638886287625418436e+00 0.000000000000000000e+00 0.000000000000000000e+00 0.000000000000000000e+00 0.000000000000000000e+00 0.000000000000000000e+00 0.000000000000000000e+00 0.000000000000000000e+00 0.000000000000000000e+00 0.000000000000000000e+00 7.311966765301924122e-10
3.652260869565217671e+00 0.000000000000000000e+00 0.000000000000000000e+00 0.000000000000000000e+00 0.000000000000000000e+00 0.000000000000000000e+00 0.000000000000000000e+00 0.000000000000000000e+00 0.000000000000000000e+00 0.000000000000000000e+00 5.501917956283325691e-10
3.665635451505016906e+00 0.000000000000000000e+00 0.000000000000000000e+00 0.000000000000000000e+00 0.000000000000000000e+00 0.000000000000000000e+00 0.000000000000000000e+00 0.000000000000000000e+00 0.000000000000000000e+00 0.000000000000000000e+00 4.136886808638365614e-10
3.679010033444816141e+00 0.000000000000000000e+00 0.000000000000000000e+00 0.000000000000000000e+00 0.000000000000000000e+00 0.000000000000000000e+00 0.000000000000000000e+00 0.000000000000000000e+00 0.000000000000000000e+00 0.000000000000000000e+00 3.108286582013195165e-10
3.692384615384615376e+00 0.000000000000000000e+00 0.000000000000000000e+00 0.000000000000000000e+00 0.000000000000000000e+00 0.000000000000000000e+00 0.000000000000000000e+00 0.000000000000000000e+00 0.000000000000000000e+00 0.000000000000000000e+00 2.333804506795819816e-10
3.705759197324415055e+00 0.000000000000000000e+00 0.000000000000000000e+00 0.000000000000000000e+00 0.000000000000000000e+00 0.000000000000000000e+00 0.000000000000000000e+00 0.000000000000000000e+00 0.000000000000000000e+00 0.000000000000000000e+00 1.751103744570484364e-10
3.719133779264214290e+00 0.000000000000000000e+00 0.000000000000000000e+00 0.000000000000000000e+00 0.000000000000000000e+00 0.000000000000000000e+00 0.000000000000000000e+00 0.000000000000000000e+00 0.000000000000000000e+00 0.000000000000000000e+00 1.313019270419955291e-10
3.732508361204013525e+00 0.000000000000000000e+00 0.000000000000000000e+00 0.000000000000000000e+00 0.000000000000000000e+00 0.000000000000000000e+00 0.000000000000000000e+00 0.000000000000000000e+00 0.000000000000000000e+00 0.000000000000000000e+00 9.838974763813212667e-11
3.745882943143812760e+00 0.000000000000000000e+00 0.000000000000000000e+00 0.000000000000000000e+00 0.000000000000000000e+00 0.000000000000000000e+00 0.000000000000000000e+00 0.000000000000000000e+00 0.000000000000000000e+00 0.000000000000000000e+00 7.368102947811808804e-11
3.759257525083611995e+00 0.000000000000000000e+00 0.000000000000000000e+00 0.000000000000000000e+00 0.000000000000000000e+00 0.000000000000000000e+00 0.000000000000000000e+00 0.000000000000000000e+00 0.000000000000000000e+00 0.000000000000000000e+00 5.514371903212123693e-11
3.772632107023411674e+00 0.000000000000000000e+00 0.000000000000000000e+00 0.000000000000000000e+00 0.000000000000000000e+00 0.000000000000000000e+00 0.000000000000000000e+00 0.000000000000000000e+00 0.000000000000000000e+00 0.000000000000000000e+00 4.124565988247236443e-11
3.786006688963210909e+00 0.000000000000000000e+00 0.000000000000000000e+00 0.000000000000000000e+00 0.000000000000000000e+00 0.000000000000000000e+00 0.000000000000000000e+00 0.000000000000000000e+00 0.000000000000000000e+00 0.000000000000000000e+00 3.083255220284624284e-11
3.799381270903010144e+00 0.000000000000000000e+00 0.000000000000000000e+00 0.000000000000000000e+00 0.000000000000000000e+00 0.000000000000000000e+00 0.000000000000000000e+00 0.000000000000000000e+00 0.000000000000000000e+00 0.000000000000000000e+00 2.303545339727087701e-11
3.812755852842809379e+00 0.000000000000000000e+00 0.000000000000000000e+00 0.000000000000000000e+00 0.000000000000000000e+00 0.000000000000000000e+00 0.000000000000000000e+00 0.000000000000000000e+00 0.000000000000000000e+00 0.000000000000000000e+00 1.720073696529027845e-11
3.826130434782609058e+00 0.000000000000000000e+00 0.000000000000000000e+00 0.000000000000000000e+00 0.000000000000000000e+00 0.000000000000000000e+00 0.000000000000000000e+00 0.000000000000000000e+00 0.000000000000000000e+00 0.000000000000000000e+00 1.283710680645420576e-11
3.839505016722408293e+00 0.000000000000000000e+00 0.000000000000000000e+00 0.000000000000000000e+00 0.000000000000000000e+00 0.000000000000000000e+00 0.000000000000000000e+00 0.000000000000000000e+00 0.000000000000000000e+00 0.000000000000000000e+00 9.575550575940218656e-12
3.852879598662207528e+00 0.000000000000000000e+00 0.000000000000000000e+00 0.000000000000000000e+00 0.000000000000000000e+00 0.000000000000000000e+00 0.000000000000000000e+00 0.000000000000000000e+00 0.000000000000000000e+00 0.000000000000000000e+00 7.139099363323916096e-12
3.866254180602006763e+00 0.000000000000000000e+00 0.000000000000000000e+00 0.000000000000000000e+00 0.000000000000000000e+00 0.000000000000000000e+00 0.000000000000000000e+00 0.000000000000000000e+00 0.000000000000000000e+00 0.000000000000000000e+00 5.320012194559270942e-12
3.879628762541805997e+00 0.000000000000000000e+00 0.000000000000000000e+00 0.000000000000000000e+00 0.000000000000000000e+00 0.000000000000000000e+00 0.000000000000000000e+00 0.000000000000000000e+00 0.000000000000000000e+00 0.000000000000000000e+00 3.962576879001395415e-12
3.893003344481605676e+00 0.000000000000000000e+00 0.000000000000000000e+00 0.000000000000000000e+00 0.000000000000000000e+00 0.000000000000000000e+00 0.000000000000000000e+00 0.000000000000000000e+00 0.000000000000000000e+00 0.000000000000000000e+00 2.950155297529671282e-12
3.906377926421404911e+00 0.000000000000000000e+00 0.000000000000000000e+00 0.000000000000000000e+00 0.000000000000000000e+00 0.000000000000000000e+00 0.000000000000000000e+00 0.000000000000000000e+00 0.000000000000000000e+00 0.000000000000000000e+00 2.195433464278259033e-12
3.919752508361204146e+00 0.000000000000000000e+00 0.000000000000000000e+00 0.000000000000000000e+00 0.000000000000000000e+00 0.000000000000000000e+00 0.000000000000000000e+00 0.000000000000000000e+00 0.000000000000000000e+00 0.000000000000000000e+00 1.633089247654467610e-12
3.933127090301003381e+00 0.000000000000000000e+00 0.000000000000000000e+00 0.000000000000000000e+00 0.000000000000000000e+00 0.000000000000000000e+00 0.000000000000000000e+00 0.000000000000000000e+00 0.000000000000000000e+00 0.000000000000000000e+00 1.214282409778312374e-12
3.946501672240803060e+00 0.000000000000000000e+00 0.000000000000000000e+00 0.000000000000000000e+00 0.000000000000000000e+00 0.000000000000000000e+00 0.000000000000000000e+00 0.000000000000000000e+00 0.000000000000000000e+00 0.000000000000000000e+00 9.025170915294931335e-13
3.959876254180602295e+00 0.000000000000000000e+00 0.000000000000000000e+00 0.000000000000000000e+00 0.000000000000000000e+00 0.000000000000000000e+00 0.000000000000000000e+00 0.000000000000000000e+00 0.000000000000000000e+00 0.000000000000000000e+00 6.705371012531897659e-13
3.973250836120401530e+00 0.000000000000000000e+00 0.000000000000000000e+00 0.000000000000000000e+00 0.000000000000000000e+00 0.000000000000000000e+00 0.000000000000000000e+00 0.000000000000000000e+00 0.000000000000000000e+00 0.000000000000000000e+00 4.979978116350723531e-13
3.986625418060200765e+00 0.000000000000000000e+00 0.000000000000000000e+00 0.000000000000000000e+00 0.000000000000000000e+00 0.000000000000000000e+00 0.000000000000000000e+00 0.000000000000000000e+00 0.000000000000000000e+00 0.000000000000000000e+00 3.697215786463345352e-13
4.000000000000000000e+00 0.000000000000000000e+00 0.000000000000000000e+00 0.000000000000000000e+00 0.000000000000000000e+00 0.000000000000000000e+00 0.000000000000000000e+00 0.000000000000000000e+00 0.000000000000000000e+00 0.000000000000000000e+00 2.743912805407927786e-13
