1.000000000000000021e-03 5.682469802321178877e-09 3.642689161453864842e-25 3.671135148857624797e-37 4.162703789078325774e-50 3.664322542611583414e-64 2.543207606127216439e-80 2.639784084558185172e-100 8.237278363109587511e-125 2.994421116004283458e-161 1.286482391042963660e-226
4.139393939393939265e-02 1.547271646954056332e-05 4.118024265887845900e-18 2.759183137287430191e-28 1.912802966215816669e-39 1.120557885307486814e-51 7.874683251691147785e-66 2.055533572181438081e-83 4.590046318367785609e-105 2.255329907786226714e-137 1.422844668445877417e-195
8.178787878787878440e-02 7.317363434183310196e-05 1.792117230802480871e-14 4.399093347949809810e-23 1.025615763596044026e-32 2.119225299986692241e-43 7.233348116879731915e-56 1.868179735078357166e-71 9.183869123285351456e-91 1.003441590720995971e-119 3.537426388975709333e-172
1.221818181818181692e-01 1.744108256301482932e-04 1.071034798483359011e-11 6.037505406720971095e-19 3.030650509991134454e-27 1.413930341321903707e-36 1.450114362903085479e-47 2.116892383096907022e-61 1.201035607342340675e-78 1.181553612522400221e-104 5.090634208131635783e-152
1.625757575757575679e-01 3.119308194232529147e-04 1.568777025792802901e-09 1.368195504755909719e-15 1.017522200223442517e-22 7.388314522122147253e-31 1.526546925879858124e-40 7.896367674940770601e-53 3.008086932250334779e-68 1.239761231455554356e-91 1.781525101103037400e-134
2.029696969696969666e-01 4.782121572728225811e-04 7.658459356908734403e-08 7.357984061347449669e-13 5.890964918488469097e-19 4.846792740358916665e-26 1.434292435109653386e-34 1.763584946495836182e-45 2.835341273681820189e-59 2.535643937002999240e-80 3.965801230005645420e-119
2.433636363636363376e-01 6.660805079266292426e-04 1.543299973459756477e-06 1.214840375537511764e-10 7.946665370425732705e-16 5.634298605162418613e-22 1.779145708837228309e-29 3.683534417659080814e-39 1.672592445320625493e-51 1.835736382217469992e-70 1.183020751511225489e-105
2.837575757575757640e-01 8.610806013286459101e-04 1.513726312389813027e-05 7.514492117683478734e-09 3.158053039179482489e-13 1.521105645150049831e-18 3.968829662179827048e-25 1.025247541269105911e-33 9.270240829378210784e-45 7.601351799139086358e-62 8.655692755667809448e-94
3.241515151515151349e-01 1.021296303395467916e-03 8.257704256389673532e-05 2.044023111604387301e-07 4.468279920761547844e-11 1.187476351908539295e-15 2.047527926081836194e-21 5.078660635523862064e-29 6.736527033260574643e-39 2.673071314422830372e-54 2.562773643663365260e-83
3.645454545454545059e-01 1.072601613248910920e-03 2.797968623197413449e-04 2.789870391916022109e-06 2.630796513304923642e-09 3.212417402571565050e-13 3.008383154078608649e-18 5.692988643097536676e-25 8.470585427586485531e-34 1.110600433843915772e-47 4.672333341616039827e-74
4.049393939393939323e-01 9.642126339267190508e-04 6.447096287890437651e-04 2.133431008158383912e-05 7.341616260526729024e-08 3.503024069809492629e-11 1.498483191846597026e-15 1.766460160695468486e-21 2.327141075859315219e-29 7.201082274806751719e-42 7.480364011664521555e-66
4.453333333333333033e-01 8.126428379329419215e-04 1.203435134997985975e-03 1.112655359347285210e-04 1.202244305628974688e-06 1.940540030650598573e-09 3.252117319945913685e-13 1.995811964006999120e-18 1.888288757284477175e-25 1.023837133191452860e-36 1.578247473730646926e-58
4.857272727272726742e-01 5.262058347625835682e-04 1.557664379408891945e-03 3.476836195910678489e-04 1.032821510237994044e-05 4.978008275030086426e-08 2.870520081006516819e-11 7.910221160465502055e-16 4.547092511147835411e-22 3.440124702014878617e-32 5.498667105999651565e-52
5.261212121212121007e-01 2.961108861032136813e-04 1.611046914634977224e-03 7.692167494928390777e-04 5.560167439449405739e-05 7.110806248741702673e-07 1.243449365550818584e-09 1.325923310151248078e-13 3.883854821493186308e-19 3.172223314942176082e-28 3.311979487838085651e-46
5.665151515151515271e-01 1.538290745127885925e-04 1.429752473598196530e-03 1.324538059210470615e-03 2.094221732101122569e-04 6.399607898653338702e-06 3.033874943618677026e-08 1.097921272593654373e-11 1.405508300618047222e-16 9.940657553257249840e-25 4.618843939283959797e-41
6.069090909090908426e-01 6.868414757749149546e-05 1.027459814742562576e-03 1.703491069833115105e-03 5.374660832924242886e-04 3.577501275932045110e-05 4.160803763737314685e-07 4.546018591292174826e-10 2.219931648139122506e-14 1.119851412767137703e-21 1.658382647282477781e-36
6.473030303030302690e-01 2.765475742494092956e-05 6.383126537651455726e-04 1.766474539822573010e-03 1.027941426954057710e-03 1.374140507489138698e-04 3.587109777429596611e-06 1.065274607133624753e-08 1.757113665549473490e-12 5.319835559499898487e-19 1.868099460233584423e-32
6.876969696969696955e-01 1.043173892374350631e-05 3.621510015167075046e-04 1.574059313004360543e-03 1.577907101885099020e-03 3.946521468209543762e-04 2.137092933332147295e-05 1.569219365020432173e-07 7.836225439471454586e-11 1.219780466697917576e-16 7.797466685318161121e-29
7.280909090909090109e-01 3.457903787855525551e-06 1.780512060450550210e-04 1.154622120336551167e-03 1.877229257169109366e-03 8.257285561478004124e-04 8.655226497749589885e-05 1.442810479603312959e-06 1.975580412875551003e-09 1.375169676692175153e-14 1.261737005576211857e-25
7.684848484848484373e-01 1.049016472398099417e-06 7.940252909069391506e-05 7.379037680976251483e-04 1.843825918452635451e-03 1.350426202314188246e-03 2.579367149296116104e-04 9.041085607465725523e-06 3.102447683126405245e-08 8.510332865484691999e-13 9.042227559965694034e-23
8.088787878787878638e-01 3.027166782767870936e-07 3.338084145441890823e-05 4.318137876813951193e-04 1.581253287503458669e-03 1.835842223567274792e-03 6.061893684136701555e-04 4.172702322313510059e-05 3.306789212490407069e-07 3.185859099389488488e-11 3.226796597549778307e-20
8.492727272727271792e-01 7.882685992392952288e-08 1.251509448766210432e-05 2.209290764334657291e-04 1.138392372129006652e-03 2.003400794507431432e-03 1.091835073115928227e-03 1.389515984831823155e-04 2.361649909625232780e-06 7.191995099540731198e-10 5.817763636578515379e-18
8.896666666666666057e-01 1.927220767092217997e-08 4.339207842816796587e-06 1.031033805637855140e-04 7.232585015396624005e-04 1.852227987520478928e-03 1.598468585838010289e-03 3.567337575862130294e-04 1.216731962284585873e-05 1.063051752819742680e-08 5.843663591631607050e-16
9.300606060606060321e-01 4.608891055839433680e-09 1.444214706261587555e-06 4.566457396996275348e-05 4.249252460574016554e-04 1.526207842192255732e-03 2.008078207284119503e-03 7.505581243958161499e-04 4.848025688542155476e-05 1.114092597072102425e-07 3.620833567864775453e-14
9.704545454545453476e-01 1.021447626291934409e-09 4.367046368712009363e-07 1.818524480821947205e-05 2.202115051481086144e-04 1.074424571679827864e-03 2.080939483703521213e-03 1.250308210852572920e-03 1.452217933232497686e-04 8.069645707065159801e-07 1.348236007101533201e-12
1.010848484848484663e+00 2.178568255477811096e-10 1.244715481275522622e-07 6.751269827923197281e-06 1.048573108553995021e-04 6.765982434558579471e-04 1.867483981370288279e-03 1.739051360279380253e-03 3.475316964305294465e-04 4.322329713765994550e-06 3.266190884286754011e-11
1.051242424242424089e+00 4.643350701984426000e-11 3.472043534058205393e-08 2.423331231356717815e-06 4.771513393652936785e-05 3.984043518632453436e-04 1.521410139819031520e-03 2.124415086871067355e-03 7.038224915090760588e-04 1.825809549165794343e-05 5.544811069871379427e-10
1.091636363636363516e+00 9.353813868582626906e-12 8.967953889724985601e-09 7.949394349310001784e-07 1.963947809489384350e-05 2.085339943048965326e-04 1.073035523792886629e-03 2.179511335255978656e-03 1.160306694825028297e-03 5.892446233885707292e-05 6.444177363929550242e-09
1.132030303030302942e+00 1.846806821600624601e-12 2.225837606680463137e-09 2.471497345512312816e-07 7.585614794838982681e-06 1.010037175894364347e-04 6.843486193302804072e-04 1.966066529987139933e-03 1.637680605474894262e-03 1.539985345993754001e-04 5.473132333493382352e-08
1.172424242424242147e+00 3.717937816550758448e-13 5.528007704022968209e-10 7.581310422320432410e-08 2.861765548371516942e-06 4.722964329793301433e-05 4.131533138440903440e-04 1.636074741137514372e-03 2.082770500859325215e-03 3.459296874433508075e-04 3.627227399969322002e-07
1.212818181818181573e+00 7.149939974199373139e-14 1.288394358218655196e-10 2.151917835745474236e-08 9.887173630422029320e-07 2.001841071861712001e-05 2.223689840438627485e-04 1.185595275853460525e-03 2.257388886089397532e-03 6.372931169491771611e-04 1.799257542078767721e-06
1.253212121212121000e+00 1.364995988952365883e-14 2.931701121292477016e-11 5.881761747535079844e-09 3.254607845665942507e-07 8.007305553458059008e-06 1.113743242388183654e-04 7.828200692597592127e-04 2.184022468664525030e-03 1.017383075705075414e-03 7.092892299538579556e-06
1.293606060606060426e+00 2.595465403937987316e-15 6.541592202289840162e-12 1.555556499367144249e-09 1.025549564273041204e-07 3.037765176060967149e-06 5.227125902860744338e-05 4.753865625824849430e-04 1.905220684733977205e-03 1.432893405419624925e-03 2.273693978543754731e-05
1.333999999999999853e+00 5.161173039335475064e-16 1.504520287077136324e-12 4.186613960799484374e-10 3.253576209635575944e-08 1.149692050168050217e-06 2.421320677032472564e-05 2.803034614554386693e-04 1.582909876992368665e-03 1.892863725614969857e-03 6.337051119163808986e-05
1.374393939393939279e+00 9.841232561091575733e-17 3.272347812300578927e-13 1.052301487230870826e-10 9.535077616045277890e-09 3.981345702079680157e-07 1.015894270273086444e-05 1.475164122482687133e-04 1.151825969008174683e-03 2.166229670956142626e-03 1.428692201012980853e-04
1.414787878787878705e+00 1.883328091339970782e-17 7.054828249727977071e-14 2.591852962742110556e-11 2.710397406222351248e-09 1.325127367002573960e-07 4.058783087797723937e-06 7.299681509585680757e-05 7.742284298069228689e-04 2.270707348819701703e-03 2.775507113393186091e-04
1.455181818181817910e+00 3.624112869489977129e-18 1.511807914118179082e-14 6.277445582607606291e-12 7.501621885293077756e-10 4.255713434118265915e-08 1.550754806772283563e-06 3.415483606522061417e-05 4.839575960486867815e-04 2.196070056728835658e-03 4.725032026239144858e-04
1.495575757575757336e+00 7.024117702489579571e-19 3.228292860208882600e-15 1.499784486060965099e-12 2.028820085554659700e-10 1.323719900821571526e-08 5.688558523660094093e-07 1.518579827003665219e-05 2.830504445909950094e-04 1.970117616691569734e-03 7.160706261904731381e-04
1.535969696969696763e+00 1.373140392225836133e-19 6.884565606118563713e-16 3.544773307442989061e-13 5.379404457404044007e-11 4.001859843823577224e-09 2.010832296237510240e-07 6.444429893675529520e-06 1.557657852134895630e-04 1.646241296986887450e-03 9.804236317215899842e-04
1.576363636363636189e+00 2.710844737864220304e-20 1.469125174255349771e-16 8.309612188781863854e-14 1.402647046259532284e-11 1.179806342167653176e-09 6.873430850049722752e-08 2.620803366056441296e-06 8.106786905847546707e-05 1.285755372748899426e-03 1.229782724400711302e-03
1.616757575757575616e+00 6.026602239590726678e-21 3.500466810378932929e-17 2.157080432088930202e-14 4.017446835227404675e-12 3.790037018040413405e-10 2.539064391110805244e-08 1.141921605679543772e-06 4.465429299086211832e-05 1.048913902481471557e-03 1.594974738066809797e-03
1.657151515151515042e+00 1.217032284079238447e-21 7.516822226593261512e-18 5.007739321445565246e-15 1.021260392242132196e-12 1.072273104689040280e-10 8.194305250020192452e-09 4.310803655064438778e-07 2.106885833302860381e-05 7.226358483688549933e-04 1.745112904879061707e-03
1.697545454545454247e+00 2.488736343042971131e-22 1.622637788639968682e-18 1.160300935961483363e-15 2.572564778546854062e-13 2.984079854535561452e-11 2.581108855067560762e-09 1.575539743206204671e-07 9.521536737230442072e-06 4.698579181981978785e-04 1.814821602356747696e-03
1.737939393939393673e+00 5.156823519515749669e-23 3.525336333247727268e-19 2.687680009085489941e-16 6.435049822297439713e-14 8.188956723878489303e-12 7.956853490908557521e-10 5.591617137979996582e-08 4.136103435796095726e-06 2.892822208298716138e-04 1.812451432878487041e-03
1.778333333333333099e+00 1.083291191280518265e-23 7.716491296518551205e-20 6.233172774874469665e-17 1.601472453607564498e-14 2.220974382933860919e-12 2.406715950232418923e-10 1.932373357281906937e-08 1.732615245844301765e-06 1.692123841764090744e-04 1.754152352386184827e-03
1.818727272727272526e+00 2.313243213877740579e-24 1.706830941057274153e-20 1.452113294917064099e-17 3.979253555119683091e-15 5.975264466475607212e-13 7.169438906326420188e-11 6.526877107807776012e-09 7.025456366636629134e-07 9.437635126842999853e-05 1.657984386191981973e-03
1.859121212121211952e+00 5.011814509234399680e-25 3.810090620847213193e-21 3.395615372679874438e-18 9.869828870883281926e-16 1.595242588917097265e-13 2.105351518466625672e-11 2.157807610777828453e-09 2.763367288282735373e-07 5.034062698248258376e-05 1.540034506917450528e-03
1.899515151515151379e+00 1.102016626974646295e-25 8.589062681441023869e-22 7.978376128615913011e-19 2.447071082485278914e-16 4.233513390143461749e-14 6.106976578227700692e-12 6.998539483158042680e-10 1.057116050152017106e-07 2.575950138155611721e-05 1.412564998864229227e-03
1.939909090909090583e+00 2.459770052013689856e-26 1.956467327638266584e-22 1.885333009601168891e-19 6.072320910660680836e-17 1.118565576270862845e-14 1.753095028257052367e-12 2.231615496683337501e-10 3.942597968693801108e-08 1.268221627235009740e-05 1.283917125998441803e-03
1.980303030303030010e+00 5.574205588117652709e-27 4.505364767743386072e-23 4.484271234201500797e-20 1.509804352646514981e-17 2.946646380294699628e-15 4.988998857147310416e-13 7.009970084429716721e-11 1.436837759320323850e-08 6.024198096787912311e-06 1.159174865462893420e-03
2.020696969696969436e+00 1.282627533633345814e-27 1.049299211472679417e-23 1.074326557356214900e-20 3.765134345237976015e-18 7.749312204745710579e-16 1.409745504407957135e-13 2.173229678340373574e-11 5.127749035248692825e-09 2.768142579907575681e-06 1.041033413883051765e-03
2.061090909090908863e+00 2.996918380400622779e-28 2.472481435544388071e-24 2.594141231269245026e-21 9.425926087752770838e-19 2.036932453926502352e-16 3.961149161794691769e-14 6.660984353946384033e-12 1.795603912209397688e-09 1.233486242361781102e-06 9.305563603463650781e-04
2.101484848484848289e+00 7.110771504649425486e-29 5.895996058220128867e-25 6.316864700389728009e-22 2.370823774149304513e-19 5.357099200004649068e-17 1.108244326710336792e-14 2.021672167854251494e-12 6.181242340044473706e-10 5.342494253794341674e-07 8.277378661326805984e-04
2.141878787878787715e+00 1.713253791913996633e-29 1.423228314595398508e-25 1.551911323182211007e-22 5.995370017497999287e-20 1.411039146519113850e-17 3.091112911727917890e-15 6.085091978152383299e-13 2.095499617971706159e-10 2.254053938668065561e-07 7.319178175730897467e-04
2.182272727272727142e+00 4.191528727441101988e-30 3.478300834202053210e-26 3.848294378226572835e-23 1.525278979093427775e-20 3.725466219388119919e-18 8.604873058627657315e-16 1.818877394703058004e-13 7.007482717048541198e-11 9.282922161938388060e-08 6.421335785880981405e-04
2.222666666666666568e+00 1.041214153224989472e-30 8.607919170653968157e-27 9.635164763234443267e-24 3.906094462479333694e-21 9.867175505829615246e-19 2.393133401880578111e-16 5.405917226167468817e-14 2.315092711332765775e-11 3.738881341136867925e-08 5.574569212034225819e-04
2.263060606060605995e+00 2.630557395403409953e-31 2.161144596287162631e-27 2.440788190824788138e-24 1.009137238509573494e-21 2.627765941447182116e-19 6.665698981459903274e-17 1.601661068095864786e-14 7.575953687727786833e-12 1.476632492144676736e-08 4.773049533796580525e-04
2.303454545454545421e+00 6.746390288425475206e-32 5.495122496338908255e-28 6.246365856655616929e-25 2.626777585241112514e-22 7.029676095477893129e-20 1.858234211923675532e-17 4.729271057333035063e-15 2.456247729217298422e-12 5.724008027334666156e-09 4.016240599403089035e-04
2.343848484848484404e+00 1.756125903515080643e-32 1.415131781051541134e-28 1.615257392557378945e-25 6.891694237080792187e-23 1.890085013879130549e-20 5.188745383835020246e-18 1.393049834400386684e-15 7.899743999119196343e-13 2.181318102417908369e-09 3.309424198856896707e-04
2.384242424242423830e+00 4.639149727440899074e-33 3.691039916785176136e-29 4.221308935839429476e-26 1.823060629724794922e-23 5.110240090088396339e-21 1.452217915022635390e-18 4.097127396576510863e-16 2.523260005430755856e-13 8.184290473212011697e-10 2.662061013662465653e-04
2.424636363636363257e+00 1.243518180730099282e-33 9.750547362718007284e-30 1.115071764076335451e-26 4.863759803244807344e-24 1.389978195534143525e-21 4.076436920015754887e-19 1.204180544740853893e-16 8.012821136982144629e-14 3.027605920506791614e-10 2.084885941623115281e-04
2.465030303030302683e+00 3.381618184483551351e-34 2.608702219387281652e-30 2.977519359971128590e-27 1.309016131527772718e-24 3.804980584324870444e-22 1.148299123961230166e-19 3.539417364756856936e-17 2.532304469863176230e-14 1.105731716978274663e-10 1.586696348402690123e-04
2.505424242424242109e+00 9.327801418936170581e-35 7.068284147481450237e-31 8.037782227512783349e-28 3.554756454754206125e-25 1.048638757846191400e-22 3.247704837876563774e-20 1.041119606915538123e-17 7.971760559540496300e-15 3.991837872395943573e-11 1.171885232061357820e-04
2.545818181818181536e+00 2.609374968865292778e-35 1.939407201037097174e-31 2.193666984580865643e-28 9.741871260940206437e-26 2.910459060030276460e-23 9.226671041158769339e-21 3.066710478981737470e-18 2.501908557666782872e-15 1.426185188824198196e-11 8.393594143166415399e-05
2.586212121212120962e+00 7.401393764637654780e-36 5.388336457958184649e-32 6.053007761802083167e-29 2.694668011891635245e-26 8.137215527254211978e-24 2.634146623690089001e-21 9.051045735176640525e-19 7.834486673916720266e-16 5.048174778734020327e-12 5.829022574805035900e-05
2.626606060606060389e+00 2.128263242919546732e-36 1.515760948899672480e-32 1.688660593897361558e-29 7.524009634868965977e-27 2.292294491815308196e-24 7.560005104476872114e-22 2.677976686693312438e-19 2.449562278208763020e-16 1.772122762990388559e-12 3.925735985758122042e-05
2.666999999999999815e+00 6.202761855958075609e-37 4.316698764846001867e-33 4.763002957460566697e-30 2.120873496336556611e-27 6.507782828992286750e-25 2.181901566402424873e-22 7.947022799000455646e-20 7.652400369786854906e-17 6.175488201798781734e-13 2.565405773254539364e-05
2.707393939393939242e+00 1.834432410850807784e-37 1.246204488834557698e-33 1.360217755394555989e-30 6.044580499695166541e-28 1.864952673287787792e-25 6.343395996214405768e-23 2.369575023544961188e-20 2.393056348013418332e-17 2.140478468382739944e-13 1.628235422641391528e-05
2.747787878787878668e+00 5.496371159570890139e-38 3.641320868637934460e-34 3.927073005788198103e-31 1.739346223951026089e-28 5.387751574928069717e-26 1.855591057622657186e-23 7.092360771682148820e-21 7.486311174197385990e-18 7.378049804669091080e-14 1.004518120980401119e-05
2.788181818181818095e+00 1.668084345702905961e-38 1.076723453928128412e-34 1.146146788118451490e-31 5.053448260736582692e-29 1.569296985495917754e-26 5.462809289821915299e-24 2.131666036504727688e-21 2.344065575855647845e-18 2.531062757781218154e-14 6.030317883379665855e-06
2.828575757575757521e+00 5.126688822756601476e-39 3.221556578893449626e-35 3.381388885521134008e-32 1.482442548583940281e-29 4.608970947515642089e-27 1.618864856377236829e-24 6.435676124556692892e-22 7.349661725453675486e-19 8.647920934255092200e-15 3.526619852739662471e-06
2.868969696969696503e+00 1.595298741903839468e-39 9.751741340986719165e-36 1.008328729362711813e-32 4.390926217833273784e-30 1.365019613743222905e-27 4.829946576366786690e-25 1.952273787416576673e-22 2.308618986678421013e-19 2.944852263972311164e-15 2.011521611224815113e-06
2.909363636363635930e+00 5.025071864235790050e-40 2.986000605196745017e-36 3.038966961767688368e-33 1.313157517784997213e-30 4.076964521133107127e-28 1.451033587544501979e-25 5.952109381917136228e-23 7.267752333258083865e-20 1.000077785453551314e-15 1.120357479762329780e-06
2.949757575757575356e+00 1.601942584455374958e-40 9.247487730283763675e-37 9.256097213583283808e-34 3.965052467244774169e-31 1.228055559111852075e-28 4.390084984833820875e-26 1.824252970810986344e-23 2.293885192166455614e-20 3.389058591843529527e-16 6.100582015933065410e-07
2.990151515151514783e+00 5.167322616071245903e-41 2.896124908607894252e-37 2.848827875846477442e-34 1.208750973343116725e-31 3.730745358687967562e-29 1.337756583786250074e-26 5.621764933471749283e-24 7.261291540791548715e-21 1.146669307453535827e-16 3.251459316560486499e-07
3.030545454545454209e+00 1.686196508002241363e-41 9.170708306338844062e-38 8.859241729671293764e-35 3.720152094128380929e-32 1.143081794975562176e-29 4.106109608266049802e-27 1.742261069115834357e-24 2.306007911425314050e-21 3.875548621339215101e-17 1.698150070420046165e-07
3.070939393939393636e+00 5.565259112068249656e-42 2.935702897005634855e-38 2.783378790634447275e-35 1.155837953222420406e-32 3.532363546996910506e-30 1.269599244306401373e-27 5.430964273457548141e-25 7.349107147097384635e-22 1.309092888354779532e-17 8.700586347875347506e-08
3.111333333333333062e+00 1.857413174447407304e-42 9.498956084228335021e-39 8.833745851232235151e-36 3.625089175282022906e-33 1.100923940577165856e-30 3.954688652692088872e-28 1.703042714721927454e-25 2.350965656450222345e-22 4.421215203460580712e-18 4.377876684530181968e-08
3.151727272727272489e+00 6.274277354433920552e-43 3.109754907787342646e-39 2.835197467495911526e-36 1.149017818747623921e-33 3.464842104042225248e-31 1.242588112764061589e-28 5.379562429112478041e-26 7.559873958490747336e-23 1.495195410434963074e-18 2.166561497163825645e-08
3.192121212121211915e+00 2.142301749832959434e-43 1.028686887593045123e-39 9.189865458187567587e-37 3.675799657826244307e-34 1.099742647337567388e-31 3.933554494831087481e-29 1.709831658159288698e-26 2.441268277686749255e-23 5.059864292593710323e-19 1.055176385888133148e-08
3.232515151515151341e+00 7.392197765711298739e-44 3.437773315095428688e-40 3.007942451030652386e-37 1.186749342585050371e-34 3.520185954115832027e-32 1.254574216538633390e-29 5.468703468028903820e-27 7.918281678769321939e-24 1.714021989198136181e-19 5.062199609992096158e-09
3.272909090909090768e+00 2.577257568802194437e-44 1.160482260163432166e-40 9.940552378343232274e-38 3.866440319528415851e-35 1.136290302696003359e-32 4.031496986345578107e-30 1.760246724857106650e-27 2.580087747773076504e-24 5.813948247713190043e-20 2.394467623191926668e-09
3.313303030303030194e+00 9.077155661566705029e-45 3.956374542750512561e-41 3.316480260796324336e-38 1.271071591323430146e-35 3.698635285295615301e-33 1.305258569141199085e-30 5.702283161557318852e-28 8.446797695153084966e-25 1.975300627291976937e-20 1.117664606076891535e-09
3.353696969696969621e+00 3.228992193240923993e-45 1.362023321866602785e-41 1.116901427028637681e-38 4.215943434682369052e-36 1.213944974603735470e-33 4.257794080845885822e-31 1.859228760645502452e-28 2.778834834616195513e-25 6.723920470410813229e-21 5.152364352192898322e-10
3.394090909090908603e+00 1.159920369149983952e-45 4.734028959912931866e-42 3.796355995904708239e-39 1.410730010119777290e-36 4.017318197548603009e-34 1.399345168199668353e-31 6.101599412777148989e-29 9.187530485042740288e-26 2.293770677778948288e-21 2.347668545857513172e-10
3.434484848484848030e+00 4.206813365702348601e-46 1.660993331735633536e-42 1.302199224860363019e-39 4.761837036028018016e-37 1.340372716417435627e-34 4.633489952660715804e-32 2.015556595906737893e-29 3.053139089007058182e-26 7.843637174444783403e-22 1.058103637903422827e-10
3.474878787878787456e+00 1.540151195760853144e-46 5.882031797964882188e-43 4.507023989851982305e-40 1.621223037459315017e-37 4.508557093262780558e-35 1.545692150449250271e-32 6.701875601858517980e-30 1.019874693271243307e-26 2.689174019607689840e-22 4.720532368288201053e-11
3.515272727272726883e+00 5.690899467229098841e-47 2.102043977363500948e-43 1.573793074571650824e-40 5.566777845447451734e-38 1.528766312896138850e-35 5.194632442818172475e-33 2.243126240140574609e-30 3.424797880016204604e-27 9.245713370121125040e-23 2.086027023500487195e-11
3.555666666666666309e+00 2.121922797689234462e-47 7.579564413948628952e-44 5.543627858864558891e-41 1.927580233772651470e-38 5.225208276822909437e-36 1.758680682995485026e-33 7.557351190954968980e-31 1.156223045148607473e-27 3.188314088453517225e-23 9.136823266926181765e-12
3.596060606060605735e+00 7.989474495203846779e-48 2.759807948492911889e-44 1.971524376662048643e-41 6.736998709233317494e-39 1.801965622024020223e-36 6.004329804644428356e-34 2.565737102650192122e-31 3.928809562009867807e-28 1.104091751555472430e-23 3.971573758523960456e-12
3.636454545454545162e+00 3.034465984906655710e-48 1.013592031924360564e-44 7.070984526208547471e-42 2.373941823340228922e-39 6.262892885593118548e-37 2.064901470479368562e-34 8.768130707297621427e-32 1.342291053898627630e-28 3.836098840594514610e-24 1.713206615200564755e-12
3.676848484848484588e+00 1.162383571853417920e-48 3.754331361791187816e-45 2.557238101709027537e-42 8.432892179896389857e-40 2.193578328816672240e-37 7.152681736419008406e-35 3.016116388398968783e-32 4.611229818564123448e-29 1.337441818614287264e-24 7.337970003128190164e-13
3.717242424242424015e+00 4.490025112337944321e-49 1.402242926606313652e-45 9.324384199932496394e-43 3.019526905174216882e-40 7.741841012147778077e-38 2.495452059553148768e-35 1.044304007359561210e-32 1.592889520917768983e-29 4.679667345458239328e-25 3.122398948901764159e-13
3.757636363636363441e+00 1.748680446875583022e-49 5.280464460179269397e-46 3.427451917716373889e-43 1.089707628267800044e-40 2.753029299899876643e-38 8.768290624229075079e-36 3.639426453884983343e-33 5.533049475726518849e-30 1.643461141373537401e-25 1.320573876415480776e-13
3.798030303030302868e+00 6.865403144271875049e-50 2.004550484172167572e-46 1.269900489535777001e-43 3.963168882982038402e-41 9.863131996044682712e-39 3.102697252870681614e-36 1.276596131608051948e-33 1.932687498276612847e-30 5.793658803208187508e-26 5.553968090428301605e-14
3.838424242424242294e+00 2.716741595297862545e-50 7.670020617210169801e-47 4.741987885635580391e-44 1.452410662205521946e-41 3.559735460344689634e-39 1.105592078770867847e-36 4.506862404278721536e-34 6.788632363474783888e-31 2.050385911021749605e-26 2.323830332156192561e-14
3.878818181818181277e+00 1.083406303678910846e-50 2.957673565808043022e-47 1.784388484176966523e-44 5.362945129177508269e-42 1.294137747472276522e-39 3.966914244054548174e-37 1.601324196612008071e-34 2.397890341110896675e-31 7.285235055785212586e-27 9.677201310179017891e-15
3.919212121212120703e+00 4.353418354182638189e-51 1.149260603012033682e-47 6.765546815782413056e-45 1.994974201841370005e-42 4.738751051225834734e-40 1.433123288318851507e-37 5.725994635561137189e-35 8.517323626135054105e-32 2.599016063964973424e-27 4.012489304264513398e-15
3.959606060606060129e+00 1.762389830703623252e-51 4.499276181217931629e-48 2.584328697605038778e-45 7.475570060843317025e-43 1.747544939035879875e-40 5.212629608628754965e-38 2.060489857907515041e-35 3.042299849166654681e-32 9.310228515974475791e-28 1.657151096566830124e-15
4.000000000000000000e+00 7.186936423574982192e-52 1.774454292103692764e-48 9.944234333833160845e-46 2.821485097466956777e-43 6.489842635798230900e-41 1.908718251529824963e-38 7.461357608992505353e-36 1.092753308226075111e-32 3.349059497065194509e-28 6.819478478461567610e-16
